TIME COUNTS ERROR
0.00000           2.55000          0.357071
      20.0000           2.35000          0.342783
      40.0000           2.95000          0.384057
      60.0000           3.50000          0.418330
      80.0000           3.40000          0.412311
      100.000           3.75000          0.433013
      120.000           3.90000          0.441588
      140.000           7.00000          0.591608
      160.000           4.85000          0.492443
      180.000           3.10000          0.393700
      200.000           2.95000          0.384057
      220.000           2.85000          0.377492
      240.000           3.50000          0.418330
      260.000           3.05000          0.390512
      280.000           3.20000          0.400000
      300.000           2.65000          0.364006
      320.000           2.10000          0.324037
      340.000           2.60000          0.360555
      360.000           2.65000          0.364006
      380.000           2.45000          0.350000
      400.000           1.95000          0.312250
      420.000           2.50000          0.353553
      440.000           1.40000          0.264575
      460.000           2.50000          0.353553
      480.000           2.30000          0.339117
      500.000           2.40000          0.346410
      520.000           2.10000          0.324037
      540.000           1.60000          0.282843
      560.000           1.50000          0.273861
      580.000           1.90000          0.308221
      600.000           2.00000          0.316228
      620.000           2.45000          0.350000
      640.000           1.80000          0.300000
      660.000           1.80000          0.300000
      680.000           1.55000          0.278388
      700.000           2.00000          0.316228
      720.000           2.00000          0.316228
      740.000           1.80000          0.300000
      760.000           1.80000          0.300000
      780.000           1.30000          0.254951
      800.000           1.40000          0.264575
      820.000           1.40000          0.264575
      840.000           1.40000          0.264575
      860.000           1.35000          0.259808
      880.000           1.75000          0.295804
      900.000           1.40000          0.264575
      920.000           1.85000          0.304138
      940.000           1.85000          0.304138
      960.000           2.00000          0.316228
      980.000           1.45000          0.269258
      1000.00           1.50000          0.273861
      1020.00           1.40000          0.264575
      1040.00           1.45000          0.269258
      1060.00           1.75000          0.295804
      1080.00           1.40000          0.264575
      1100.00           1.60000          0.282843
      1120.00           1.25000          0.250000
      1140.00           1.30000          0.254951
      1160.00           1.00000          0.223607
      1180.00           1.60000          0.282843
      1200.00           1.25000          0.250000
      1220.00           1.15000          0.239792
      1240.00           1.75000          0.295804
      1260.00           1.30000          0.254951
      1280.00           1.55000          0.278388
      1300.00           1.30000          0.254951
      1320.00           1.80000          0.300000
      1340.00           1.05000          0.229129
      1360.00           1.30000          0.254951
      1380.00           1.50000          0.273861
      1400.00           1.80000          0.300000
      1420.00           1.40000          0.264575
      1440.00           1.90000          0.308221
      1460.00          0.900000          0.212132
