1582.0750243324112 9.916505245807002e-15
1583.6183800264373 9.530676656134985e-15
1585.1617445848847 -9.524126550353867e-15
1586.705118007906 -8.82073683842674e-15
1588.2485002956541 -1.6056051616291506e-15
1589.791891448282 -2.876976839744148e-15
1591.3352914659422 1.1693239861901728e-14
1592.878700348787 -9.461282846656466e-16
1594.4221180969696 1.0050202620267516e-15
1595.9655447106431 -5.393006682641874e-15
1597.5089801899599 -2.5419477275947274e-16
1599.0524245350725 9.065936571272626e-16
1600.5958777461342 8.621021927815464e-16
1602.1393398232976 2.9067345894888495e-15
1603.6828107667154 3.935814398865886e-15
1605.2262905765406 5.8858281331672e-16
1606.7697792529261 1.7785559486895594e-15
1608.313276796024 1.0340707392604955e-15
1609.8567832059878 2.0479784944863128e-15
1611.4002984829701 -2.9825753255475985e-16
1612.9438226271234 -1.2125828270152209e-15
1614.4873556386012 3.4480069598718317e-16
1616.0308975175558 -8.301506277034565e-16
1617.5744482641405 1.0912600745185009e-15
1619.1180078785076 -2.0909050654619767e-16
1620.6615763608104 -9.986948317348933e-16
1622.2051537112009 7.333117860635957e-16
1623.748739929833 1.0184423064042738e-16
1625.292335016859 3.5007906120733715e-16
1626.8359389724321 1.4604463726011025e-15
1628.3795517967046 5.654427996400186e-17
1629.92317348983 4.213067499562209e-16
1631.4668040519607 1.0176489938747211e-15
1633.0104434832497 -5.323681813704328e-17
1634.55409178385 1.3431434267138147e-15
1636.0977489539143 -2.8183298137234773e-16
1637.6414149935958 1.536955364715676e-15
1639.185089903047 2.7404435989762275e-15
1640.7287736824212 2.582640725628041e-15
1642.2724663318706 4.754907117322056e-15
1643.8161678515492 5.144879815688515e-15
1645.3598782416093 2.255808827765233e-15
1646.9035975022032 1.3683675384874557e-15
1648.4473256334845 1.0021152566550245e-15
1649.9910626356063 5.284432093638687e-16
1651.5348085087214 4.3213940137909696e-16
1653.0785632529823 1.095586507054839e-15
1654.6223268685428 1.02591624719816e-15
1656.1660993555547 7.34446969031594e-16
1657.709880714172 1.7445838923949128e-15
1659.2536709445467 2.6327395480845806e-15
1660.7974700468326 2.1244359234702222e-15
1662.341278021182 1.4865535162222562e-15
1663.8850948677486 1.578229692048602e-15
1665.4289205866846 5.925389336364304e-16
1666.9727551781434 1.0146850138340415e-15
1668.5165986422776 9.637980272200817e-16
1670.0604509792406 1.9150657901723122e-16
1671.6043121891853 5.53200447164895e-16
1673.1481822722644 1.1488589502065038e-15
1674.6920612286317 9.70668205576143e-16
1676.235949058439 5.921905913368721e-16
1677.7798457618403 8.443834811348481e-16
1679.323751338988 7.28490686286061e-16
1680.8676657900355 4.1595366054825134e-16
1682.4115891151357 3.897385202263228e-16
1683.955521314441 1.1708891124942856e-15
1685.4994623881057 5.314711933316252e-16
1687.0434123362818 1.7261415499134633e-15
1688.5873711591225 9.730163926641687e-16
1690.1313388567814 8.937209797904837e-16
1691.6753154294108 7.799971716218189e-16
1693.2193008771644 5.326230522607726e-16
1694.7632952001945 4.2803984132372495e-16
1696.307298398655 6.15999522813888e-16
1697.851310472698 7.47493023424764e-16
1699.3953314224777 4.823968042852304e-16
1700.9393612481463 6.530576377727373e-16
1702.483399949857 6.633371766810562e-16
1704.0274475277631 1.2064554965539017e-15
1705.571503982018 1.3608944844311862e-15
1707.115569312774 3.9284869285974256e-16
1708.6596435201843 1.1836528402182239e-15
1710.203726604403 1.1759943918256241e-15
1711.747818565582 8.431566068503094e-16
1713.2919194038748 9.756922756236634e-16
1714.836029119435 6.612372761256944e-16
1716.380147712415 9.643367401745355e-16
1717.9242751829684 1.168214817721567e-15
1719.4684115312477 8.578206529914127e-16
1721.0125567574069 1.0943261220293246e-15
1722.5567108615983 1.5509868890034172e-15
1724.100873843976 9.643197995155904e-16
1725.645045704692 6.481203356627511e-16
1727.1892264439002 1.0882045090403994e-15
1728.7334160617536 1.4956689671632517e-15
1730.277614558405 9.902108438560758e-16
1731.8218219340083 1.0160158084732964e-15
1733.3660381887162 1.0924001808655052e-15
1734.9102633226819 4.4117155192368598e-16
1736.454497336058 6.846009859098098e-16
1737.9987402289987 1.1043694975640373e-15
1739.5429920016566 1.5301050916338753e-15
1741.0872526541848 1.4246741595353037e-15
1742.631522186737 1.104979784802534e-15
1744.175800599466 1.3967631533738536e-15
1745.720087892525 1.2117761340120796e-15
1747.2643840660674 1.3306967010703863e-15
1748.8086891202458 1.2383895915774545e-15
1750.3530030552142 1.3796583817952371e-15
1751.8973258711253 1.2164458266502925e-15
1753.4416575681325 1.2552602644252736e-15
1754.9859981463894 1.536486320221134e-15
1756.5303476060485 1.7972342957259376e-15
1758.0747059472635 1.2321969337000783e-15
1759.6190731701877 1.3522180083151052e-15
1761.163449274974 1.704295829049946e-15
1762.707834261776 1.5934822143298102e-15
1764.252228130746 1.2789880924975899e-15
1765.796630882039 1.403098748061079e-15
1767.3410425158065 1.6490033181981983e-15
1768.8854630322028 1.63285230571819e-15
1770.4298924313812 1.3315085821503296e-15
1771.974330713494 1.1659085587644303e-15
1773.5187778786958 1.8928674918445004e-15
1775.063233927139 1.7791852941693694e-15
1776.6076988589768 2.151691961405208e-15
1778.1521726743629 1.6070034012668306e-15
1779.6966553734508 1.9840135309249834e-15
1781.241146956393 1.933571236608332e-15
1782.7856474233438 2.3582621214168504e-15
1784.3301567744556 2.2924711665794776e-15
1785.874675009882 2.1479448994047917e-15
1787.4192021297767 1.5854412246824067e-15
1788.9637381342927 1.243663006948823e-15
1790.5082830235833 2.4301263024860366e-15
1792.0528367978015 2.0801185243951668e-15
1793.5973994571016 2.2560057629254695e-15
1795.141971001636 2.051627724181321e-15
1796.6865514315587 2.0222646917900404e-15
1798.2311407470222 2.154955367592742e-15
1799.775738948181 2.2181474135897017e-15
1801.3203460351872 2.024885411728845e-15
1802.864962008195 2.2006028201532234e-15
1804.409586867358 2.268185461432276e-15
1805.9542206128287 2.317968128841253e-15
1807.498863244761 2.758869318436087e-15
1809.0435147633082 3.3323722453741612e-15
1810.5881751686238 3.778332339246472e-15
1812.1328444608607 3.109576533983152e-15
1813.677522640173 3.0810855220110697e-15
1815.2222097067136 3.1829617744673702e-15
1816.7669056606358 3.3591323455185295e-15
1818.3116105020936 4.2731139298908625e-15
1819.8563242312398 4.624809632887373e-15
1821.401046848228 3.622053066412159e-15
1822.9457783532116 2.9765317984084983e-15
1824.4905187463444 3.2061031381028313e-15
1826.0352680277792 2.9171107430927146e-15
1827.5800261976697 3.015522842552982e-15
1829.1247932561696 2.6021919401165647e-15
1830.6695692034318 2.7082101836849387e-15
1832.2143540396103 2.6374003468768474e-15
1833.7591477648582 2.9645464939630868e-15
1835.303950379329 2.6237184354380855e-15
1836.8487618831766 3.0106252980519575e-15
1838.3935822765538 2.8739866016821037e-15
1839.9384115596142 2.5207603101499044e-15
1841.4832497325115 2.2876379965824445e-15
1843.0280967953993 2.0770759820486293e-15
1844.5729527484305 2.3794108400438958e-15
1846.117817591759 1.952665688580049e-15
1847.6626913255382 2.238939531345953e-15
1849.2075739499217 2.1702779818503354e-15
1850.7524654650629 2.0648753194763784e-15
1852.297365871115 2.5289371427062238e-15
1853.8422751682324 2.272997032089154e-15
1855.3871933565676 3.1738269476477062e-15
1856.9321204362748 3.1102772419887683e-15
1858.477056407507 2.8603984991422502e-15
1860.022001270418 2.3743521475246563e-15
1861.5669550251612 2.5605263894411256e-15
1863.1119176718905 2.9734047645254722e-15
1864.656889210759 2.911724037064651e-15
1866.2018696419204 2.8707754997790626e-15
1867.7468589655282 3.046649609298683e-15
1869.291857181736 3.2091823146243375e-15
1870.8368642906976 3.5569907716676615e-15
1872.3818802925662 3.339719620916882e-15
1873.9269051874953 3.577109074714372e-15
1875.471938975639 3.659476252571275e-15
1877.0169816571504 3.007951850312186e-15
1878.5620332321826 3.391796477063497e-15
1880.1070937008903 3.2793928756222465e-15
1881.6521630634265 3.297030219166449e-15
1883.197241319945 3.2238796068086205e-15
1884.7423284705987 3.7714252090780866e-15
1886.2874245155422 3.3886599140598144e-15
1887.8325294549281 3.885893665086506e-15
1889.3776432889108 4.090987870187558e-15
1890.922766017644 4.816973880048588e-15
1892.4678976412804 4.121231605085747e-15
1894.0130381599747 4.685505896305248e-15
1895.5581875738796 4.181589902357667e-15
1897.1033458831494 4.2835608107458234e-15
1898.648513087937 3.5009675890197885e-15
1900.193689188397 3.3821559715743223e-15
1901.7388741846821 3.589013275755084e-15
1903.2840680769468 4.297742683381702e-15
1904.8292708653441 4.292988710965237e-15
1906.3744825500278 4.13067814003e-15
1907.919703131152 3.911957292389995e-15
1909.4649326088697 4.282529971649015e-15
1911.010170983335 4.067235795797127e-15
1912.5554182547016 3.760002546267889e-15
1914.1006744231227 4.382699240958361e-15
1915.6459394887527 4.5775824638802625e-15
1917.1912134517443 4.934264226320786e-15
1918.7364963122525 5.2729744907194145e-15
1920.28178807043 4.474439261893106e-15
1921.8270887264305 4.7918055665703476e-15
1923.3723982804083 5.404432310067387e-15
1924.9177167325165 4.882239039183953e-15
1926.463044082909 4.672859270886268e-15
1928.00838033174 4.20078366894245e-15
1929.553725479163 4.4129908332180695e-15
1931.0990795253315 3.442153009294239e-15
1932.6444424703984 3.4816867897996756e-15
1934.1898143145195 3.5330152923373917e-15
1935.7351950578468 3.348068189403257e-15
1937.2805847005345 3.3636747714564175e-15
1938.8259832427366 3.891682288248042e-15
1940.3713906846067 4.5374026089943075e-15
1941.9168070262988 5.0673055737636506e-15
1943.4622322679663 5.597430461165174e-15
1945.0076664097628 5.907786297654465e-15
1946.5531094518426 5.980360927608161e-15
1948.0985613943594 6.059562319824701e-15
1949.6440222374665 5.9131950265391576e-15
1951.1894919813183 5.89376832589388e-15
1952.7349706260682 6.125749050806678e-15
1954.2804581718701 5.453685158367857e-15
1955.8259546188774 5.65553819189624e-15
1957.3714599672448 5.618366998038932e-15
1958.9169742171252 6.2459553079997985e-15
1960.4624973686732 6.2021065299028115e-15
1962.0080294220415 5.455937418974606e-15
1963.5535703773853 5.462009798173472e-15
1965.0991202348573 5.19899886827096e-15
1966.6446789946121 5.813362452826345e-15
1968.190246656803 6.663660288575837e-15
1969.735823221584 6.14257366623799e-15
1971.2814086891094 6.40931492924021e-15
1972.8270030595322 6.348424695277414e-15
1974.3726063330066 6.550532685722921e-15
1975.9182185096868 5.511027171314605e-15
1977.4638395897264 6.053539915569723e-15
1979.0094695732791 5.707120380801659e-15
1980.555108460499 5.120924453390742e-15
1982.1007562515397 5.7223627386875e-15
1983.6464129465555 6.464331836746745e-15
1985.1920785457 5.356453822836062e-15
1986.7377530491272 5.367798135098639e-15
1988.283436456991 5.447012656325861e-15
1989.8291287694449 5.241684246614893e-15
1991.3748299866434 5.352232210626947e-15
1992.9205401087397 5.7506845558283684e-15
1994.4662591358885 6.2090310242466154e-15
1996.0119870682433 6.185802416217587e-15
1997.557723905958 6.3738759177600374e-15
1999.1034696491865 6.137221688560764e-15
2000.6492242980828 6.235266175721923e-15
2002.1949878528008 5.954636113483574e-15
2003.7407603134945 5.782616850906908e-15
2005.2865416803177 6.168827875954611e-15
2006.8323319534247 6.1757561819466775e-15
2008.378131132969 6.800988046248282e-15
2009.9239392191048 6.768162131410389e-15
2011.4697562119861 7.154014861521403e-15
2013.0155821117664 7.171171513868039e-15
2014.5614169186003 7.171749190338066e-15
2016.1072606326413 6.9586162190510975e-15
2017.6531132540438 7.194732582328865e-15
2019.1989747829614 7.86847021187146e-15
2020.7448452195483 7.211779967425305e-15
2022.2907245639583 7.547596343759639e-15
2023.8366128163457 7.46145817522156e-15
2025.3825099768637 7.257157216475612e-15
2026.9284160456673 6.8329855628637606e-15
2028.4743310229103 7.153774304164383e-15
2030.0202549087464 7.934360057805425e-15
2031.56618770333 8.117207366063316e-15
2033.1121294068143 8.08240193522769e-15
2034.6580800193542 8.282942067687829e-15
2036.2040395411032 8.33414859748114e-15
2037.7500079722151 8.700210826296031e-15
2039.295985312845 9.005322258292398e-15
2040.8419715631462 8.436365145424e-15
2042.3879667232727 8.580049038332642e-15
2043.9339707933786 9.333135867341073e-15
2045.4799837736182 9.345208627938289e-15
2047.0260056641457 1.010362922341558e-14
2048.5720364651147 1.0600165866326682e-14
2050.118076176679 1.0420048545257792e-14
2051.6641247989933 1.03718591468226e-14
2053.210182332212 1.028876944986169e-14
2054.756248776488 1.0518434810213168e-14
2056.302324131976 1.0508666826265431e-14
2057.8484083988305 9.932093193135323e-15
2059.394501577205 9.97805997711692e-15
2060.940603667254 1.0059831690811902e-14
2062.4867146691313 1.0218518231282312e-14
2064.032834582991 1.0131979416160182e-14
2065.5789634089874 1.0256993008845444e-14
2067.125101147275 1.0794769144859516e-14
2068.6712477980072 1.1038208954999244e-14
2070.2174033613387 1.175458029387599e-14
2071.763567837423 1.1163505456688889e-14
2073.3097412264146 1.2441679021128575e-14
2074.855923528468 1.2713583373460784e-14
2076.402114743736 1.331151155422412e-14
2077.948314872374 1.3887477017698099e-14
2079.494523914536 1.4051375351892964e-14
2081.040741870376 1.3630897185447615e-14
2082.5869687400486 1.2489902300881657e-14
2084.1332045237073 1.2257824590696399e-14
2085.6794492215063 1.3179565843898528e-14
2087.2257028336 1.2785437178376366e-14
2088.7719653601425 1.4113972780760951e-14
2090.318236801288 1.386863053462169e-14
2091.8645171571907 1.3943939386929123e-14
2093.4108064280053 1.4726558866676523e-14
2094.957104613885 1.5548121533206886e-14
2096.5034117149844 1.5443487553232563e-14
2098.049727731458 1.6122045647277983e-14
2099.5960526634603 1.6829585820646656e-14
2101.142386511144 1.6856165714531496e-14
2102.688729274665 1.7596774054160977e-14
2104.2350809541767 1.7589579356307e-14
2105.7814415498337 1.8574353413312004e-14
2107.32781106179 2.1142667423670186e-14
2108.8741894901996 2.0337499926866877e-14
2110.420576835217 1.7349968982121808e-14
2111.9669730969968 1.701348683789093e-14
2113.5133782756925 1.9282132449971803e-14
2115.059792371459 2.0158645531922342e-14
2116.6062153844505 2.060416114525558e-14
2118.1526473148206 2.420014465513362e-14
2119.699088162724 2.4678748763518402e-14
2121.2455379283156 2.5417779927800095e-14
2122.791996611749 2.3751290037922305e-14
2124.338464213178 2.004448751348909e-14
2125.884940732758 1.6540742503435256e-14
2127.431426170642 1.841592098272577e-14
2128.9779205269856 2.0670621044363048e-14
2130.5244238019427 2.07039534849034e-14
2132.070935995667 1.928855634784378e-14
2133.6174571083134 1.8484051230805223e-14
2135.1639871400357 1.7947940361565454e-14
2136.710526090989 1.7623209952444784e-14
2138.257073961327 2.0404361319591342e-14
2139.8036307512043 2.0669521595597512e-14
2141.3501964607754 2.210398375023393e-14
2142.896771090194 2.610211478654579e-14
2144.443354639615 2.6812983799397172e-14
2145.9899471091926 2.5240472215017247e-14
2147.5365484990807 2.3448960262124723e-14
2149.0831588094347 2.3101514123424587e-14
2150.6297780404075 2.496795969302891e-14
2152.176406192155 2.361076049570924e-14
2153.7230432648303 2.3648743147130016e-14
2155.269689258588 2.4958899828625078e-14
2156.8163441735837 2.2963510433460232e-14
2158.3630080099706 2.0319925687277245e-14
2159.909680767903 1.8475431823533964e-14
2161.456362447536 2.0376189003765664e-14
2163.003053049023 2.246289871503989e-14
2164.5497525725195 2.221919717171946e-14
2166.096461018179 2.1492078678807952e-14
2167.643178386157 1.8007408850726284e-14
2169.189904676607 1.8007075119745065e-14
2170.7366398896834 1.8192936171229288e-14
2172.2833840255407 2.0105577223710966e-14
2173.8301370843337 2.045306740812436e-14
2175.376899066217 1.9029965659376515e-14
2176.9236699713438 1.7736485362546996e-14
2178.47044979987 1.943070711111789e-14
2180.0172385519495 2.2154260237851157e-14
2181.564036227737 2.7490232380506137e-14
2183.110842827385 3.075718933015503e-14
2184.6576583510505 2.9631560470285215e-14
2186.204482798887 2.681133716734771e-14
2187.7513161710494 2.5268922357649624e-14
2189.2981584676913 2.3707478105758524e-14
2190.845009688968 2.525611521948714e-14
2192.391869835033 2.6561079589015532e-14
2193.9387389060416 2.8559376001255354e-14
2195.485616902148 3.0147054557588815e-14
2197.032503823507 2.7438871690716425e-14
2198.579399670273 2.846123198772289e-14
2200.1263044425996 3.083627510237427e-14
2201.673218140643 2.9278784800280955e-14
2203.220140764556 2.922091212119275e-14
2204.7670723144943 3.20445777660279e-14
2206.3140127906117 3.122145825294048e-14
2207.860962193063 2.7576468804866097e-14
2209.407920522003 2.452384846032222e-14
2210.9548877775856 2.237226280155189e-14
2212.5018639599657 1.8590108226130934e-14
2214.0488490692983 2.138848993749054e-14
2215.5958431057375 2.3336550519694604e-14
2217.1428460694374 2.249999198186605e-14
2218.689857960553 2.0945530669592115e-14
2220.236878779239 2.445596046366568e-14
2221.7839085256496 2.6888403613020695e-14
2223.330947199939 2.7249666553156443e-14
2224.8779948022634 2.6923352192424407e-14
2226.4250513327756 2.6039917157228906e-14
2227.972116791631 2.527876488049672e-14
2229.5191911789843 2.623098237914106e-14
2231.0662744949896 2.7298010111588035e-14
2232.613366739802 2.9646210752140925e-14
2234.1604679135758 3.3271084861783914e-14
2235.7075780164655 3.772621727819378e-14
2237.2546970486255 3.596884752933918e-14
2238.8018250102114 3.4378394093070516e-14
2240.3489619013767 3.219418072517195e-14
2241.896107722277 3.2740245925607855e-14
2243.4432624730657 2.9051634280749875e-14
2244.9904261538986 2.7569280883275697e-14
2246.53759876493 2.8175741226916726e-14
2248.084780306314 3.092597927962029e-14
2249.631970778206 3.055832632293046e-14
2251.1791701807597 2.7913653986443195e-14
2252.7263785141304 2.81176906709096e-14
2254.2735957784735 2.746140615524518e-14
2255.8208219739417 2.6253206829611117e-14
2257.368057100692 2.6086883440088263e-14
2258.915301158877 2.6789332945443937e-14
2260.4625541486525 2.7492719269239276e-14
2262.009816070173 2.598250187593222e-14
2263.557086923593 2.513790330136833e-14
2265.1043667090676 2.432961702925323e-14
2266.6516554267514 2.048048586462698e-14
2268.1989530767987 1.997150715475366e-14
2269.7462596593637 2.0114257617354428e-14
2271.293575174602 1.9000797232804865e-14
2272.8408996226685 1.9145045249656378e-14
2274.3882330037177 2.0078904156201928e-14
2275.935575317904 2.059320731518169e-14
2277.482926565382 2.17837764970516e-14
2279.030286746306 2.3819230550621573e-14
2280.5776558608322 2.5699941849123553e-14
2282.125033909115 2.815112814353541e-14
2283.6724208913083 3.068484594019594e-14
2285.2198168075665 2.949323321373501e-14
2286.7672216580454 2.9927073324923295e-14
2288.3146354429 2.7545541937895948e-14
2289.862058162284 2.64065333455913e-14
2291.4094898163526 2.6769649593815642e-14
2292.9569304052607 2.5777709638076865e-14
2294.5043799291634 2.5979091721286575e-14
2296.051838388214 2.6487308101507366e-14
2297.5993057825694 2.577808402663955e-14
2299.146782112383 2.1601401833178276e-14
2300.6942673778094 2.1881119217415958e-14
2302.241761579004 2.3296939870949204e-14
2303.789264716122 2.5773591363887315e-14
2305.336776789318 2.6177619303464038e-14
2306.8842977987456 3.0201864365539746e-14
2308.431827744561 3.1939305123211345e-14
2309.9793666269184 2.9238615109790367e-14
2311.5269144459726 2.6575441879669176e-14
2313.0744712018786 2.327166610186903e-14
2314.622036894791 2.2857036697924472e-14
2316.1696115248656 2.571564245183386e-14
2317.7171950922557 2.846444054852709e-14
2319.2647875971174 2.809252023984899e-14
2320.812389039605 2.63145099921357e-14
2322.359999419873 2.5627330796753126e-14
2323.9076187380774 2.839212426362231e-14
2325.455246994372 3.172979660590568e-14
2327.0028841889116 2.7137993729390436e-14
2328.550530321852 2.3149461270436864e-14
2330.098185393347 2.475145807171071e-14
2331.6458494035523 2.5701942540944968e-14
2333.193522352622 2.241172606656447e-14
2334.741204240712 2.075978142645693e-14
2336.2888950679767 2.2242138212062897e-14
2337.836594834571 2.3282079524922575e-14
2339.3843035406494 1.941042067203115e-14
2340.9320211863674 1.8148499128750432e-14
2342.47974777188 1.9483477263731834e-14
2344.027483297341 1.914346807430859e-14
2345.5752277629067 1.7265414765195095e-14
2347.1229811687313 1.6715156751670283e-14
2348.6707435149697 1.7836499624826994e-14
2350.218514801777 1.933047770246929e-14
2351.7662950293084 2.285712987154867e-14
2353.3140841977183 2.485096580828825e-14
2354.861882307162 2.597226294166581e-14
2356.4096893577944 2.4872478751082616e-14
2357.9575053497706 2.6019322398149365e-14
2359.5053302832457 2.639408026720077e-14
2361.0531641583734 2.2812669112147292e-14
2362.60100697531 2.18185438114046e-14
2364.1488587342105 2.349688877441216e-14
2365.6967194352287 2.3319079618124537e-14
2367.2445890785207 2.257789360202503e-14
2368.792467664241 2.2393143857767604e-14
2370.3403551925453 2.3340628136302687e-14
2371.888251663587 2.4911496476764938e-14
2373.436157077523 2.7361742564605343e-14
2374.984071434507 2.4594023445936343e-14
2376.5319947346943 2.2492832859395857e-14
2378.07992697824 2.4089976161881937e-14
2379.6278681653 2.4637652418983517e-14
2381.1758182960275 2.1833106001833795e-14
2382.723777370579 2.0486228748009365e-14
2384.2717453891087 1.9936997338416626e-14
2385.819722351772 2.02336841807196e-14
2387.3677082587233 2.22318332092266e-14
2388.9157031101195 2.223477071948768e-14
2390.463706906113 2.1318984107904747e-14
2392.0117196468614 2.332551368039188e-14
2393.559741332518 2.46998195551143e-14
2395.107771963239 2.341600729234474e-14
2396.6558115391786 2.0129665146664984e-14
2398.2038600604915 1.9911755756588448e-14
2399.751917527334 1.8597579056725717e-14
2401.299983939861 1.9319611963821912e-14
2402.848059298227 2.107813537155067e-14
2404.396143602587 2.1134976364509117e-14
2405.9442368530963 2.0711026210012973e-14
2407.4923390499107 1.8223046498438283e-14
2409.0404501931844 1.8166083532735432e-14
2410.5885702830733 1.94237936282024e-14
2412.136699319731 1.9634652316025993e-14
2413.6848373033145 1.95295456916671e-14
2415.2329842339777 2.0572134829519896e-14
2416.7811401118765 2.3952965194531765e-14
2418.329304937165 2.6200872051932063e-14
2419.877478709999 2.866915147121951e-14
2421.425661430534 3.098304558334271e-14
2422.973853098925 3.371133531831702e-14
2424.522053715326 3.275715947949863e-14
2426.0702632798934 2.9064969967471446e-14
2427.618481792782 3.1074694548235623e-14
2429.166709254147 3.39788994738275e-14
2430.7149456641437 3.050933393726127e-14
2432.2631910229265 3.142469195017289e-14
2433.8114453306516 3.133202654574327e-14
2435.359708587473 2.995646198006123e-14
2436.9079807935477 2.871418651895913e-14
2438.456261949029 2.9724605345475205e-14
2440.004552054073 3.012737967628999e-14
2441.552851108835 2.9929631364424e-14
2443.10115911347 3.2306531175295763e-14
2444.649476068133 3.256992792870575e-14
2446.197801972979 3.023724662581245e-14
2447.7461368281647 2.809398899497953e-14
2449.2944806338432 2.5761173860880567e-14
2450.8428333901716 2.5115733061006895e-14
2452.3911950973034 2.424036686166694e-14
2453.939565755395 2.3166667897727387e-14
2455.4879453646013 2.2635298718926347e-14
2457.036333925078 2.3119561007398787e-14
2458.58473143698 2.3647272697933583e-14
2460.133137900462 2.4572769695223838e-14
2461.68155331568 2.368437612915511e-14
2463.2299776827886 2.1639254041525176e-14
2464.778411001944 2.093225427517685e-14
2466.3268532733 2.2879579632782698e-14
2467.8753044970135 2.375217434031924e-14
2469.423764673239 2.4254219238486335e-14
2470.9722338021315 2.6663055579601372e-14
2472.5207118838475 2.7111886479890164e-14
2474.069198918541 2.6328741839715467e-14
2475.617694906367 2.7891744632229515e-14
2477.1661998474824 2.883529528975755e-14
2478.7147137420416 2.846954646313314e-14
2480.263236590199 2.6304957154556566e-14
2481.811768392112 2.5192465775698662e-14
2483.3603091479345 2.6321516648675387e-14
2484.9088588578215 2.2933054516808757e-14
2486.4574175219295 2.3406784797615036e-14
2488.005985140413 2.5146903873465853e-14
2489.554561713427 2.2770432661265404e-14
2491.103147241128 2.100875490284107e-14
2492.6517417236714 2.1196166024618768e-14
2494.200345161211 2.3691472571187207e-14
2495.7489575539034 2.7358108793261622e-14
2497.2975789019033 3.0809725701675533e-14
2498.846209205367 3.179136234864391e-14
2500.394848464449 3.2999905569654556e-14
2501.9434966793046 3.2617582002318277e-14
2503.49215385009 2.909070621654082e-14
2505.040819976959 2.9891772379813525e-14
2506.589495060069 3.0467487121535117e-14
2508.1381790995742 2.6989271684511526e-14
2509.68687209563 2.657061887406751e-14
2511.2355740483927 3.0155816266395213e-14
2512.7842849580165 2.858165296776814e-14
2514.3330048246576 2.6410358546381102e-14
2515.881733648471 2.2679627341187954e-14
2517.430471429612 2.15772393713249e-14
2518.9792181682365 2.0266991210271534e-14
2520.5279738645 2.026738084542727e-14
2522.0767385185577 2.037556389345059e-14
2523.625512130565 2.1020562542125795e-14
2525.1742947006765 1.9618091127841276e-14
2526.7230862290494 1.971201691729641e-14
2528.2718867158374 2.0352175619711005e-14
2529.8206961611972 1.9963092729455637e-14
2531.3695145652837 2.0467101049994468e-14
2532.9183419282526 2.3541991584787557e-14
2534.467178250259 2.4282384778048435e-14
2536.0160235314593 2.401316382609313e-14
2537.5648777720075 2.4286425125206838e-14
2539.1137409720604 2.3803067467922066e-14
2540.6626131317726 2.522860697749211e-14
2542.2114942513 2.5360925382314492e-14
2543.760384330798 2.592134270900867e-14
2545.3092833704222 2.6317022291857256e-14
2546.858191370328 2.6353058461565243e-14
2548.4071083306712 2.5397501959042827e-14
2549.956034251607 2.5565582094898287e-14
2551.50496913329 2.6247408042054214e-14
2553.0539129758777 2.971746316366396e-14
2554.6028657795246 3.414892947952754e-14
2556.151827544386 3.529871233092126e-14
2557.7007982706173 3.446035300104684e-14
2559.249777958375 3.4767609120465656e-14
2560.798766607814 3.652112317534435e-14
2562.3477642190896 3.65253346231581e-14
2563.896770792357 3.4416700311077145e-14
2565.4457863277735 3.449931312848875e-14
2566.9948108254926 3.8963796788636304e-14
2568.5438442856716 4.3864217813549544e-14
2570.0928867084654 4.540271086070184e-14
2571.641938094029 4.896134021760597e-14
2573.190998442519 4.885955396240031e-14
2574.7400677540895 4.853316167463713e-14
2576.2891460288974 4.6511287253277536e-14
2577.8382332670976 3.970397483552858e-14
2579.387329468847 4.20886605732515e-14
2580.936434634299 4.7198817120300274e-14
2582.485548763611 5.310458493844143e-14
2584.034671856938 5.208055937466066e-14
2585.5838039144355 4.717873227505498e-14
2587.1329449362597 4.215009079071817e-14
2588.6820949225653 4.155432508506918e-14
2590.231253873508 4.731735768720262e-14
2591.7804217892444 5.34077210896048e-14
2593.329598669929 4.8593094337853054e-14
2594.8787845157185 4.3027386531111975e-14
2596.4279793267683 4.066953818528986e-14
2597.9771831032335 4.060066085415093e-14
2599.5263958452697 3.7826211211683045e-14
2601.075617553033 3.393558898516849e-14
2602.624848226679 3.5774710965960285e-14
2604.174087866364 4.084380674385796e-14
2605.7233364722424 4.0333798041920776e-14
2607.27259404447 3.5304102848597585e-14
2608.821860583204 3.2327317363821384e-14
2610.3711360885986 3.473505933836857e-14
2611.9204205608103 3.564159465610159e-14
2613.469713999994 3.488381526456537e-14
2615.019016406306 3.396585855457157e-14
2616.5683277799017 3.547211691588316e-14
2618.1176481209363 4.1863465005762684e-14
2619.666977429568 4.254052554555736e-14
2621.216315705949 4.525644521136997e-14
2622.765662950237 4.8883643579420225e-14
2624.3150191625878 4.873094386782101e-14
2625.864384343157 4.9447537129329935e-14
2627.4137584920995 4.761116969968261e-14
2628.9631416095717 4.318105524840285e-14
2630.5125336957294 4.065890283960413e-14
2632.0619347507286 3.972806445254849e-14
2633.6113447747243 4.160193172483666e-14
2635.1607637678726 4.78385641647025e-14
2636.7101917303294 5.902217733652626e-14
2638.25962866225 6.843607440725624e-14
2639.809074563791 7.876277483952893e-14
2641.358529435108 8.32091421590006e-14
2642.907993276356 8.556819667973961e-14
2644.457466087691 9.32189235199922e-14
2646.00694786927 9.698018348667028e-14
2647.556438621247 8.819253514329509e-14
2649.1059383437796 8.016557659666287e-14
2650.6554470370215 7.62289333760581e-14
2652.2049647011304 7.468566645121508e-14
2653.754491336261 8.026997171334607e-14
2655.30402694257 8.656919988801401e-14
2656.8535715202124 9.437739354129296e-14
2658.4031250693447 9.385786418902864e-14
2659.952687590122 9.006338020202745e-14
2661.5022590827 8.710944427803638e-14
2663.051839547236 8.528711049025917e-14
2664.6014289838845 7.775641838302788e-14
2666.1510273928016 7.591063194700709e-14
2667.7006347741435 7.806147221678383e-14
2669.250251128066 7.93625283762936e-14
2670.799876454724 7.900190918119776e-14
2672.3495107542753 8.126354136047537e-14
2673.8991540268744 7.974389649046537e-14
2675.448806272677 7.996172625944487e-14
2676.99846749184 8.944516812327621e-14
2678.5481376845178 8.648430008164482e-14
2680.097816850868 7.787345800754769e-14
2681.6475049910455 7.516207166206879e-14
2683.197202105206 8.203392799039852e-14
2684.746908193506 8.319613850919436e-14
2686.296623256101 8.19311727295012e-14
2687.846347293147 8.337627192388924e-14
2689.3960803048008 8.119935659186422e-14
2690.9458222912167 7.408178616993139e-14
2692.495573252552 7.340365159235959e-14
2694.0453331889616 7.664374235098748e-14
2695.595102100602 7.844693319415674e-14
2697.1448799876293 7.384478635128963e-14
2698.694666850199 7.454799988036373e-14
2700.2444626884676 7.547257361174148e-14
2701.79426750259 8.46187472847669e-14
2703.344081292724 8.785650700872394e-14
2704.8939040590235 8.905528902205043e-14
2706.4437358016457 8.958805919334623e-14
2707.9935765207465 8.685090949374363e-14
2709.5434262164813 8.145675296387586e-14
2711.093284889006 7.80065099429024e-14
2712.6431525384774 7.847908656483452e-14
2714.193029165051 8.0904568797429e-14
2715.7429147688827 7.779950186685702e-14
2717.292809350129 7.167414583933787e-14
2718.8427129089455 7.281736926758806e-14
2720.392625445488 6.492644421228488e-14
2721.942546959913 5.910316046254735e-14
2723.4924774523765 6.452352080367138e-14
2725.042416923034 6.878749821267668e-14
2726.592365372042 6.650204746692229e-14
2728.1423227995565 6.826781978261365e-14
2729.692289205733 7.14663652692446e-14
2731.242264590728 8.401433845492412e-14
2732.792248954698 8.415595558744146e-14
2734.3422422977983 7.993679638574128e-14
2735.892244620185 7.202630825748832e-14
2737.4422559220143 6.719059038534994e-14
2738.9922762034425 5.877998689998373e-14
2740.5423054646253 5.481959287553795e-14
2742.092343705719 5.133412344835407e-14
2743.6423909268797 5.018744751381088e-14
2745.192447128263 4.657325279556687e-14
2746.742512310026 4.994244153975168e-14
2748.292586472324 4.8263788256751317e-14
2749.842669615313 4.6600886398438096e-14
2751.392761739149 4.687046988049483e-14
2752.942862843989 5.2842950013561735e-14
2754.4929729299884 6.310078327909086e-14
2756.0430919973037 5.901065091218002e-14
2757.59322004609 5.4429669728598903e-14
2759.1433570765053 6.095897576866363e-14
2760.693503088704 7.92905237995134e-14
2762.243658082843 7.93322317018362e-14
2763.793822059078 7.212539078352634e-14
2765.3439950175652 7.564860061070808e-14
2766.8941769584617 8.172278229568591e-14
2768.444367881923 8.105593019697155e-14
2769.9945677881046 7.652317906940709e-14
2771.544776677163 7.789829301356119e-14
2773.0949945492553 8.357144864372737e-14
2774.645221404536 8.334379329255973e-14
2776.1954572431637 8.468080430661454e-14
2777.745702065292 8.068669159460445e-14
2779.295955871078 7.222630290073043e-14
2780.846218660678 6.437350110431728e-14
2782.396490434249 5.996012741220705e-14
2783.9467711919456 5.994368819676674e-14
2785.4970609339257 6.009836996546253e-14
2787.047359660344 5.885182884643805e-14
2788.597667371357 5.76821576614428e-14
2790.147984067122 5.1928621992713975e-14
2791.698309747794 4.711484227390948e-14
2793.2486444135297 4.2088643632592557e-14
2794.7989880644855 4.064195201626368e-14
2796.3493407008173 5.287826112306687e-14
2797.8997023226816 6.766111379941792e-14
2799.450072930234 4.8398686723931036e-14
2801.000452523632 3.8547717264286047e-14
2802.55084110303 4.097181036284703e-14
2804.101238668586 5.5827396064312904e-14
2805.651645220456 5.748231887226299e-14
2807.2020607587947 4.309835772769652e-14
2808.75248528376 4.7887126257634485e-14
2810.302918795508 5.300181951314875e-14
2811.8533612941947 5.866419410796228e-14
2813.4038127799754 6.166943312350265e-14
2814.954273253008 6.88474342640244e-14
2816.5047427134486 7.979655483473028e-14
2818.0552211614527 8.232781454177787e-14
2819.605708597176 8.570943434149658e-14
2821.1562050207763 9.279234417522778e-14
2822.7067104324087 9.485345316270419e-14
2824.2572248322313 9.582311615193018e-14
2825.8077482203985 1.031966192729418e-13
2827.3582805970673 1.0010704288090921e-13
2828.908821962394 9.904501941911462e-14
2830.4593723165353 1.0271780848851789e-13
2832.0099316596466 1.0517147320133341e-13
2833.560499991885 1.0395594026444202e-13
2835.1110773134073 1.0354801597330793e-13
2836.6616636243684 9.729989437854553e-14
2838.212258924926 9.484014458103693e-14
2839.762863215236 1.0330150905686619e-13
2841.3134764954543 1.0048520582240858e-13
2842.864098765738 9.437156595461585e-14
2844.4147300262425 9.50086838087498e-14
2845.9653702771257 9.07286331025374e-14
2847.5160195185426 9.193518749018789e-14
2849.06667775065 8.032758350628652e-14
2850.6173449736043 6.670180494093916e-14
2852.168021187562 5.520100842355477e-14
2853.7187063926795 4.6182652022270024e-14
2855.269400589113 4.981099219073318e-14
2856.8201037770195 6.305661559308923e-14
2858.3708159565545 7.417898489469471e-14
2859.9215371278747 8.714428782535463e-14
2861.4722672911366 1.0365758137910117e-13
2863.023006446497 1.0975026903991061e-13
2864.573754594112 1.107084869199533e-13
2866.124511734138 1.117739052898005e-13
2867.6752778667314 1.0857823293892663e-13
2869.2260529920495 1.0205092250848563e-13
2870.776837110247 1.003142949024434e-13
2872.327630221482 1.1166881899423234e-13
2873.87843232591 1.2179967863283625e-13
2875.4292434236877 1.1416743743962454e-13
2876.9800635149713 1.0862608691231471e-13
2878.530892599918 1.029639223816721e-13
2880.0817306786835 9.951043353044475e-14
2881.632577751425 8.879886165573045e-14
2883.1834338182985 7.89492372844057e-14
2884.7342988794603 9.166553963362717e-14
2886.2851729350673 1.120267141313698e-13
2887.836055985276 1.225601651416719e-13
2889.3869480302424 1.1553584965909997e-13
2890.937849070124 1.1039865582037484e-13
2892.4887591050765 1.1652273113407774e-13
2894.0396781352565 1.175336818972847e-13
2895.5906061608207 1.1893787278845214e-13
2897.141543181925 1.2882125650492265e-13
2898.6924891987273 1.3799997657191337e-13
2900.2434442113827 1.471927641620921e-13
2901.7944082200484 1.619059975064424e-13
2903.3453812248813 1.6720598430136624e-13
2904.8963632260366 1.6748523412341704e-13
2906.447354223673 1.74205363133971e-13
2907.998354217945 1.6866587607914513e-13
2909.54936320901 1.6040410644700687e-13
2911.1003811970245 1.5655964751611767e-13
2912.651408182146 1.5293792436903847e-13
2914.202444164529 1.6528369384954944e-13
2915.753489144332 1.6498229919812563e-13
2917.3045431217106 1.5558366227297338e-13
2918.8556060968217 1.5034596289285884e-13
2920.4066780698217 1.5015166031102228e-13
2921.9577590408676 1.5350836378956456e-13
2923.5088490101152 1.484221139004191e-13
2925.0599479777215 1.4243859184585178e-13
2926.6110559438443 1.3328104082627884e-13
2928.1621729086382 1.3211686519104537e-13
2929.7132988722615 1.3210718868665594e-13
2931.2644338348696 1.3929822735830183e-13
2932.8155777966194 1.592284247162179e-13
2934.366730757668 1.6164292940181596e-13
2935.9178927181715 1.5930338374391811e-13
2937.4690636782875 1.5176609155596182e-13
2939.0202436381715 1.3659365793398243e-13
2940.57143259798 1.3869715922640302e-13
2942.1226305578716 1.4260005665438918e-13
2943.6738375180007 1.460837879699653e-13
2945.2250534785253 1.5110575822280953e-13
2946.7762784396014 1.5062851953153572e-13
2948.327512401386 1.4887539172368097e-13
2949.8787553640354 1.2719142958913382e-13
2951.430007327707 1.3090590623206916e-13
2952.981268292557 1.5269118705963508e-13
2954.532538258742 1.6011494972760498e-13
2956.083817226419 1.515547805525444e-13
2957.6351051957445 1.579149137842517e-13
2959.1864021668757 1.576601940363534e-13
2960.7377081399677 1.7295865260835708e-13
2962.2890231151796 1.6409081396179942e-13
2963.8403470926664 1.6411431404388804e-13
2965.3916800725856 1.6291963167002627e-13
2966.9430220550935 1.3527675887022722e-13
2968.4943730403465 1.2275941439592042e-13
2970.045733028502 1.2957197164167877e-13
2971.597102019717 1.258609915507497e-13
2973.148480014148 1.3600417721280206e-13
2974.6998670119506 1.3904777665645768e-13
2976.251263013283 1.6137873643743555e-13
2977.8026680183016 1.6882483367015866e-13
2979.354082027163 1.7594874667480054e-13
2980.905505040024 1.6213895189572808e-13
2982.456937057041 1.4053756530914285e-13
2984.0083780783716 1.287501057373533e-13
2985.559828104172 1.151797163504928e-13
2987.1112871345986 1.1108416297271953e-13
2988.6627551698093 1.2432364708027388e-13
2990.2142322099603 1.4458748055171805e-13
2991.7657182552084 1.641008428318949e-13
2993.3172133057096 1.6523742552183862e-13
2994.868717361622 1.5586810271292495e-13
2996.4202304231026 1.4153538367353558e-13
2997.971752490307 1.552701652147992e-13
2999.523283563393 1.6323086545616539e-13
3001.0748236425165 1.3284657391070959e-13
3002.6263727278347 1.151550914086502e-13
3004.1779308195046 1.1697243109017041e-13
3005.729497917683 1.2982553942476882e-13
3007.281074022527 1.4557415873878848e-13
3008.832659134193 1.3694172748893174e-13
3010.384253252839 1.3699638483095217e-13
3011.9358563786195 1.5223831581218789e-13
3013.4874685116934 1.5618196568933235e-13
3015.0390896522167 1.5583922227755537e-13
3016.5907198003465 1.5194564898825258e-13
3018.14235895624 1.4419304780136782e-13
3019.694007120054 1.2882566107624838e-13
3021.2456642919446 1.1556241261232586e-13
3022.797330472069 1.1545002150462058e-13
3024.3490056605856 1.5954945697949086e-13
3025.900689857649 1.6064076067620614e-13
3027.452383063417 1.5414393665560272e-13
3029.004085278047 1.808136837954874e-13
3030.555796501696 1.830118901476746e-13
3032.10751673452 1.7358515883372783e-13
3033.6592459766766 1.7974989172889894e-13
3035.2109842283226 1.8748486107795365e-13
3036.762731489614 1.8818459160754863e-13
3038.314487760709 1.701265132459176e-13
3039.866253041765 1.5575614528608867e-13
3041.4180273329375 1.659959604667638e-13
3042.969810634384 1.6085722163994287e-13
3044.5216029462613 1.6709257675412426e-13
3046.073404268727 1.8173291105490208e-13
3047.6252146019374 1.828225071331957e-13
3049.17703394605 1.6251258151689374e-13
3050.7288623012205 1.7860700711382765e-13
3052.280699667608 1.9583256728478854e-13
3053.832546045368 2.0907277645254574e-13
3055.3844014346573 1.8549006460585188e-13
3056.936265835634 1.7175418530988862e-13
3058.488139248454 1.5318882230427877e-13
3060.0400216732746 1.348689362230468e-13
3061.5919131102537 1.5578956581805553e-13
3063.1438135595477 1.692339167023646e-13
3064.695723021313 1.6964148185152905e-13
3066.2476414957073 1.5924071685834845e-13
3067.7995689828876 1.5668854560189904e-13
3069.351505483011 1.609853336791492e-13
3070.9034509962335 1.8231190212006365e-13
3072.455405522713 1.8085617096812168e-13
3074.007369062607 1.776350469712487e-13
3075.5593416160723 1.7924888190499338e-13
3077.1113231832646 1.711564239946159e-13
3078.6633137643435 1.7967917464219857e-13
3080.2153133594634 1.796937842664728e-13
3081.767321968783 1.8223560139217498e-13
3083.319339592459 1.7488021122370745e-13
3084.871366230649 1.7993899014030756e-13
3086.4234018835086 2.022132597001916e-13
3087.975446551196 1.9165391658675784e-13
3089.5275002338676 1.7587783985271999e-13
3091.079562931682 1.696747262006429e-13
3092.6316346447943 1.5580378241904225e-13
3094.183715373363 1.4094521177347025e-13
3095.7358051175447 1.4769441095477398e-13
3097.287903877497 1.5622925045657987e-13
3098.840011653376 1.4572234207071294e-13
3100.3921284453395 1.4626399592355954e-13
3101.9442542535444 1.3629349656252981e-13
3103.4963890781482 1.4852664454237385e-13
3105.0485329193075 1.7669779485071646e-13
3106.60068577718 1.8692309527480744e-13
3108.1528476519225 2.0640553068801415e-13
3109.705018543692 2.1716856828460362e-13
3111.257198452646 2.1112625536723328e-13
3112.8093873789417 2.0878502919596809e-13
3114.3615853227357 2.131946149567382e-13
3115.9137922841855 2.0538212515235077e-13
3117.4660082634487 1.9916692264605046e-13
3119.018233260682 1.796386254809476e-13
3120.570467276042 1.6901134354888048e-13
3122.1227103096876 1.6731978487189575e-13
3123.6749623617743 1.7565832957037314e-13
3125.2272234324596 1.9296363281112033e-13
3126.7794935219017 1.8431218736566363e-13
3128.3317726302566 1.8688770962640294e-13
3129.8840607576826 1.9297221156081013e-13
3131.4363579043356 1.8273669253124347e-13
3132.988664070374 1.837161201162854e-13
3134.5409792559544 1.84560225717674e-13
3136.0933034612344 1.8725090380165843e-13
3137.6456366863704 1.9727378368014636e-13
3139.1979789315205 2.139751049956562e-13
3140.7503301968422 2.177418808408868e-13
3142.302690482492 2.0429594431090048e-13
3143.855059788627 1.8604039207607836e-13
3145.407438115405 1.5013328308419865e-13
3146.9598254629836 1.634501724506049e-13
3148.5122218315187 1.7460398361521245e-13
3150.0646272211693 1.9739647470849025e-13
3151.6170416320906 2.0541192715956696e-13
3153.1694650644417 2.032916613910543e-13
3154.7218975183796 1.9201316697661092e-13
3156.2743389940606 1.8520970347657428e-13
3157.8267894916426 1.684056404526943e-13
3159.379249011283 1.1741328124603018e-13
3160.9317175531387 9.669030170706555e-14
3162.484195117368 1.7352178721674605e-13
3164.036681704127 3.409385675254978e-13
3165.5891773135736 2.971609054677293e-15
