WAVELENGTH FLUX
5.000441551208496 2.171103865443688e-16
5.002439022064209 2.1716770685209627e-16
5.0044379234313965 2.1722407424775808e-16
5.006438732147217 2.172837371309803e-16
5.008440971374512 2.1741820361135693e-16
5.010444641113281 2.1777782203702558e-16
5.012449741363525 2.1825974407934387e-16
5.014456748962402 2.1779776701595546e-16
5.016465663909912 2.1758502939729662e-16
5.018475532531738 2.1868382965323246e-16
5.020487308502197 2.1828777557594207e-16
5.022500991821289 2.1790849010402936e-16
5.0245161056518555 2.1803801997051026e-16
5.0265326499938965 2.252795296297139e-16
5.02855110168457 2.2261293756285934e-16
5.030570983886719 2.1825055906582208e-16
5.032592296600342 2.1805481504566754e-16
5.034615516662598 2.1855081901073393e-16
5.036640167236328 2.7363462888521217e-16
5.038666725158691 1.0885631216144432e-14
5.040694713592529 6.202651277967014e-16
5.042724132537842 1.0361498875086496e-15
5.044755458831787 3.638087241285005e-16
5.046788692474365 3.7042034567741236e-16
5.048823356628418 9.221888042356351e-16
5.050859451293945 2.2756892733724425e-16
5.0528974533081055 2.2055827386083682e-16
5.05493688583374 2.189744016588101e-16
5.05697774887085 2.2057631301563538e-16
5.059020519256592 2.824505478002349e-16
5.061065196990967 3.457757367885913e-16
5.063111305236816 1.1080517615439885e-15
5.065158843994141 3.459285468262319e-16
5.067208290100098 2.070779139118741e-15
5.0692596435546875 2.7962013426742548e-16
5.071312427520752 2.3438870723294385e-16
5.073366641998291 2.370287236410783e-16
5.075422763824463 2.237556644180442e-16
5.077480316162109 2.3058732924478495e-16
5.079539775848389 2.236713317002332e-16
5.081601142883301 2.215264060497689e-16
5.083663463592529 4.1218071110338467e-16
5.085728168487549 3.3123977791098063e-16
5.087794303894043 2.901714648726947e-16
5.089861869812012 2.1778953491449933e-16
5.091931343078613 3.2133910095810073e-16
5.094002723693848 2.1754782612206644e-16
5.096075534820557 2.1849372369613307e-16
5.09814977645874 6.532167740877027e-16
5.100225925445557 2.366905986764462e-16
5.102303981781006 5.775721579199785e-15
5.10438346862793 2.1790575048184058e-16
5.106464862823486 2.1807998780606875e-16
5.108547687530518 2.176469289768952e-16
5.110632419586182 2.17672128207076e-16
5.1127190589904785 2.1771960175679165e-16
5.11480712890625 2.1775287426975098e-16
5.116897106170654 2.1777890729798925e-16
5.118988513946533 2.1781675908281968e-16
5.121081829071045 2.230478095719356e-16
5.123176574707031 2.1808104659725282e-16
5.12527322769165 2.1850134699265836e-16
5.127371788024902 2.232052518210065e-16
5.129471778869629 2.2277506496291974e-16
5.131573677062988 2.4176363781622983e-16
5.133677005767822 2.833349296065072e-16
5.135782241821289 2.1878192665643635e-16
5.137889385223389 2.182383035578665e-16
5.139997959136963 2.1840854394537481e-16
5.14210844039917 2.1820898827695762e-16
5.144220352172852 2.183693951413439e-16
5.146334648132324 2.9178207155211913e-16
5.148449897766113 2.1835023102091227e-16
5.150567531585693 2.183039618461685e-16
5.152686595916748 2.1834770315696031e-16
5.1548075675964355 2.1836402177608476e-16
5.156929969787598 2.1838628286072979e-16
5.159054279327393 2.1841041006483673e-16
5.16118049621582 2.1869244556649281e-16
5.163308620452881 3.5226416798323683e-16
5.165438175201416 2.1874645715177008e-16
5.167569637298584 2.1859907341894783e-16
5.169702529907227 2.1855223514394262e-16
5.171837329864502 2.1856183043904824e-16
5.17397403717041 2.1864634844531646e-16
5.176112651824951 2.1898815270931317e-16
5.178252696990967 2.1871969620459276e-16
5.180394649505615 2.187499643975673e-16
5.1825385093688965 2.1879321601743647e-16
5.1846842765808105 2.1901791797647528e-16
5.186831474304199 4.210037503891203e-16
5.188980579376221 2.1926723683054366e-16
5.191131591796875 2.1886256683999292e-16
5.193284034729004 2.1879696149125011e-16
5.195438385009766 2.1878295897784082e-16
5.19759464263916 2.1880054814638614e-16
5.1997528076171875 2.1881661530260437e-16
5.2019124031066895 2.188327618681614e-16
5.204073905944824 2.1884880255460004e-16
5.206237316131592 2.189120785627379e-16
5.208402633666992 2.2642522110021413e-16
5.210569858551025 2.1922340287552325e-16
5.212738513946533 2.317830221289528e-16
5.214909076690674 2.1983857378835649e-16
5.217081546783447 2.8186147873706692e-15
5.2192559242248535 2.1913177773343198e-16
5.221431732177734 2.204175605124742e-16
5.223609447479248 5.446841132154042e-16
5.2257890701293945 2.1976210259508718e-16
5.227970600128174 2.190508463822998e-16
5.230154037475586 2.190869246918969e-16
5.232339382171631 2.191429876850933e-16
5.23452615737915 2.191914273817644e-16
5.236714839935303 2.1922536163921378e-16
5.238905429840088 2.1926421927566907e-16
5.241097927093506 2.1930760324443625e-16
5.243292331695557 2.1935090780386462e-16
5.24548864364624 2.1939378884681937e-16
5.247686386108398 2.194363919570883e-16
5.249886512756348 2.194784259670958e-16
5.2520880699157715 2.1952008940018887e-16
5.254291534423828 2.195610646190123e-16
5.256496906280518 2.1960140456312528e-16
5.25870418548584 2.1964125481631564e-16
5.260913372039795 2.1968052273435475e-16
5.263123989105225 2.1971942007547945e-16
5.265336990356445 2.1975883357730638e-16
5.267551422119141 2.197981544349047e-16
5.269767761230469 2.1983443126784882e-16
5.271986484527588 2.1987077427524195e-16
5.274206638336182 2.1990825548315795e-16
5.276428699493408 2.199447440743389e-16
5.278652667999268 2.1997874450623727e-16
5.28087854385376 2.2001120969091875e-16
5.283106327056885 2.221083441543122e-16
5.285336017608643 7.5639046926096e-16
5.287567615509033 2.24997679416515e-16
5.289800643920898 2.2028775271330748e-16
5.292036056518555 2.2017954425429575e-16
5.294273376464844 2.2021656224106872e-16
5.296512126922607 2.2027336638809396e-16
5.298753261566162 2.2032192519877327e-16
5.30099630355835 2.2033390277404304e-16
5.303240776062012 2.2035802997814999e-16
5.305487632751465 2.403095204738106e-16
5.307735919952393 2.278333869052448e-16
5.309986591339111 2.2046517964597766e-16
5.312238693237305 2.2049996093637429e-16
5.314493179321289 2.205344113545259e-16
5.316749572753906 2.2057120434817225e-16
5.319007396697998 2.3237189531575175e-16
5.321267604827881 2.2064598147554705e-16
5.323529243469238 2.24161128501983e-16
5.325793266296387 2.60226070860397e-16
5.328059196472168 2.2421496803369284e-16
5.330327033996582 2.2079071823040913e-16
5.332596778869629 2.208262936141938e-16
5.33486795425415 2.3818733236402416e-16
5.337141513824463 2.2127625339764305e-16
5.339416980743408 2.2191834407633121e-16
5.341694355010986 2.212364428491221e-16
5.3439741134643555 2.2129480871314384e-16
5.346255302429199 2.2140362597708642e-16
5.348538398742676 2.2674701421083196e-16
5.350823879241943 2.3462727935649394e-16
5.3531107902526855 2.2172491616189181e-16
5.355400085449219 2.2183049087783318e-16
5.357690811157227 2.2193630382179097e-16
5.359983921051025 2.22043029973145e-16
5.362278938293457 2.2214481951060333e-16
5.3645758628845215 2.2224617229669823e-16
5.366875171661377 2.223891885158862e-16
5.369175910949707 2.226837177535143e-16
5.37147855758667 2.2351455119565234e-16
5.373783588409424 2.2571688979807273e-16
5.3760905265808105 2.250049321361259e-16
5.37839937210083 2.3313136623208364e-16
5.380710124969482 4.430267393666301e-16
5.383022785186768 2.30020584793733e-16
5.3853373527526855 2.2623238875581577e-16
5.3876543045043945 3.3260821257682916e-16
5.389973163604736 2.280939554156439e-16
5.392293930053711 2.2763118425886744e-16
5.394616603851318 2.2811507829976607e-16
5.396941184997559 2.305148814580151e-16
5.39926815032959 2.2730708827742427e-16
5.401597023010254 2.2476450712800367e-16
5.403927803039551 1.2653807199581864e-15
5.4062604904174805 2.2407430762488943e-16
5.408595085144043 2.3298051495813357e-16
5.4109320640563965 2.2387011974504194e-16
5.413270950317383 2.2408066037199383e-16
5.415611743927002 2.2408838954763753e-16
5.417954444885254 2.2469846502789744e-16
5.420299530029297 2.2766908898325707e-16
5.422646522521973 2.2528331480819693e-16
5.424995422363281 2.246450225428816e-16
5.427346706390381 2.2529324097554757e-16
5.429699420928955 2.287194892471912e-16
5.43205451965332 2.403075617101201e-16
5.434412002563477 2.2784656885548645e-16
5.436770915985107 2.2718074801938537e-16
5.439132213592529 2.258728232697063e-16
5.441495418548584 2.261797933037472e-16
5.44386100769043 2.254420805462479e-16
5.44622802734375 2.252280723781682e-16
5.4485979080200195 2.3035153644809304e-16
5.450969219207764 2.4937192597648437e-16
5.453342914581299 2.6718095251118364e-16
5.455718517303467 2.303929087136105e-16
5.458096027374268 2.2634467356088617e-16
5.460475921630859 2.256256749375653e-16
5.462857723236084 2.256960316117466e-16
5.4652419090271 2.326053058322795e-16
5.467628002166748 2.2669828334658524e-16
5.470016002655029 2.25883543530445e-16
5.472406387329102 2.259475474575219e-16
5.474798679351807 2.2602160990084746e-16
5.4771928787231445 2.26092284212384e-16
5.479589462280273 2.261624820678877e-16
5.481987953186035 2.2623355342611825e-16
5.484388828277588 2.2634086191262353e-16
5.486791610717773 2.264342737648379e-16
5.489196300506592 2.2646669924485e-16
5.491603374481201 2.2654719384461875e-16
5.494012355804443 2.3852744256212637e-16
5.496423721313477 2.266432526747933e-16
5.498836994171143 2.267214179339571e-16
5.5012526512146 2.2678595125662606e-16
5.5036702156066895 2.275070674623151e-16
5.506089687347412 2.3137371992697177e-16
5.508511543273926 2.269690162523514e-16
5.5109357833862305 2.270333642865631e-16
5.513361930847168 2.2740320004715803e-16
5.515789985656738 2.2749557957796795e-16
5.5182204246521 2.2722278202939286e-16
5.520652770996094 2.2728411250873e-16
5.523087501525879 2.273452047600507e-16
5.525524616241455 2.274055823273222e-16
5.527963161468506 2.274653510896628e-16
5.530404567718506 2.27590076691146e-16
5.532847881317139 2.276819797659231e-16
5.535293102264404 2.4648100252750544e-16
5.537740707397461 2.2830044616631675e-16
5.540190696716309 2.3415050568630818e-16
5.542642593383789 2.5580432064771313e-16
5.5450968742370605 2.2791520499399365e-16
5.547553062438965 2.279189107631379e-16
5.55001163482666 2.279720885503577e-16
5.552472114562988 2.280250281095611e-16
5.554934978485107 2.2905075853890645e-16
5.557399749755859 2.3070882553315674e-16
5.5598673820495605 2.3591159306276827e-16
5.562336444854736 2.952851351241669e-16
5.564808368682861 2.4547814198773595e-16
5.567281723022461 2.316157066520905e-16
5.56975793838501 2.2936439895740695e-16
5.572236061096191 2.284667822613338e-16
5.574716567993164 2.2847339970623424e-16
5.5771989822387695 2.2852030415568844e-16
5.579683780670166 2.285666262699914e-16
5.5821709632873535 2.2861228663980434e-16
5.584660053253174 2.2865736467446603e-16
5.587151527404785 2.2870170155529887e-16
5.5896453857421875 2.2874519140318446e-16
5.592141151428223 2.287879136274616e-16
5.594639301300049 2.2882923295341985e-16
5.597139835357666 2.2886986406510845e-16
5.599642276763916 2.2891044223723785e-16
5.602147102355957 2.2895562615101795e-16
5.604654312133789 2.630883275380673e-16
5.607163906097412 2.290314091300176e-16
5.609675407409668 2.2906785801652914e-16
5.612189292907715 2.2910555098268196e-16
5.6147050857543945 2.2914263514390394e-16
5.617223739624023 2.2917905756063587e-16
5.619744300842285 2.292372910757596e-16
5.622267246246338 2.2935995203443387e-16
5.624792098999023 2.2930007739297483e-16
5.627319812774658 2.293183150711204e-16
5.629849433898926 2.2935153464452053e-16
5.632381439208984 2.293841189432102e-16
5.634915828704834 2.2941604149740987e-16
5.637452125549316 2.2944738171645827e-16
5.63999080657959 2.2947806019101664e-16
5.642531871795654 2.2950805045130536e-16
5.64507532119751 2.2953743190666325e-16
5.647621154785156 2.295667074829027e-16
5.6501688957214355 2.2959844474864516e-16
5.652719497680664 2.2962348516014836e-16
5.655272006988525 2.296520460523386e-16
5.657826900482178 2.2968092458188405e-16
5.660384178161621 2.2970916783671906e-16
5.662943363189697 2.2973735815199486e-16
5.665505409240723 2.29767321942504e-16
5.668069362640381 2.297969680956579e-16
5.670636177062988 2.2982595250432174e-16
5.6732048988342285 2.2985432810805476e-16
5.67577600479126 2.2988225372553455e-16
5.678349494934082 2.2997754493210066e-16
5.680925369262695 2.880256551315917e-15
5.683503150939941 2.302700095269198e-16
5.686083793640137 2.3002084949152904e-16
5.688666820526123 2.6034881122841006e-16
5.691251754760742 2.302355988134376e-16
5.693839073181152 2.300609512076256e-16
5.696429252624512 2.300842446136751e-16
5.699021339416504 2.301076703686226e-16
5.701615810394287 2.301290844203204e-16
5.704212665557861 2.3015012789510372e-16
5.706812381744385 2.3017085373253185e-16
5.709414005279541 2.3019097076502914e-16
5.712018013000488 2.302105054623752e-16
5.714624404907227 2.302294313547904e-16
5.717233180999756 2.30247801381834e-16
5.719844341278076 2.3026582730174274e-16
5.7224578857421875 2.3028274149090823e-16
5.72507381439209 2.3029899393558367e-16
5.727692127227783 2.303148228637855e-16
5.730312824249268 2.3033004298705646e-16
5.732936382293701 2.303449984125314e-16
5.735561847686768 2.303600067775656e-16
5.738189697265625 2.7800333365957423e-16
5.740819931030273 2.5407822631988647e-16
5.743453025817871 2.3052173713093195e-16
5.746088027954102 2.305081316642167e-16
5.748725891113281 2.304339898115523e-16
5.751365661621094 2.3044714529201437e-16
5.7540082931518555 2.3046535650038033e-16
5.756653308868408 2.324149616471637e-16
5.759300231933594 8.05415730396414e-16
5.7619500160217285 2.470778431179645e-16
5.764602184295654 2.5398425860230045e-16
5.767257213592529 2.531845271511944e-16
5.769914150238037 2.357169343035774e-16
5.772573471069336 2.598284683009999e-16
5.775235652923584 2.314134510661539e-16
5.777900218963623 2.3066205343260054e-16
5.780567169189453 2.3060935210141356e-16
5.783236503601074 2.317643874041132e-16
5.785908222198486 2.3432912375906043e-16
5.788582801818848 2.3400508071717645e-16
5.791259288787842 2.6803280295832545e-16
5.793938636779785 3.25330584903359e-16
5.7966203689575195 2.5253530286690356e-16
5.799304485321045 2.350867947303794e-16
5.8019914627075195 2.3111902770764424e-16
5.804680347442627 2.3318570868960593e-16
5.807372093200684 2.617218781056889e-16
5.8100666999816895 2.36606213019076e-16
5.812763214111328 2.306909849017052e-16
5.815462589263916 4.320201814917709e-16
5.818163871765137 2.5276588111701394e-16
5.820868492126465 2.3485044606831585e-16
5.823575019836426 2.317577699592128e-16
5.826284408569336 2.327939294817212e-16
5.828996181488037 2.3073421005179477e-16
5.831710338592529 2.3192590599924276e-16
5.834427356719971 5.075645354283198e-16
5.837146759033203 2.543844552000985e-16
5.839868545532227 2.308924199244741e-16
5.842592716217041 2.3057483550881295e-16
5.845319747924805 2.305618653168081e-16
5.848049640655518 2.3055622725375296e-16
5.850781440734863 2.3461359448043986e-16
5.853516101837158 2.383577183353203e-16
5.856253147125244 2.3320934620279024e-16
5.858993053436279 2.3167772534569725e-16
5.8617353439331055 2.319392732379416e-16
5.864480495452881 2.308782850621668e-16
5.867228031158447 2.310217247978284e-16
5.869977951049805 2.312710436518968e-16
5.872730255126953 2.311258833805611e-16
5.875485420227051 2.3178373681300205e-16
5.878243446350098 2.3120992493079646e-16
5.8810038566589355 2.3234566376416647e-16
5.8837666511535645 2.3292214909411183e-16
5.886532306671143 2.311778435579192e-16
5.889300346374512 2.3095682089824504e-16
5.89207124710083 2.30978287889502e-16
5.8948445320129395 2.3102230713297964e-16
5.897620677947998 2.3117061730808795e-16
5.900399208068848 2.312339330208952e-16
5.9031805992126465 2.3109610487850917e-16
5.905964374542236 2.311431946164206e-16
5.908751010894775 2.311031987794424e-16
5.9115400314331055 2.3110994857324086e-16
5.914331436157227 2.311420299461181e-16
5.917126178741455 2.3117538186841625e-16
5.919922828674316 2.31405139555359e-16
5.922722816467285 2.312233186392749e-16
5.925525188446045 2.3121087784286213e-16
5.928329944610596 2.313817402701911e-16
5.931137561798096 2.3125934400931283e-16
5.933948040008545 2.3123467417472405e-16
5.936760902404785 2.3128454323949365e-16
5.939576625823975 2.312666496684829e-16
5.942394733428955 2.3124126514984487e-16
5.945215702056885 2.312777934456952e-16
5.948039531707764 2.3123321833684596e-16
5.950865745544434 2.312289831721097e-16
5.953694820404053 2.3125815286923076e-16
5.956526279449463 2.3125346771824126e-16
5.9593610763549805 2.3125635292421784e-16
5.962197780609131 2.3127691994296836e-16
5.965037822723389 2.3146551712263045e-16
5.9678802490234375 2.3143396514534523e-16
5.9707255363464355 2.3177746347523645e-16
5.973573207855225 2.3165885239284124e-16
5.976424217224121 2.316095656632229e-16
5.979277610778809 2.3169966879298706e-16
5.982133388519287 2.3178982486231044e-16
5.984992504119873 2.318781809866209e-16
5.98785400390625 2.3198961875874405e-16
5.990718364715576 2.320621724246323e-16
5.993585109710693 2.3213604957950064e-16
5.996455192565918 2.322200117203972e-16
5.999327659606934 2.323059061552047e-16
6.002202987670898 2.3247332751118546e-16
6.0050811767578125 2.3259050922548217e-16
6.007961750030518 2.3485494593084813e-16
6.010845184326172 2.327499631778028e-16
6.013731479644775 2.32731275513404e-16
6.016620635986328 2.3285375118362104e-16
6.01951265335083 2.3592543675749996e-16
6.022407531738281 2.3307509148065043e-16
6.025304794311523 2.3309843782625913e-16
6.028204917907715 2.331604035803067e-16
6.031108379364014 2.3324881264417637e-16
6.0340142250061035 2.333350247163391e-16
6.036922454833984 2.340836430230343e-16
6.039834022521973 2.399069415958484e-16
6.04274845123291 2.336565266593813e-16
6.045665264129639 2.3366772337615283e-16
6.048585414886475 2.3385065602298015e-16
6.051507949829102 3.615621280545861e-16
6.054433822631836 2.975238167339804e-16
6.057362079620361 2.339967956761611e-16
6.060293197631836 2.3406892582557575e-16
6.06322717666626 2.340866605779089e-16
6.066164016723633 2.428288082171817e-16
6.069103717803955 2.34406574334175e-16
6.072046279907227 2.3430119814158064e-16
6.074991703033447 2.343521789370935e-16
6.077939987182617 2.344080831116123e-16
6.080891132354736 2.3447888977204683e-16
6.083845138549805 2.3454906115777093e-16
6.086802005767822 2.346188619665806e-16
6.089762210845947 2.3468665107214055e-16
6.092724800109863 2.347544137079209e-16
6.0956902503967285 2.348213028409744e-16
6.098658561706543 2.348886948998403e-16
6.101629734039307 2.349574369174659e-16
6.104604244232178 2.350232143197761e-16
6.10758113861084 2.3534847497152177e-16
6.110561370849609 2.4940141331096066e-16
6.11354398727417 2.353272462082812e-16
6.116529941558838 2.3537814759445528e-16
6.119518756866455 2.353333871971488e-16
6.1225104331970215 2.353909324980029e-16
6.125504970550537 2.354490601340082e-16
6.12850284576416 2.355068171930991e-16
6.131503105163574 2.355613978786378e-16
6.134506702423096 2.3561788438830784e-16
6.137512683868408 2.356748738237903e-16
6.140522003173828 2.3572860747638174e-16
6.1435346603393555 2.3578011766748664e-16
6.146549701690674 2.3583340133382486e-16
6.1495680809021 2.358854673903014e-16
6.152588844299316 2.359404451225341e-16
6.155612945556641 2.359959522503589e-16
6.158640384674072 2.3612343070892065e-16
6.161670207977295 2.366624613007296e-16
6.164703369140625 2.4365458593141585e-16
6.167739391326904 2.4903170989926376e-16
6.170778274536133 3.5205518907328143e-16
6.173820495605469 2.6396471547089986e-16
6.176865577697754 5.780540879032306e-16
6.179913520812988 8.79539700077668e-15
6.182964324951172 4.554356926345668e-16
6.186018466949463 4.4686290393914155e-15
6.189075469970703 4.908264761763052e-16
6.192135810852051 3.8939007204764604e-16
6.195199012756348 2.5363051646770337e-16
6.198265075683594 3.758211336282242e-16
6.201333999633789 3.2212737099463927e-16
6.204406261444092 2.632462727129506e-16
6.207481861114502 2.373906449375723e-16
6.210559844970703 2.395329236100764e-16
6.21364164352417 2.3705924329695904e-16
6.216725826263428 2.423263059212231e-16
6.219813346862793 2.3732582044732773e-16
6.222903728485107 2.391219273422009e-16
6.225997447967529 2.445540025725019e-16
6.229094505310059 3.5008242286934657e-16
6.232193946838379 2.414355448980668e-16
6.235297203063965 2.371958008899242e-16
6.238402843475342 2.3726668695969754e-16
6.241512298583984 2.375719099882847e-16
6.244624137878418 3.140088248930028e-16
6.247739791870117 2.8382072947153716e-16
6.250857830047607 2.6371526426793347e-16
6.253979682922363 2.698817435332836e-16
6.25710391998291 2.376544427610828e-16
6.260231971740723 2.374201322720486e-16
6.263362884521484 2.374093855415303e-16
6.266496658325195 5.896481160665699e-16
6.269633769989014 2.375079060612078e-16
6.2727742195129395 2.3745515179046162e-16
6.2759175300598145 2.3744305510118365e-16
6.279064178466797 2.3748538027876676e-16
6.282214164733887 2.375344023105891e-16
6.285367012023926 2.377841976206903e-16
6.288523197174072 2.377200084051562e-16
6.291682243347168 2.376422137229068e-16
6.294844627380371 2.3772405828143526e-16
6.298010349273682 2.3773456678393714e-16
6.301178932189941 2.377417400942092e-16
6.304350852966309 2.3801750225809968e-16
6.307526111602783 2.3794095165549157e-16
6.310704708099365 2.378417164517648e-16
6.3138861656188965 2.8015940308725085e-16
6.317070960998535 2.368168859949259e-16
6.320259094238281 2.3516249830004025e-16
6.323450088500977 2.3506133080240257e-16
6.3266448974609375 2.35089812285254e-16
6.329842567443848 2.351196437268651e-16
6.333043098449707 2.351495281080354e-16
6.336247444152832 2.353597775674117e-16
6.339454650878906 2.3540726435201714e-16
6.342665672302246 2.5058246840700877e-16
6.345879554748535 2.352757889567355e-16
6.349096775054932 2.352976265249069e-16
6.352316856384277 2.353315078427971e-16
6.355540752410889 2.358419510726362e-16
6.358767509460449 2.362939754988944e-16
6.361998081207275 2.3581789004297827e-16
6.365231513977051 2.378350460673052e-16
6.368468284606934 2.3557450041954066e-16
6.371708393096924 2.3591127542541305e-16
6.3749518394470215 2.357920820078666e-16
6.378198623657227 2.3556497129888405e-16
6.381448268890381 2.644630884812406e-16
6.384701728820801 2.3647293767878146e-16
6.387958526611328 2.36871175512889e-16
6.391218662261963 2.35698087820501e-16
6.394481658935547 2.7567301367277964e-16
6.3977484703063965 2.356371279180783e-16
6.4010186195373535 2.3561478742409445e-16
6.40429162979126 2.3562749291830326e-16
6.407568454742432 2.3563988077515685e-16
6.410848617553711 2.356516598270796e-16
6.4141316413879395 2.35713837339364e-16
6.417418479919434 3.0299834949076257e-16
6.420708656311035 2.3568519703783496e-16
6.424002170562744 2.3569094098000853e-16
6.4272990226745605 2.356999936446323e-16
6.430599212646484 2.3570878161146007e-16
6.433902740478516 2.357139432184824e-16
6.4372100830078125 2.3578647041459105e-16
6.440520286560059 2.358836145057293e-16
6.44383430480957 2.357418688359622e-16
6.4471516609191895 3.3841679395218472e-16
6.450472354888916 2.359935170306355e-16
6.45379638671875 2.3578183820316075e-16
6.457123756408691 2.357407571052189e-16
6.460454940795898 2.35742080594199e-16
6.463789463043213 2.3573826894593636e-16
6.467127323150635 2.357405718167617e-16
6.470468521118164 2.357467128056293e-16
6.473813056945801 2.357343778883349e-16
6.477161407470703 2.357267016522504e-16
6.480513095855713 2.357404129980841e-16
6.48386812210083 2.3608613478946186e-16
6.487226963043213 2.368990746605892e-16
6.490589141845703 2.358342483667721e-16
6.493954658508301 2.3574610400069846e-16
6.497323513031006 4.032134909281586e-16
6.500696182250977 2.3571150799875905e-16
6.504072189331055 2.357200577375704e-16
6.507452011108398 2.3586582681383694e-16
6.51083517074585 2.364581410719841e-16
6.514221668243408 2.383844792824976e-16
6.517611980438232 2.362050899789919e-16
6.521005630493164 2.3569784959248457e-16
6.524402618408203 2.356268311738132e-16
6.527803421020508 2.3566611232674214e-16
6.531208038330078 2.3596731194882984e-16
6.534615993499756 2.3564917166779705e-16
6.538027286529541 2.35573547507475e-16
6.541442394256592 2.355639654472592e-16
6.54486083984375 2.3552886651950734e-16
6.548283100128174 2.354658155044961e-16
6.551708698272705 2.354475248867913e-16
6.555138111114502 2.3544831898017937e-16
6.558570861816406 2.3547100358129803e-16
6.562007427215576 2.358372129820875e-16
6.5654473304748535 2.3543717520296706e-16
6.5688910484313965 2.349654572606852e-16
6.572338581085205 2.34718653035679e-16
6.575789451599121 2.7237681142831913e-16
6.5792436599731445 5.553045299454338e-16
6.582702159881592 2.3498115383998903e-16
6.5861639976501465 2.352114144527442e-16
6.589629173278809 2.348011063991383e-16
6.5930986404418945 2.3462299125219846e-16
6.596571445465088 2.346513933257111e-16
6.600047588348389 2.3473853184015987e-16
6.603528022766113 2.3473519664793006e-16
6.607011795043945 2.347422111395245e-16
6.610498905181885 2.347655310153536e-16
6.613990306854248 2.347932448745966e-16
6.617485046386719 2.348811774824334e-16
6.620983600616455 2.3487098661728676e-16
6.624485492706299 2.3486913373271464e-16
6.627991676330566 2.3492265562706928e-16
6.631501197814941 2.351820594671659e-16
6.635014533996582 3.454516672769277e-16
6.638531684875488 2.3518708872529023e-16
6.64205265045166 2.3620056364668e-16
6.6455769538879395 2.8306681720892163e-16
6.649105548858643 1.2240291008688235e-14
6.652637481689453 7.633546153346072e-16
6.656173229217529 6.841931395457068e-16
6.659712791442871 3.6680737958045835e-16
6.6632561683654785 7.291384017929145e-16
6.666803359985352 2.3575830656909485e-16
6.670353889465332 2.353565482543003e-16
6.673908710479736 2.3563511621482855e-16
6.677467346191406 2.871734711652269e-16
6.681029319763184 3.254756922351355e-16
6.684595584869385 7.176040365127975e-16
6.688165187835693 2.1295469202739547e-15
6.691739082336426 2.809248561737727e-16
6.695316314697266 2.4883374241762267e-16
6.698897838592529 2.3963448815440813e-16
6.702483177185059 2.379052968623681e-16
6.706071853637695 2.413372096668465e-16
6.709664821624756 2.3594261564446146e-16
6.713261604309082 2.378197200649158e-16
6.716862201690674 3.4708675850248373e-16
6.720466613769531 3.897560961599783e-16
6.724074840545654 2.422233914181317e-16
6.727686882019043 2.8926447787464254e-16
6.7313032150268555 2.36022792606875e-16
6.734922885894775 2.41004960993286e-16
6.738546848297119 6.734894912406976e-15
6.7421746253967285 6.599788498638706e-16
6.7458062171936035 2.372252352848413e-16
6.749441623687744 2.363923371998943e-16
6.753081321716309 2.5641309910877255e-16
6.7567243576049805 2.42933522665286e-16
6.760371685028076 2.374597310623327e-16
6.764023303985596 2.367057393903784e-16
6.767678260803223 2.367774195535398e-16
6.771337509155273 2.3688329867194657e-16
6.77500057220459 2.6447280289035443e-16
6.77866792678833 2.383778883073768e-16
6.782339096069336 2.4023368455525175e-16
6.786014080047607 2.7448751165375844e-16
6.7896928787231445 2.9104295589630095e-16
6.7933759689331055 2.3975982256082217e-16
6.797062873840332 2.391098571227025e-16
6.800754070281982 2.38818080742153e-16
6.804449081420898 2.46380682062815e-16
6.80814790725708 3.0860748107681935e-16
6.8118510246276855 2.3985492847893107e-16
6.815558433532715 2.504234379711618e-16
6.81926965713501 2.3825072748617023e-16
6.82298469543457 2.387431447961006e-16
6.826704025268555 2.391894782197444e-16
6.830427169799805 2.387137898105223e-16
6.8341546058654785 2.3850404327695847e-16
6.837885856628418 2.38509390172438e-16
6.841621398925781 2.385591798278688e-16
6.845361232757568 2.389540295301873e-16
6.849104881286621 2.3887642013639514e-16
6.8528523445129395 2.4256598977551646e-16
6.85660457611084 2.479074324804613e-16
6.860360622406006 2.3943800298042474e-16
6.8641204833984375 2.3897652884284875e-16
6.867884635925293 2.3923873847958316e-16
6.871653079986572 2.452624662235413e-16
6.875425815582275 3.4905282785217936e-16
6.879202365875244 2.4970078651825585e-16
6.882983207702637 2.391880488516459e-16
6.886767864227295 2.394235504807622e-16
6.890557289123535 2.40093977058514e-16
6.894350528717041 2.3928185775055433e-16
6.898148059844971 2.3923090342482106e-16
6.901949405670166 2.4444256480037876e-16
6.905755519866943 2.5089232364702624e-16
6.909565448760986 2.429396636541536e-16
6.913379669189453 2.394591258645469e-16
6.917198181152344 2.398448170231232e-16
6.921020984649658 2.3963657926699667e-16
6.924847602844238 2.396558227967671e-16
6.9286789894104 2.400442932822016e-16
6.932514190673828 2.4010252679732534e-16
6.936354160308838 2.4053340186968176e-16
6.940197944641113 2.4091975477274813e-16
6.9440460205078125 2.40224896588424e-16
6.9478983879089355 2.403155820533394e-16
6.951755046844482 2.4017754215271655e-16
6.955615997314453 2.4027571856525924e-16
6.959481716156006 2.407122052308912e-16
6.963351249694824 2.4042868742157745e-16
6.967225074768066 2.4192295941965244e-16
6.971103191375732 2.753262595599974e-16
6.974985599517822 2.408490010518728e-16
6.978872776031494 2.412356186527352e-16
6.982763767242432 2.408131080307329e-16
6.986659049987793 2.411505183113157e-16
6.990559101104736 2.4358557921599423e-16
6.9944634437561035 2.464993196149898e-16
6.9983720779418945 2.5242892082268434e-16
7.002285003662109 2.4082181658822185e-16
7.006202220916748 2.412392714823202e-16
7.010124206542969 2.412607384735772e-16
7.014050006866455 2.4181371863923624e-16
7.017980575561523 2.4164860015408085e-16
7.021915435791016 2.4139112860789515e-16
7.02585506439209 2.4122450134530246e-16
7.02979850769043 2.4129430215411214e-16
7.033746719360352 3.085317245675993e-16
7.0376996994018555 2.410506213630989e-16
7.041656494140625 2.409783588647863e-16
7.045618057250977 2.4902053965227184e-16
7.049583911895752 2.409782265158883e-16
7.053554534912109 2.408666299250875e-16
7.057529449462891 2.4216304032063983e-16
7.061508655548096 2.695248250251343e-16
7.065492630004883 2.770484893000022e-16
7.069481372833252 2.558072587932489e-16
7.073473930358887 2.558223730374015e-16
7.077471733093262 2.409491097583264e-16
7.081473350524902 2.575558259639574e-16
7.085479736328125 2.438658147726374e-16
7.08949089050293 4.4233008123729304e-16
7.093506336212158 2.6291301818776524e-16
7.097526550292969 2.412844024565411e-16
7.101551055908203 2.4246903097283545e-16
7.1055803298950195 1.9410141151158557e-15
7.109614372253418 2.418881516594762e-16
7.11365270614624 2.5368327073844955e-16
7.1176958084106445 2.4832345800646115e-16
7.121743202209473 2.4420399267682867e-16
7.125795364379883 2.42069125542613e-16
7.129852294921875 2.586025998680861e-16
7.133913516998291 2.41579143452406e-16
7.137979507446289 2.415991546057849e-16
7.142050266265869 2.420863838389133e-16
7.146125793457031 2.47912435268806e-16
7.150205612182617 2.823926848620256e-16
7.154290199279785 2.426738541273934e-16
7.158379554748535 2.5088147103738954e-16
7.162473678588867 2.429485575000998e-16
7.166572093963623 2.588710563728065e-16
7.170675754547119 1.0421551393464457e-15
7.174783706665039 5.425722483196624e-16
7.178896427154541 2.466333625788928e-16
7.183013916015625 3.0662341227699456e-16
7.187136173248291 2.508747477133707e-16
7.191263198852539 2.4459180141777313e-16
7.195394992828369 2.504002769140103e-16
7.199531078338623 2.439347950182794e-16
7.203672409057617 2.4220221559445034e-16
7.207818508148193 2.4326913300085594e-16
7.211969375610352 2.5367707681002276e-16
7.216124534606934 2.568023107480359e-16
7.220284938812256 2.427350257880529e-16
7.22445011138916 2.4339084104746454e-16
7.2286200523376465 2.452165940954916e-16
7.232794761657715 2.4627199714777044e-16
7.236974239349365 3.2284644902729896e-16
7.241158962249756 2.417571262504478e-16
7.24534797668457 2.420379706120218e-16
7.249542236328125 2.522023130395142e-16
7.253741264343262 3.3453428608954663e-16
7.2579450607299805 2.428548544803098e-16
7.262153625488281 2.4257374542093976e-16
7.266367435455322 3.021499930545282e-16
7.270585536956787 2.457785475164356e-16
7.274808883666992 2.575993952211818e-16
7.2790374755859375 2.5071307029956354e-16
7.283270835876465 2.903137399380538e-16
7.287508964538574 2.4195768777048987e-16
7.291751861572266 2.4497301918359677e-16
7.296000003814697 2.4336310071844196e-16
7.300252914428711 2.47266943223439e-16
7.304510593414307 2.4161598938561156e-16
7.308773517608643 3.7582526291384205e-16
7.313041687011719 2.446159418567699e-16
7.317314147949219 2.4514443747629736e-16
7.321592330932617 2.41781901964155e-16
7.3258748054504395 2.423122769380342e-16
7.33016300201416 3.3395743018268685e-16
7.334455966949463 2.594527297795538e-16
7.338753700256348 2.4329115585748455e-16
7.343056678771973 2.428829124466876e-16
7.347364902496338 2.5324336947124895e-16
7.351677894592285 2.415902078202795e-16
7.355996131896973 2.413652676332243e-16
7.360319137573242 2.4218993361671516e-16
7.364647388458252 2.491540002810236e-16
7.368980884552002 3.140178246180674e-16
7.373319149017334 2.50186506973947e-16
7.3776631355285645 2.570424975281417e-16
7.382011890411377 2.4154595034878547e-16
7.3863654136657715 2.56304546542626e-16
7.3907246589660645 2.440122985329532e-16
7.3950886726379395 2.4149139613302637e-16
7.399457931518555 2.449826012438126e-16
7.40383243560791 2.4211468003330753e-16
7.408212184906006 2.4161707464657523e-16
7.412596702575684 2.4143962124412546e-16
7.41698694229126 2.4763103504186037e-16
7.421381950378418 2.4292126715733044e-16
7.425782680511475 2.4152662740967623e-16
7.430188179016113 2.418679022780809e-16
7.43459939956665 2.423417113329513e-16
7.4390153884887695 3.858751500143367e-16
7.443436622619629 2.629840895459958e-16
7.4478631019592285 2.638826591541346e-16
7.452295303344727 2.414000753934005e-16
7.456732273101807 2.860814339379793e-16
7.461174964904785 2.7615508129888574e-16
7.465622425079346 2.5958266992761854e-16
7.470075607299805 4.025859453933616e-16
7.474534034729004 6.270399620066374e-16
7.478997707366943 7.327694202795569e-16
7.483467102050781 2.4124154788336596e-16
7.487941265106201 2.6415148623576943e-16
7.4924211502075195 2.5074716337569053e-16
7.496906280517578 3.8096704407125127e-16
7.501396656036377 2.415711760487459e-16
7.505892276763916 2.4264410209512107e-16
7.5103936195373535 2.4104188633583036e-16
7.514900207519531 2.4094818331604035e-16
7.519412517547607 2.466159454639149e-16
7.523930072784424 2.4403680954886435e-16
7.5284528732299805 2.4063740163373683e-16
7.5329813957214355 2.427768480398236e-16
7.537515163421631 2.4190244534046113e-16
7.542054176330566 2.488603974856816e-16
7.5465989112854 2.555780040321186e-16
7.551149368286133 2.4382187493849857e-16
7.5557050704956055 2.4218043096583815e-16
7.560266494750977 2.4105856229697943e-16
7.564833164215088 2.4345026570267035e-16
7.5694050788879395 2.516606089999655e-16
7.573983192443848 2.406387780622761e-16
7.578566551208496 2.470948631862484e-16
7.583155155181885 2.5416356488932234e-16
7.587749481201172 2.4191708312858086e-16
7.592349529266357 2.435459010163713e-16
7.596955299377441 2.4228353075738676e-16
7.601566314697266 2.487720943009303e-16
7.606183052062988 2.4810169419295814e-16
7.610805511474609 2.421628020926234e-16
7.615433692932129 2.4705955250025973e-16
7.620067119598389 2.407005849976461e-16
7.624706745147705 2.4055050134730446e-16
7.629351615905762 2.4421489822602457e-16
7.634002208709717 2.4512715271021745e-16
7.63865852355957 2.545869225442719e-16
7.643320083618164 2.4525950160822593e-16
7.6479878425598145 2.427628984659735e-16
7.652661323547363 2.469625936975787e-16
7.6573405265808105 2.408321133324869e-16
7.662024974822998 2.7127868615176313e-16
7.666715621948242 2.433025378627133e-16
7.671411991119385 2.4337059166606924e-16
7.676114082336426 2.7345823427394646e-16
7.680821895599365 6.590802537859521e-16
7.685535430908203 2.6195661211119673e-16
7.6902546882629395 2.4287142456234044e-16
7.694979667663574 2.7288121954840907e-16
7.699710845947266 2.6428089698824213e-16
7.7044477462768555 2.5251095066967e-16
7.709190368652344 2.825515300094154e-16
7.7139387130737305 2.599092011287851e-16
7.718693256378174 2.6236249971160915e-16
7.723453044891357 2.6853017011704134e-16
7.728219509124756 2.8522013377951967e-16
7.7329912185668945 3.7616500253502983e-16
7.73776912689209 2.648386152444499e-16
7.742552757263184 2.4871364902756977e-16
7.747342586517334 3.0022577242638283e-16
7.752138137817383 4.2427605042260046e-16
7.756939888000488 7.477356983641523e-16
7.761747360229492 2.9785643598445534e-16
7.7665605545043945 2.7671557888195167e-16
7.7713799476623535 2.788470314145987e-16
7.776205539703369 2.6733365666970583e-16
7.781036853790283 2.478141529771449e-16
7.785874366760254 2.7407733594905055e-16
7.790717601776123 2.437830967113821e-16
7.795567035675049 2.5616203324925046e-16
7.800422668457031 2.492553530671185e-16
7.80528450012207 3.334275051950609e-16
7.810152053833008 2.494157599315048e-16
7.815025806427002 2.5065263979273287e-16
7.8199052810668945 2.507563219194327e-16
7.824791431427002 2.4574456031942703e-16
7.829683303833008 2.8031258370180587e-16
7.83458137512207 2.7816921976833806e-16
7.8394856452941895 2.4262030576325914e-16
7.844396114349365 2.6779576608199226e-16
7.849312782287598 9.180880001006218e-16
7.8542351722717285 2.4344830693897983e-16
7.859164237976074 3.0258947080525516e-16
7.864099502563477 5.379467072738251e-16
7.869040489196777 2.4644206548171134e-16
7.873988151550293 5.203774969423172e-16
7.878942012786865 2.8932726419185777e-16
7.883901596069336 2.6069694176973158e-16
7.8888678550720215 2.622460856209209e-16
7.893840312957764 2.9569104919435893e-16
7.8988189697265625 6.244825577806398e-16
7.903804302215576 3.1438546338695536e-16
7.908795356750488 2.717068877763798e-16
7.913793087005615 2.4406447046854813e-16
7.918797016143799 2.4914510643507743e-16
7.923807144165039 2.570018664164531e-16
7.928823947906494 2.8121364146922723e-16
7.933846950531006 4.247208221292478e-16
7.938876152038574 2.4473280593371137e-16
7.943912029266357 2.767596510649885e-16
7.948954105377197 2.5156616482634663e-16
7.954002857208252 2.6157134446909403e-16
7.959057807922363 2.4404917093593834e-16
7.964118957519531 2.4397598199533965e-16
7.969186782836914 2.4391181924958514e-16
7.974261283874512 2.448609990763224e-16
7.979341983795166 2.869351372696932e-16
7.984428882598877 5.910899249614743e-16
7.989522933959961 2.523970776778235e-16
7.994622707366943 4.179979745664496e-16
7.999729633331299 2.792583982593887e-16
8.004842758178711 2.63361416254218e-16
8.009963035583496 2.6538436916027767e-16
8.01508903503418 2.589752678950984e-16
8.020221710205078 3.3444847106407793e-16
8.025361061096191 2.48389526576347e-16
8.03050708770752 2.445433087815428e-16
8.035659790039062 2.512554096138227e-16
8.04081916809082 2.619547062870654e-16
8.045985221862793 2.45182474549585e-16
8.05115795135498 2.464788320055781e-16
8.056337356567383 2.785066565187005e-16
8.0615234375 2.6734943265834844e-16
8.066715240478516 2.4734248797442227e-16
8.071914672851562 3.435999209053318e-16
8.077120780944824 2.477487726215287e-16
8.0823335647583 2.786986947697108e-16
8.087553024291992 2.4549383856703976e-16
8.092779159545898 8.997126791011239e-16
8.09801197052002 3.139041898542373e-16
8.103251457214355 2.458468660175876e-16
8.108498573303223 2.8731963728818746e-16
8.113751411437988 2.4581544638920037e-16
8.119011878967285 2.544402270257193e-16
8.124279022216797 2.515800349908579e-16
8.129552841186523 2.8072119768951726e-16
8.134833335876465 3.0143205322239136e-16
8.140120506286621 2.447503024580281e-16
8.145415306091309 2.617862261399006e-16
8.150715827941895 2.45553766148058e-16
8.156023979187012 2.5743017392018815e-16
8.16133975982666 3.0571412240811707e-16
8.166661262512207 5.301064114953617e-16
8.171990394592285 2.6540731845919234e-16
8.177326202392578 2.5791989131259915e-16
8.182668685913086 3.2407072927343665e-16
8.188018798828125 2.595431770164528e-16
8.193375587463379 2.508168318356022e-16
8.198740005493164 2.4918129062379295e-16
8.204110145568848 2.467738641690186e-16
8.209488868713379 2.5045705459125593e-16
8.214873313903809 2.689816651477075e-16
8.22026538848877 2.452181822822677e-16
8.225665092468262 2.4377324995337026e-16
8.231070518493652 4.89828247847966e-16
8.23648452758789 2.6875807491941195e-16
8.241905212402344 2.5694204471455326e-16
8.247332572937012 2.563434571186405e-16
8.252767562866211 2.8356759896920613e-16
8.258209228515625 2.9263728366127036e-16
8.26365852355957 2.639485159657836e-16
8.26911449432373 3.5433005487181047e-16
8.274578094482422 2.721191281238966e-16
8.280049324035645 2.626624552540556e-16
8.285527229309082 3.0682595903050675e-16
8.291011810302734 2.4908020253549407e-16
8.296504974365234 2.633894742205958e-16
8.30200481414795 1.3026860626585155e-15
8.307511329650879 2.480139468735785e-16
8.313026428222656 2.5306390436554945e-16
8.318548202514648 1.0921526354866701e-15
8.324076652526855 2.6221932467374357e-16
8.32961368560791 2.649780580433916e-16
8.33515739440918 4.204155389468114e-16
8.340707778930664 2.4685832923572763e-16
8.346266746520996 2.61760947500381e-16
8.351832389831543 2.5337418312204054e-16
8.357406616210938 2.579801894705318e-16
8.362987518310547 2.851538799211766e-16
8.368575096130371 2.678931748709265e-16
8.374171257019043 4.026519345539086e-16
8.37977409362793 2.570798728569393e-16
8.385385513305664 3.4316671649237043e-16
8.391003608703613 2.4673241249416236e-16
8.396629333496094 2.5061510564525766e-16
8.402262687683105 2.446737783251996e-16
8.407903671264648 3.64608693807623e-16
8.413552284240723 3.4041682402910934e-16
8.419208526611328 5.28294322147565e-15
8.424872398376465 2.7514569331146647e-15
8.430543899536133 3.4054189373772736e-16
8.436223030090332 3.0862113948309383e-16
8.441908836364746 2.5817545703465353e-16
8.447603225708008 2.936985100650616e-16
8.4533052444458 2.9369128381523033e-16
8.459015846252441 4.3142807899186056e-16
8.464733123779297 2.5452125102108007e-16
8.470458030700684 2.9857270822047726e-16
8.476190567016602 2.5480355122053217e-16
8.481931686401367 2.7100144168021496e-16
8.487680435180664 2.4946176440845253e-16
8.493436813354492 2.71170636511429e-16
8.499200820922852 2.459187579389858e-16
8.504972457885742 2.6234068861321735e-16
8.510751724243164 2.9958028038101585e-16
8.516539573669434 2.995203527999976e-16
8.522335052490234 3.567674186473143e-16
8.528139114379883 3.076425517312191e-16
8.533949851989746 2.5402933663696214e-16
8.539769172668457 2.5148966716329773e-16
8.5455961227417 4.318202023068801e-16
8.551431655883789 3.1469746267912056e-16
8.55727481842041 2.71298697305142e-16
8.563125610351562 2.632510637430585e-16
8.568984985351562 2.445788841653275e-16
8.574851989746094 1.4668638118468563e-15
8.580726623535156 2.603350998825764e-16
8.586609840393066 2.7046759916520794e-16
8.592501640319824 2.486281781092359e-16
8.598401069641113 2.71263942484525e-16
8.604308128356934 4.688748761943811e-16
8.610223770141602 2.6047933371162602e-16
8.616147994995117 5.33393852242774e-16
8.622079849243164 2.752074896589246e-16
8.628019332885742 2.6859287702491776e-16
8.633968353271484 2.979041345272976e-16
8.639924049377441 4.141605712082528e-16
8.645889282226562 2.865572282263198e-16
8.651862144470215 2.4632491023719423e-16
8.657843589782715 2.953367247246106e-16
8.663832664489746 3.4934767472716267e-16
8.669830322265625 2.681909863612252e-16
8.675836563110352 2.5872631961794445e-16
8.681851387023926 2.5827437460102507e-16
8.687873840332031 2.755007748169114e-16
8.693904876708984 3.0287619145790074e-16
8.699944496154785 2.697711263243281e-16
8.705992698669434 5.542760201892303e-16
8.712048530578613 7.676508193826402e-16
8.71811294555664 3.685540938665947e-16
8.724186897277832 3.221701461584756e-16
8.730268478393555 4.0424830049190735e-16
8.736358642578125 4.634734529688589e-16
8.742456436157227 2.801429388843386e-16
8.748563766479492 2.961244124259979e-16
8.754679679870605 3.265955756705241e-16
8.760804176330566 2.510521217064817e-16
8.766937255859375 3.332139205434548e-16
8.773077964782715 2.7033043276731194e-16
8.779228210449219 2.4466377274851014e-16
8.78538703918457 2.7710510815857025e-16
8.79155445098877 2.605051417467377e-16
8.797730445861816 2.9157912775191292e-16
8.803915023803711 2.638143406529826e-16
8.810108184814453 2.9247790911828854e-16
8.816309928894043 1.3151156358847619e-15
8.822521209716797 4.564290505234593e-16
8.828741073608398 3.4685813901606387e-16
8.834968566894531 2.605444758392258e-16
8.841206550598145 2.8393600536170255e-16
8.847452163696289 3.0811477259931337e-16
8.853707313537598 2.501068594071255e-16
8.859970092773438 5.343739752418657e-16
8.866243362426758 2.5959076968017666e-16
8.87252426147461 2.725340683889328e-16
8.878814697265625 3.154701155456941e-16
8.885113716125488 2.63149552138286e-16
8.891422271728516 3.233977086572839e-16
8.89773941040039 3.4636042775021316e-16
8.904065132141113 6.91131504054022e-16
8.910400390625 2.460511862463331e-16
8.916744232177734 3.0173793799546857e-16
8.923097610473633 2.5685935312307756e-16
8.929459571838379 4.0522310306529905e-16
8.935831069946289 2.899052318294608e-16
8.942212104797363 3.596343075364149e-16
8.948601722717285 2.760996800501794e-16
8.954999923706055 3.420404273703182e-16
8.961407661437988 2.838321908861047e-16
8.967824935913086 3.086909932314627e-16
8.974250793457031 1.9418092672950906e-15
8.98068618774414 3.279247027136641e-16
8.987131118774414 2.565713089814519e-16
8.993584632873535 2.995033327317137e-16
9.00004768371582 3.425160363702015e-16
9.00652027130127 2.888693370047484e-16
9.013002395629883 2.6239217233454265e-16
9.019493103027344 2.869647304832879e-16
9.025994300842285 3.70576808544638e-16
9.032504081726074 2.9084980591454737e-16
9.039023399353027 3.805450099052818e-16
9.045552253723145 7.469237643446499e-16
9.05208969116211 6.141266270883903e-16
9.058637619018555 2.7756989101859644e-16
9.065195083618164 1.0173037220695966e-15
9.071761131286621 2.9548077326520305e-16
9.078337669372559 2.64353741821706e-16
9.084922790527344 2.508197170415788e-16
9.09151840209961 2.70858425461027e-16
9.098122596740723 2.759845100391324e-16
9.104737281799316 4.85977900767544e-16
9.111361503601074 3.48235970453671e-16
9.117995262145996 2.883515087064004e-16
9.124638557434082 3.522063050450275e-16
9.131291389465332 2.813221410958146e-16
9.137953758239746 3.252567606880499e-16
9.14462661743164 3.354931538556181e-16
9.151308059692383 3.272972630579855e-16
9.157999992370605 3.9026090132676227e-16
9.164702415466309 3.6020721944611403e-16
9.17141342163086 3.9385532799008326e-15
9.17813491821289 8.573005218222394e-16
9.184865951538086 4.3757113250226316e-16
9.191607475280762 1.3358242150165902e-15
9.198358535766602 4.532778762014365e-16
9.205119132995605 2.74196661715495e-16
9.21189022064209 2.959888606846576e-16
9.218670845031738 4.987272289313789e-16
9.225461959838867 4.797793665990962e-16
9.23226261138916 1.3583726555889734e-15
9.239073753356934 3.9906009134107676e-16
9.245894432067871 3.318725909319184e-16
9.252725601196289 3.3439126987035866e-16
9.259567260742188 2.994796687487498e-16
9.26641845703125 2.7093299083016497e-16
9.273280143737793 3.1509376821931717e-16
9.2801513671875 4.671881159590426e-16
9.287033081054688 3.748308197639859e-16
9.293925285339355 3.6208562088576885e-16
9.300827026367188 2.852049136562487e-16
9.307740211486816 2.950383838387199e-16
9.31466293334961 2.4100609389985294e-15
9.321596145629883 5.315047040726009e-16
9.32853889465332 2.849820116422228e-16
9.335493087768555 5.049699146922023e-16
9.342456817626953 2.781775048093534e-16
9.349431991577148 2.527930655806649e-16
9.356416702270508 2.5128751745647957e-16
9.363411903381348 7.309541757340317e-16
9.370417594909668 2.523911749169723e-16
9.377433776855469 2.5420909291023726e-16
9.384461402893066 3.4001585980770284e-16
9.391498565673828 2.986375591805014e-16
9.39854621887207 2.5753115612936863e-16
9.40560531616211 3.790267298171081e-16
9.412673950195312 3.197649431651878e-16
9.419754028320312 3.4230441048228595e-16
9.426844596862793 2.5747032857584393e-16
9.433945655822754 3.7681226805563013e-16
9.441057205200195 3.4160519007828344e-15
9.448180198669434 2.6386039806948957e-16
9.455313682556152 3.0194212587531606e-16
9.462457656860352 4.3742181647553e-16
9.469612121582031 3.3081880253619524e-16
9.476778030395508 2.579113151040082e-16
9.483954429626465 5.691077788538899e-16
9.491142272949219 3.3034605227250894e-16
9.498340606689453 2.8755836823041517e-16
9.505550384521484 7.295870645571633e-16
9.512770652770996 5.495718638979759e-16
9.520001411437988 2.821820118861757e-16
9.527243614196777 2.791132909276122e-16
9.534497261047363 2.5929298465965757e-16
9.54176139831543 3.239512711580942e-16
9.549036979675293 5.347599046284584e-16
9.556323051452637 5.070419160998639e-16
9.563620567321777 4.2114819597640675e-16
9.570929527282715 2.8225168034608737e-16
9.57824993133545 2.8252394849907043e-16
9.585580825805664 2.655609755297802e-16
9.592923164367676 2.694346424860313e-16
9.600276947021484 2.8829888678455224e-16
9.60764217376709 3.1455410235279777e-16
9.615017890930176 2.6388189153052615e-16
9.622406005859375 2.623069925837844e-16
9.629804611206055 2.8864042635075293e-16
9.637214660644531 2.6605156642491804e-16
9.644637107849121 2.9571653959211536e-16
9.652070045471191 2.7150802032223224e-16
9.659514427185059 4.153146006593276e-16
9.666970252990723 3.19396563242471e-16
9.6744384765625 2.895400018105166e-16
9.681917190551758 2.760564019605306e-16
9.689408302307129 3.42196413781511e-16
9.696910858154297 5.506139791208947e-16
9.704424858093262 7.49228593933688e-16
9.711950302124023 5.173223020411301e-16
9.719488143920898 3.344478622591471e-16
9.727036476135254 7.589151568393698e-16
9.734597206115723 4.3100069793041156e-16
9.742170333862305 2.7150539981405167e-16
9.749754905700684 2.832142274115235e-16
9.75735092163086 2.541361951372142e-16
9.764958381652832 3.171003363318034e-16
9.772578239440918 2.702301123026215e-16
9.780210494995117 4.334910806744576e-16
9.787854194641113 2.833224888100944e-16
9.795509338378906 2.5499805116104544e-16
9.803177833557129 2.8476249775998593e-16
9.810856819152832 3.0129499270361378e-16
9.818549156188965 1.0188814268129761e-15
9.826252937316895 2.544231804876558e-16
9.833968162536621 3.01545317409307e-16
9.841696739196777 2.822819353041721e-16
9.84943675994873 3.548784028260392e-16
9.857189178466797 7.233532726422861e-16
9.864953994750977 3.3185811196247627e-16
9.872730255126953 2.7956166252428533e-16
9.88051986694336 3.0958051017497773e-16
9.888320922851562 3.0102627150109735e-16
9.896134376525879 3.2560854405895643e-16
9.903960227966309 2.636611865082072e-16
9.911799430847168 2.627188358846072e-16
9.919650077819824 3.233977351270635e-16
9.927513122558594 2.7190448468110645e-16
9.935389518737793 2.6568493350765494e-16
9.943277359008789 3.0371282178177157e-16
9.951178550720215 2.56981405276821e-16
9.959091186523438 2.74205767319678e-16
9.96701717376709 3.6110425380703594e-16
9.974956512451172 4.775902099469174e-16
9.98290729522705 2.542561826481487e-16
9.99087142944336 7.050246443340055e-16
9.998847961425781 2.7849966849688565e-16
10.006837844848633 2.7223511869811125e-16
10.014840126037598 2.873465305842628e-16
10.022854804992676 8.954133516190978e-16
10.030882835388184 6.161409243765203e-16
10.038923263549805 2.879631705698639e-16
10.046977043151855 2.887759516223136e-16
10.05504322052002 2.824738941458436e-16
10.063122749328613 3.12548698910614e-16
10.071215629577637 2.6935054799623673e-16
10.079320907592773 2.8977926214833634e-16
10.08743953704834 2.9103490908330204e-16
10.095571517944336 2.70262511312854e-16
10.103715896606445 2.8764375973941024e-16
10.1118745803833 4.0838655936505704e-16
10.12004566192627 3.760303242964164e-16
10.128230094909668 3.07419596777634e-16
10.13642692565918 3.030535919207913e-16
10.144638061523438 4.0369121751041004e-16
10.152862548828125 2.922382252639952e-16
10.161100387573242 2.7032310063836227e-16
10.169350624084473 3.637180651333647e-16
10.17761516571045 2.8933634332626115e-16
10.185893058776855 2.666859676326319e-16
10.194184303283691 2.641013789429834e-16
10.202488899230957 2.615096963524017e-16
10.210807800292969 2.8298311976582106e-16
10.219139099121094 2.784540610666319e-16
10.227484703063965 2.539276132739528e-16
10.235843658447266 1.768169842448564e-15
10.244216918945312 2.6213774481301114e-16
10.252603530883789 2.714496544582105e-16
10.261003494262695 2.6388504143429875e-16
10.269417762756348 2.6756471137584904e-16
10.27784538269043 3.7414355840640744e-16
10.286287307739258 2.887273531069649e-16
10.294742584228516 2.69532554200778e-16
10.30321216583252 2.5441939530917274e-16
10.311695098876953 2.720078491704511e-16
10.32019329071045 2.8685911606267714e-16
10.328704833984375 2.5348646792711094e-16
10.33722972869873 2.565601916740192e-16
10.345769882202148 2.574497086175342e-16
10.354323387145996 3.1383918007553554e-16
10.36289119720459 4.0643690127871446e-16
10.37147331237793 2.6769126339212476e-16
10.380069732666016 5.249373399951831e-16
10.388679504394531 2.620125162857155e-16
10.39730453491211 4.133056767364568e-16
10.405943870544434 2.515391921209325e-16
10.414597511291504 2.5666106800408125e-16
10.42326545715332 2.5632850169316553e-16
10.431947708129883 3.2194001789461846e-16
10.440644264221191 2.749220395556999e-16
10.449356079101562 5.611698095886962e-16
10.458081245422363 3.052872972120397e-16
10.466822624206543 2.9524998325685585e-16
10.475577354431152 3.745266555265828e-16
10.484347343444824 3.171015539416651e-16
10.493131637573242 2.801818759301327e-16
10.501931190490723 6.271337179659866e-16
10.51074504852295 3.0727242480304857e-16
10.519573211669922 2.4932171280457995e-16
10.528417587280273 2.515296630002759e-16
10.537275314331055 6.16701236671129e-16
10.546149253845215 3.0500573816641646e-16
10.555037498474121 3.061385123844711e-16
10.56394100189209 4.692760521740245e-16
10.572858810424805 2.6010245698965706e-16
10.581792831420898 2.755554878513481e-16
10.590741157531738 2.5973852398991333e-16
10.59970474243164 5.99702555969156e-16
10.608683586120605 7.729333403581917e-16
10.617677688598633 1.8627741052944496e-15
10.626687049865723 2.613024909176796e-16
10.635712623596191 2.612852326213793e-16
10.644752502441406 4.838184432080783e-16
10.653807640075684 5.778612290890527e-16
10.66287899017334 8.593315480110776e-16
10.671964645385742 4.1188745241517747e-16
10.681066513061523 5.2379612191743555e-16
10.690183639526367 2.7765570604406514e-16
10.69931697845459 3.2061205552178092e-16
10.708465576171875 3.085455947321106e-16
10.717629432678223 6.601428036787235e-16
10.72680950164795 3.338721445528102e-16
10.736004829406738 2.5970564852364803e-16
10.745216369628906 2.8136224281191116e-16
10.754444122314453 2.7307886939269494e-16
10.763687133789062 6.994466147389807e-16
10.77294635772705 8.381840469938939e-16
10.782220840454102 2.799822937919359e-16
10.791511535644531 3.4472073078300645e-16
10.80081844329834 3.618042471286028e-16
10.810141563415527 4.690731348435978e-16
10.819480895996094 1.030192175395018e-15
10.828836441040039 2.8210461425062035e-16
10.838208198547363 2.8449258541738743e-16
10.84759521484375 3.5314402345719724e-16
10.856999397277832 2.7730352562646457e-16
10.866419792175293 2.889423671266695e-16
10.875856399536133 3.3182184836442195e-16
10.885309219360352 3.3694933584084625e-16
10.894779205322266 3.0735156944405764e-16
10.904265403747559 2.972867004483084e-16
10.91376781463623 3.805747354677745e-16
10.923286437988281 4.128753310596924e-16
10.932822227478027 2.611402311687212e-16
10.942375183105469 2.7282732707714e-16
10.951944351196289 3.1320930520013356e-16
10.961529731750488 2.9776278590422454e-16
10.971132278442383 2.5463914741942603e-16
10.980751991271973 2.9610745059122914e-15
10.990388870239258 6.379510698562528e-16
11.000041961669922 1.748722389496079e-15
11.009712219238281 6.050209170262882e-16
11.019399642944336 2.0726699284152493e-15
11.029104232788086 1.5985354011348926e-15
11.038825035095215 3.847157736677824e-16
11.048563957214355 3.332687394570099e-16
11.058320045471191 2.689134789954535e-16
11.068092346191406 3.223965421834089e-16
11.077882766723633 3.015562494282825e-16
11.087690353393555 4.600981854927281e-16
11.097516059875488 2.7285297629357406e-16
11.1073579788208 3.3690555482538504e-16
11.117218017578125 3.6211696110481726e-16
11.127096176147461 1.15061696708853e-15
11.136990547180176 4.5001928751379e-16
11.146903991699219 3.4208463190225306e-16
11.15683364868164 3.5514574760001636e-16
11.16678237915039 3.029331808933832e-16
11.17674732208252 1.662622972715337e-15
11.186731338500977 1.0342165348065416e-15
11.196732521057129 6.379473640871086e-16
11.206751823425293 2.6931653432944855e-16
11.216789245605469 5.193035121047579e-16
11.226844787597656 4.4244096314404455e-16
11.236918449401855 4.2591717675790567e-16
11.24700927734375 3.5805620574634134e-16
11.257119178771973 1.5936790436109284e-15
11.267247200012207 7.111803503990577e-16
11.277393341064453 2.8019256972109177e-16
11.287557601928711 6.40447223012252e-16
11.29773998260498 3.8528445041274525e-16
11.307941436767578 4.556677267225553e-16
11.318160057067871 7.544691338387912e-16
11.328398704528809 8.547162772397257e-16
11.338654518127441 7.543219618642058e-16
11.348930358886719 5.260853343365087e-16
11.359223365783691 2.607008063575534e-16
11.369536399841309 3.9855330094082267e-16
11.379867553710938 2.7379665040615415e-16
11.390216827392578 3.403552817915354e-16
11.400586128234863 6.477826871541519e-16
11.41097354888916 3.1278324762766465e-16
11.421380043029785 7.6350808711673785e-16
11.431805610656738 2.380804421000366e-15
11.44225025177002 5.086037919150416e-16
11.452713966369629 4.212129145875329e-16
11.463197708129883 9.780780497987236e-16
11.473699569702148 4.282684078705856e-16
11.484220504760742 3.304918478185551e-16
11.49476146697998 1.684720580001544e-15
11.505321502685547 5.219346081971666e-16
11.515901565551758 4.3017084387011876e-16
11.526500701904297 9.352266529971285e-16
11.537118911743164 6.7520818461814765e-16
11.547757148742676 2.369033204132373e-15
11.558414459228516 6.795226528141058e-16
11.569091796875 4.0547618062807087e-16
11.579789161682129 4.1437230297528677e-16
11.590506553649902 3.0097820238134067e-16
11.601243019104004 3.734858637926441e-16
11.61199951171875 4.876182330094611e-16
11.62277603149414 2.513629298585648e-16
11.633573532104492 4.975668996727589e-16
11.644390106201172 3.734281332033328e-16
11.655226707458496 2.6189316404949146e-16
11.666084289550781 3.962997168450934e-16
11.676960945129395 5.610850004148524e-16
11.687858581542969 3.6794266842757513e-16
11.698777198791504 4.685960435360569e-16
11.709715843200684 7.039055020524457e-16
11.720674514770508 3.889819080461879e-16
11.731654167175293 5.225978561706904e-15
11.742653846740723 3.500504473755877e-16
11.753674507141113 7.04309007372694e-16
11.764716148376465 7.56428882205118e-15
11.775777816772461 3.2121167543909816e-16
11.786861419677734 3.995440912610938e-16
11.797965049743652 1.319021198925433e-15
11.809089660644531 4.015866318040587e-16
11.820235252380371 2.729001454408243e-16
11.831402778625488 7.258597490123299e-16
11.84259033203125 5.812278144774741e-16
11.853799819946289 4.0216756405697717e-16
11.865030288696289 7.474462248544282e-16
11.87628173828125 8.989721605469868e-16
11.887555122375488 3.3522430030420367e-16
11.898849487304688 7.537935191842375e-16
11.910165786743164 3.174339614339032e-16
11.921503067016602 6.097040563125388e-16
11.932862281799316 1.5393706791647717e-15
11.944242477416992 8.284133631286379e-16
11.955645561218262 2.890734984148163e-16
11.967069625854492 5.4058225028920685e-16
11.978515625 2.568055665309269e-15
11.989983558654785 4.588356828848456e-16
12.001473426818848 3.0262377563961896e-16
12.012986183166504 5.548218799841765e-16
12.024519920349121 3.69350622474369e-16
12.036076545715332 7.345854589184701e-16
12.04765510559082 8.81835572293289e-16
12.059255599975586 7.84838176673614e-16
12.070878982543945 3.1204842007614194e-16
12.082525253295898 3.8301201983393957e-16
12.094193458557129 6.380819893861628e-16
12.105883598327637 3.1262609654616937e-16
12.117597579956055 6.131812324401361e-16
12.12933349609375 7.981324646598887e-15
12.141092300415039 2.791730808657765e-15
12.152873992919922 4.90832670104732e-16
12.164678573608398 2.850854978925536e-15
12.176506042480469 7.162489426158682e-16
12.188356399536133 8.601473995579611e-16
12.20022964477539 8.843102849278109e-16
12.212126731872559 1.1730289294772868e-15
12.22404670715332 3.6027466444453916e-16
12.235989570617676 6.225776336218241e-16
12.247956275939941 4.060431633071392e-16
12.259946823120117 3.839543704575396e-16
12.271960258483887 2.8148886894356975e-15
12.283997535705566 1.2894236019352339e-14
12.29605770111084 5.22087762341942e-16
12.30814266204834 4.628481308955484e-16
12.320250511169434 5.073138136759325e-16
12.332383155822754 7.531796849952741e-16
12.344538688659668 4.985920212971734e-16
12.356719017028809 1.0741257626658489e-15
12.36892318725586 8.395365997919814e-16
12.38115119934082 4.60605717046811e-16
12.393403053283691 3.246314121449598e-15
12.405679702758789 6.985442070127996e-16
12.417981147766113 1.5281604098660979e-15
12.430306434631348 2.000294562962395e-15
12.442656517028809 5.845051437690786e-16
12.455031394958496 4.641809901776122e-16
12.467430114746094 1.2445549326422817e-15
12.479853630065918 5.569064810069285e-16
12.492302894592285 2.885991864341335e-16
12.504776000976562 1.6366142966743017e-15
12.517273902893066 4.654173406432483e-16
12.529797554016113 5.342453321130014e-16
12.542346000671387 1.0744166126041123e-15
12.554920196533203 7.407468824559163e-16
12.567519187927246 3.1956893444723725e-16
12.580142974853516 1.6094623379127098e-15
12.592792510986328 3.9075382156250507e-16
12.605467796325684 4.2326220492429627e-16
12.618167877197266 6.610134476693825e-16
12.630894660949707 5.157325800178114e-16
12.643646240234375 9.0176112240494e-16
12.656424522399902 5.520734698285731e-16
12.669227600097656 3.3176144432737087e-16
12.68205738067627 4.467804982212855e-16
12.694912910461426 5.887190268025503e-16
12.707794189453125 4.958705044376453e-16
12.720702171325684 7.402573503519625e-16
12.733635902404785 3.8050329353262954e-16
12.746596336364746 3.358504429406818e-16
12.75958251953125 2.28425367644169e-15
12.77259635925293 6.0939827741858e-16
12.785635948181152 5.49325642008121e-16
12.798702239990234 5.304214548121811e-16
12.811795234680176 9.570978907281818e-16
12.824915885925293 3.4341604064039473e-15
12.838062286376953 3.844025302959759e-16
12.851236343383789 4.085197129443654e-15
12.864437103271484 3.534608773069414e-15
12.877665519714355 4.680013734675251e-16
12.890920639038086 3.2648707604393675e-16
12.904203414916992 5.773257454477103e-16
12.917512893676758 1.34613493532528e-15
12.930850982666016 1.0346017230393055e-15
12.944215774536133 5.135208181738528e-16
12.957608222961426 1.117241645505224e-15
12.971029281616211 1.4142562895587863e-15
12.984477043151855 6.479646933586932e-16
12.997953414916992 8.438139044173788e-16
13.011458396911621 9.334397311157772e-16
13.02499008178711 1.308936848171897e-15
13.03855037689209 5.86585668445772e-16
13.052139282226562 5.006588346280331e-16
13.065756797790527 1.1607430342147184e-15
13.079401969909668 4.224923843241401e-16
13.093076705932617 2.901500508209969e-16
13.106779098510742 8.88974313033189e-16
13.12051010131836 4.2052867078482903e-16
13.134270668029785 1.146969113822061e-15
13.148059844970703 1.2369158601283504e-15
13.161877632141113 5.301026527866582e-16
13.175724983215332 1.1918809182678521e-15
13.189600944519043 2.9578660509872105e-16
13.203507423400879 2.6420355229224597e-16
13.21744155883789 7.705155377498135e-16
13.231406211853027 1.3752111411847968e-15
13.245400428771973 5.801894579632587e-16
13.259424209594727 6.166877900230913e-16
13.273477554321289 8.208671995411085e-16
13.28756046295166 6.302424347615283e-16
13.30167293548584 3.751119023535763e-16
13.315816879272461 4.621712456915738e-16
13.329989433288574 5.888533874038085e-16
13.344192504882812 6.156414925749954e-16
13.358427047729492 7.00171833760508e-16
13.372690200805664 6.508945803232458e-16
13.386984825134277 1.2283149817028118e-15
13.401309967041016 7.245337189334033e-16
13.415666580200195 2.8909890940323393e-16
13.430052757263184 8.415439090582965e-16
13.444470405578613 1.2342397442347951e-14
13.458918571472168 2.130726625411243e-15
13.473398208618164 1.2103934586048053e-15
13.487909317016602 1.2338206958599648e-15
13.502450942993164 3.88669622880403e-15
13.517024993896484 3.1761664526480226e-15
13.53162956237793 1.1717234399473311e-15
13.546266555786133 3.0533792860646183e-15
13.560934066772461 3.989595326483699e-16
13.575634956359863 8.271793420036068e-16
13.59036636352539 5.024008108236208e-16
13.605130195617676 4.606034935853245e-16
13.619926452636719 5.464861758106877e-16
13.63475513458252 7.082728039284889e-16
13.649615287780762 1.1637592126607726e-15
13.664508819580078 3.161113459565452e-16
13.679433822631836 4.561996104738718e-16
13.694392204284668 8.637216986008729e-15
13.709383010864258 1.6470784358255629e-15
13.724407196044922 2.822767736971498e-16
13.739463806152344 3.1394852673507015e-16
13.75455379486084 5.66348304330413e-16
13.76967716217041 7.604534216111428e-16
13.784832954406738 5.455378165471181e-16
13.800023078918457 1.7002610934848186e-15
13.815245628356934 3.794134268273093e-16
13.8305025100708 1.787653717817781e-15
13.845793724060059 7.854366583904084e-16
13.86111831665039 3.5284195033238267e-16
13.876476287841797 3.692475491526e-16
13.891868591308594 6.315313012698941e-16
13.907295227050781 6.955873738126125e-16
13.92275619506836 3.6179569738979147e-16
13.938251495361328 4.189134318939743e-16
13.953782081604004 4.820362329474961e-16
13.969346046447754 5.608166497892504e-16
13.984946250915527 4.870257334628567e-16
14.000579833984375 1.7521193092519239e-15
14.016249656677246 7.111460455646939e-16
14.031953811645508 9.561643545411892e-16
14.047693252563477 6.769544489180308e-16
14.063467979431152 5.799985049732121e-16
14.079277992248535 7.220377245960817e-16
14.095124244689941 4.1773994715489226e-16
14.111005783081055 4.112808444760454e-16
14.126923561096191 4.558382979823086e-16
14.142876625061035 5.931506502430256e-16
14.158865928649902 4.626436783179049e-16
14.17489242553711 3.48794800440622e-16
14.190954208374023 3.062696701423975e-16
14.207052230834961 2.9658397015153073e-15
14.223187446594238 3.396999694579362e-16
14.239358901977539 2.516875817053796e-16
14.25556755065918 7.83590126565394e-16
14.27181339263916 1.0830322082271094e-15
14.288095474243164 6.039001336183931e-16
14.304415702819824 3.537270203529246e-16
14.320773124694824 3.329814364692131e-16
14.337166786193848 5.801265657669251e-16
14.353599548339844 2.3042324308103403e-16
14.37006950378418 1.104950350407617e-15
14.386576652526855 5.797467773692e-16
14.403122901916504 7.720856191966677e-16
14.419706344604492 4.0531503260985574e-16
14.436327934265137 3.8960418609484417e-16
14.452988624572754 1.192952732583484e-15
14.469687461853027 2.644271425205415e-16
14.486424446105957 4.612364918947195e-16
14.50320053100586 2.7963506322312083e-16
14.520015716552734 9.017459816910078e-16
14.536870002746582 8.260373298324712e-16
14.553763389587402 3.5026742015898283e-16
14.570695877075195 5.038069384556221e-16
14.587668418884277 3.1244165512190475e-16
14.604680061340332 2.536295900254173e-16
14.621731758117676 3.0135560849890166e-16
14.638822555541992 1.195536288951728e-15
14.655953407287598 1.0721919864472673e-15
14.673125267028809 2.8665307529825753e-16
14.690337181091309 3.611377645480117e-16
14.707589149475098 2.5564746073379347e-16
14.724882125854492 6.229015178450305e-16
14.742215156555176 3.166324300377842e-16
14.759589195251465 6.512872859734166e-16
14.77700424194336 3.6824884436822795e-16
14.794461250305176 2.2782949584764336e-16
14.811958312988281 2.1628141392773673e-15
14.829497337341309 4.877479349295094e-16
14.847078323364258 2.6125534824020897e-16
14.864701271057129 3.408065385941851e-16
14.882365226745605 5.795910291860236e-16
14.90007209777832 5.445074009667833e-16
14.91781997680664 3.604800169946891e-16
14.9356107711792 4.291246523011413e-16
14.953444480895996 2.465049682659568e-15
14.971320152282715 5.070941674447976e-16
14.989239692687988 2.4952939469533486e-16
15.007201194763184 1.7088584778994498e-14
15.025205612182617 2.38811569176371e-16
15.043253898620605 2.703968666201563e-15
15.061345100402832 3.948837424550802e-16
15.079480171203613 9.65933185521873e-16
15.09765911102295 2.3852119569414037e-16
15.11588191986084 2.871264343668747e-16
15.134148597717285 2.893420607986551e-16
15.152459144592285 3.508912599246356e-16
15.170814514160156 4.402176340064e-15
15.189214706420898 7.483231157130732e-16
15.207658767700195 2.9916364605008514e-16
15.22614860534668 4.538434824519655e-16
15.244683265686035 4.606034406457653e-16
15.263262748718262 5.552198478265321e-15
15.28188705444336 2.3589433476646797e-16
15.300558090209961 2.6312498818281563e-16
15.319273948669434 5.420552405844821e-16
15.338035583496094 4.2156954192810656e-16
15.356843948364258 3.849699629612975e-16
15.37569808959961 6.107055668935486e-16
15.394598007202148 1.2722190286996071e-15
15.413544654846191 5.720464008457111e-16
15.432538986206055 4.1573684658353384e-16
15.451579093933105 2.2644536460249103e-15
15.470666885375977 3.0987718346475355e-16
15.489801406860352 8.164592930231564e-16
15.508983612060547 7.123749844920415e-16
15.528213500976562 4.0472070664845884e-16
15.547491073608398 2.7767293787058585e-16
15.566816329956055 2.9329233129707355e-16
15.586190223693848 2.9113456780350243e-16
15.605611801147461 2.6581452954858485e-16
15.625082015991211 9.220301973162618e-16
15.644600868225098 6.775094672567192e-16
15.664168357849121 2.8203436345555744e-16
15.683785438537598 2.4193211796339463e-16
15.703451156616211 2.59711763042736e-16
15.723166465759277 2.640011643574114e-16
15.742931365966797 5.16044288142401e-16
15.762746810913086 3.9774851376181268e-16
15.782610893249512 2.578568932371471e-16
15.802525520324707 2.514893759957221e-16
15.822490692138672 6.195171447647167e-16
15.842506408691406 3.2137801153411523e-16
15.86257266998291 5.214859454329179e-16
15.882689476013184 2.4267671286359036e-16
15.902857780456543 2.5251762105412963e-16
15.923077583312988 3.623831412084919e-16
15.94334888458252 2.3970664477360236e-16
15.963671684265137 2.4856203013001125e-16
15.98404598236084 2.461500508731454e-16
16.004472732543945 1.1105638706831317e-14
16.024951934814453 2.772525448309517e-16
16.045482635498047 3.2281656464612865e-16
16.06606674194336 1.2529985805769862e-15
16.08670425415039 2.499134447275759e-16
16.107393264770508 9.440805825156593e-16
16.128137588500977 2.567535798837892e-16
16.14893341064453 4.899472559770552e-16
16.169784545898438 2.3565687437366114e-16
16.190689086914062 2.372414083201779e-16
16.211647033691406 2.459250312767514e-16
16.2326602935791 4.938238081392829e-16
16.25372886657715 2.5822418789890026e-16
16.274850845336914 4.59974783380225e-16
16.29602813720703 3.6108715432941324e-16
16.317258834838867 3.8196656941879095e-16
16.338546752929688 2.9204401649105753e-16
16.35988998413086 5.551018773128033e-16
16.381290435791016 2.449546226867736e-16
16.40274429321289 2.3961876510532473e-16
16.424257278442383 2.3886601751301167e-16
16.445825576782227 2.620885374927316e-16
16.467449188232422 2.442183128275932e-16
16.489131927490234 2.655924480977266e-16
16.5108699798584 2.467193364230391e-16
16.53266716003418 2.331385660121353e-16
16.554519653320312 2.8164311364326476e-16
16.576431274414062 1.5548211953974006e-15
16.59840202331543 2.5270796523924543e-16
16.62042999267578 1.0184697688006106e-15
16.64251708984375 2.5030167698499397e-16
16.664661407470703 3.1000376195080886e-16
16.686866760253906 6.407005917425995e-16
16.709129333496094 2.5136684738594586e-16
16.73145294189453 2.4858712348107366e-16
16.753835678100586 3.354512786642882e-16
16.77627944946289 1.0369932993900544e-14
16.798782348632812 2.257105899905275e-16
16.821346282958984 3.2039275339778087e-16
16.843969345092773 2.1832496561628245e-16
16.866655349731445 3.1560071743824887e-16
16.889402389526367 2.7877106314714184e-16
16.91221046447754 2.308518682221243e-16
16.93507957458496 2.1076738031885496e-16
16.958009719848633 3.630408093524757e-16
16.98100471496582 3.8734170815316873e-16
17.004060745239258 6.008528267115274e-16
17.027179718017578 2.3180740079596597e-16
17.05035972595215 1.3104816033336283e-14
17.073604583740234 6.473776465866867e-16
17.096914291381836 1.2053476198105404e-14
17.12028694152832 2.4568690913945453e-16
17.143722534179688 2.683499903272926e-16
17.16722297668457 2.8117931016508383e-16
17.190786361694336 1.1519025513442253e-15
17.21441650390625 3.3419486410571407e-16
17.23811149597168 2.861753487160061e-16
17.261871337890625 2.653221122386545e-16
17.28569793701172 2.350631307474155e-16
17.309589385986328 2.202912334893251e-16
17.333545684814453 2.604962479007915e-16
17.35757064819336 2.733188708843435e-16
17.38166046142578 2.641744620044637e-16
17.405818939208984 2.1147259612793725e-15
17.430044174194336 3.2383173363341293e-16
17.454336166381836 2.5906656216494466e-16
17.478696823120117 2.4315102484427317e-16
17.503124237060547 3.6003720405173233e-16
17.527620315551758 2.243923684965834e-16
17.552186965942383 2.2978852423596494e-16
17.576820373535156 2.2552384569543755e-16
17.601524353027344 3.16389278642363e-16
17.626296997070312 6.935402539977765e-16
17.651140213012695 2.2117824903866777e-16
17.676054000854492 2.536669918239945e-16
17.70103645324707 2.332381188532173e-16
17.726091384887695 2.363099632457738e-16
17.751216888427734 2.3085110059851586e-16
17.776412963867188 3.5290183556175355e-15
17.801681518554688 2.381253666099766e-16
17.8270206451416 2.1401321057273344e-16
17.852434158325195 2.4255931939105684e-16
17.877918243408203 2.1750441568351965e-16
17.90347671508789 2.383095433364452e-16
17.929107666015625 2.1931263250256057e-16
17.954811096191406 2.1757014014627067e-16
17.9805908203125 2.1671054728859536e-16
18.00644302368164 2.1603217977696307e-16
18.03236961364746 2.223114997127552e-16
18.05837059020996 2.2482829929684376e-16
18.084447860717773 2.2106088203591385e-16
18.110599517822266 2.2714742256686683e-16
18.13682746887207 2.1397557054613983e-16
18.163131713867188 2.280348483977933e-16
18.189512252807617 2.1465115873091394e-16
18.21596908569336 2.1615539660100897e-16
18.242504119873047 2.331631034978261e-16
18.269115447998047 2.475957772954309e-16
18.295804977416992 2.138052375144029e-16
18.322572708129883 2.1238906460104272e-16
18.34941864013672 2.149858161544182e-16
18.3763427734375 2.8273186861784176e-16
18.40334701538086 2.479698746905417e-16
18.430429458618164 2.8783921259198917e-16
18.457592010498047 2.3165289669243086e-16
18.48483657836914 2.1572722144617192e-16
18.51215934753418 2.1221920802533864e-16
18.53956413269043 3.105566097675699e-16
18.56705093383789 1.163103926796953e-15
18.59461784362793 2.7465742116902173e-16
18.622268676757812 9.438582998944761e-15
18.649999618530273 2.076856097589478e-16
18.677814483642578 2.8188613268978794e-16
18.705711364746094 3.298711844264545e-16
18.733694076538086 3.825510221523964e-16
18.76175880432129 2.2479981781399234e-16
18.789907455444336 2.227262546893342e-16
18.81814193725586 2.291013952272845e-16
18.846460342407227 2.0640441948666647e-16
18.87486457824707 4.512334563041198e-16
18.90335464477539 2.554199265083373e-16
18.931930541992188 4.1272299747808464e-16
18.960594177246094 5.2780896379845885e-14
18.989343643188477 7.668511144013138e-16
19.018178939819336 1.0640176949897897e-15
19.047103881835938 6.238635355148745e-16
19.07611656188965 5.452021797417686e-16
19.1052188873291 3.623393337232511e-16
19.134408950805664 2.1349551462328346e-16
19.16368865966797 2.480014796073861e-16
19.193058013916016 2.1976760830924434e-16
19.222517013549805 3.665308233231798e-16
19.252065658569336 2.163401027230696e-16
19.281707763671875 2.2225768665082497e-16
19.311439514160156 5.508600421920721e-16
19.341264724731445 2.480166203213183e-16
19.371179580688477 5.172899559704569e-16
19.40118980407715 6.517517247263079e-16
19.431291580200195 5.889971183070458e-16
19.46148681640625 2.1562054823437708e-16
19.491777420043945 2.2248794726358013e-16
19.52216148376465 2.205408699807487e-16
19.552640914916992 2.3323793356476007e-16
19.583215713500977 2.2340422515427247e-16
19.6138858795166 2.4806114249060834e-16
19.644651412963867 2.650370327123442e-16
19.675514221191406 2.1806308685179307e-16
19.70647430419922 2.2326380297348547e-16
19.737533569335938 2.1962936988527448e-16
19.768688201904297 2.370150122952446e-16
19.799943923950195 2.9143094992570263e-16
19.831296920776367 6.029455274868375e-16
19.862749099731445 2.243251617261747e-16
19.894302368164062 2.4626307683204467e-16
19.925954818725586 2.389710760682508e-16
19.95771026611328 2.237788254751957e-16
19.989564895629883 2.308440861069214e-16
20.021522521972656 2.3303292512174493e-16
20.05358123779297 2.339151628758695e-16
20.085744857788086 2.2910221579045215e-16
20.118009567260742 2.28516413098087e-16
20.150379180908203 2.2595117381732734e-16
20.18285369873047 2.3066348280069903e-16
20.21543312072754 2.458906205632692e-16
20.24811553955078 2.268569167357382e-16
20.280906677246094 2.3111293965833585e-16
20.31380271911621 2.3264029888091296e-16
20.346805572509766 2.3545869513378324e-16
20.37991714477539 2.2525996846258823e-16
20.413135528564453 2.446284355927419e-16
20.446462631225586 2.399316379002168e-16
20.47989845275879 2.2528826465698245e-16
20.513442993164062 2.4608054123191137e-16
20.547100067138672 2.7623131426413863e-16
20.58086585998535 2.2915242896235657e-16
20.614744186401367 2.658812333931811e-16
20.648733139038086 2.3776910984631735e-16
20.68283462524414 2.71026958547751e-16
20.71704864501953 2.36724638813014e-16
20.751375198364258 2.305708385720931e-16
20.785818099975586 2.3177476355771707e-16
20.82037353515625 2.4900828414431626e-16
20.855045318603516 2.754723727433988e-16
20.88983154296875 2.790000267406965e-16
20.924734115600586 1.348441300161535e-15
20.959754943847656 5.888853099580082e-16
20.994892120361328 2.6643574880605707e-16
21.030147552490234 2.401736246253355e-16
21.065521240234375 2.2755608949413743e-16
21.101015090942383 2.4295273972527686e-16
21.136627197265625 2.3883131563195385e-16
21.172361373901367 2.545686319265671e-16
21.208215713500977 2.3664131194682785e-16
21.244192123413086 2.3880950453356205e-16
21.280288696289062 5.979692089217185e-16
21.316511154174805 5.118433753009341e-16
21.352855682373047 2.737286230725778e-16
21.389324188232422 2.4484625540908424e-16
21.425918579101562 2.360741175095227e-16
21.462636947631836 2.5169141982342186e-16
21.499483108520508 2.32269801375828e-16
21.536453247070312 2.3820890523439955e-16
21.57355308532715 4.0801849707969545e-16
21.610780715942383 5.658701521141056e-14
21.648136138916016 4.261580729281048e-15
21.68562126159668 1.8492808704446886e-15
21.723237991333008 2.7308524860957895e-16
21.760982513427734 3.4457390291555584e-16
21.798860549926758 1.0792770994136943e-14
21.836870193481445 5.258261951942081e-16
21.87501335144043 2.4511640597969916e-16
21.913288116455078 2.636816211780597e-16
21.951698303222656 2.8302840955871957e-16
21.990243911743164 2.5543628483213113e-16
22.0289249420166 1.1060425993931013e-15
22.06774139404297 3.406296145873274e-16
22.1066951751709 4.2992641239615603e-14
22.14578628540039 9.994465734755814e-16
22.185016632080078 2.730203447099956e-16
22.22438621520996 2.4691661569041057e-16
22.26389503479004 2.491244600069881e-16
22.303544998168945 3.032670177537198e-16
22.343338012695312 2.464381214845507e-16
22.383270263671875 2.703049423695555e-16
22.42334747314453 2.49556632098545e-16
22.46356773376465 2.452650867317219e-16
22.50393295288086 2.499106654007177e-16
22.544445037841797 2.4608014418521734e-16
22.585100173950195 2.4718769270331154e-16
22.625904083251953 2.4999105412136806e-16
22.666854858398438 2.463258102097007e-16
22.70795440673828 2.5134471865019884e-16
22.749204635620117 3.390794384147336e-16
22.790603637695312 2.7631437643252875e-16
22.8321533203125 2.630889892825573e-16
22.873855590820312 4.2548042539447767e-16
22.91571044921875 2.6967242051619336e-16
22.957717895507812 3.189081163994809e-16
22.999879837036133 3.65154368314112e-16
23.04219627380371 2.8235581245904045e-16
23.084671020507812 2.518982811510091e-16
23.127300262451172 3.529730816205295e-16
23.170087814331055 2.979167076726084e-16
23.213035583496094 2.596286744045663e-16
23.256141662597656 4.826490083452754e-16
23.299407958984375 2.6085920151869e-16
23.342836380004883 2.8082588566784197e-16
23.386425018310547 2.656623018460955e-16
23.430179595947266 2.651820606347819e-16
23.474096298217773 4.675749453181418e-16
23.518178939819336 2.898002791533401e-16
23.56242561340332 2.8214540418098656e-16
23.606840133666992 2.8627299573295677e-16
23.65142250061035 2.5570206788911177e-16
23.69617462158203 2.6157200621358407e-16
23.7410945892334 2.7437070051637615e-16
23.78618621826172 6.273275296922302e-16
23.831449508666992 2.94459939745084e-16
23.87688636779785 2.628077214045097e-16
23.922494888305664 2.732095771643681e-16
23.968278884887695 2.7203868646368705e-16
24.014238357543945 3.1985769327291217e-16
24.060375213623047 2.7178452363995156e-16
24.106687545776367 3.856374778632931e-16
24.153181076049805 3.906639301909777e-16
24.199851989746094 3.0385739971795604e-16
24.2467041015625 2.871863884176725e-16
24.293739318847656 3.7419538623486757e-16
24.340957641601562 2.632073621369361e-16
24.388357162475586 2.6703573930028873e-16
24.435943603515625 3.1061476387335483e-16
24.48371696472168 2.6334222566400676e-16
24.531675338745117 2.9797676760252466e-16
24.579824447631836 3.5461354621134464e-16
24.62816047668457 2.778048632521207e-16
24.676687240600586 2.8824316789849067e-16
24.725406646728516 3.4059554798098e-16
24.77431869506836 6.978808637480693e-15
24.82342529296875 3.8255149860842925e-16
24.872726440429688 3.2160607515516345e-16
24.922222137451172 1.321863947375537e-15
24.9719181060791 3.7883741795339675e-16
25.02181053161621 2.859846074841963e-16
25.071903228759766 3.174074916543015e-16
25.122196197509766 2.8341198313492776e-16
25.172693252563477 2.872234725788945e-16
25.223392486572266 2.7184172483367083e-16
25.274295806884766 2.9199102399229493e-16
25.32540512084961 4.55039069457015e-16
25.37672233581543 2.582235261544102e-16
25.42824935913086 2.908688112163014e-16
25.479984283447266 2.622569911701168e-16
25.53192901611328 3.9774830200357586e-16
25.584087371826172 3.607936044736304e-16
25.636459350585938 3.539638190012414e-16
25.68904685974121 4.1440636958163415e-16
25.741849899291992 2.8967306539257433e-16
25.79486846923828 2.800027019920088e-16
25.848108291625977 4.493552666227018e-16
25.901567459106445 3.0889719281455993e-16
25.955249786376953 3.5051298030434777e-16
26.009153366088867 6.919314737331445e-16
26.063282012939453 2.6913301934747e-16
26.11763572692871 2.783646196813578e-16
26.172216415405273 2.6108223588161387e-16
26.227025985717773 2.59767720156814e-16
26.282066345214844 2.91892265244601e-16
26.337337493896484 8.003537026849447e-16
26.392841339111328 2.9778819689264217e-16
26.44858169555664 2.9930547112919103e-16
26.50455665588379 2.6345922208984626e-16
26.560768127441406 2.742699565352121e-16
26.617219924926758 2.91757957582902e-16
26.67391014099121 2.5562856131115786e-16
26.730844497680664 3.2438145801618097e-16
26.788021087646484 2.6165866827200003e-16
26.845443725585938 3.444066403782527e-16
26.903112411499023 2.8003126288419903e-16
26.961030960083008 1.1374049471772575e-15
27.019197463989258 7.176384472262797e-16
27.07761573791504 2.5072683458495643e-16
27.136287689208984 3.2392390140598604e-16
27.195215225219727 3.160304278403028e-16
27.254398345947266 2.477378141327736e-16
27.313838958740234 3.0398837218742524e-16
27.3735408782959 3.3887419174370205e-16
27.433504104614258 3.0567462949695134e-16
27.493728637695312 4.703379138525261e-16
27.55422019958496 2.7603493496927364e-16
27.614978790283203 3.0519409711806213e-16
27.67600440979004 2.4612850447254964e-16
27.737300872802734 2.52274231430692e-16
27.798870086669922 3.1890737524565204e-16
27.8607120513916 2.877869612470554e-16
27.92283058166504 4.588002663197385e-16
27.985227584838867 5.510217725454385e-16
28.047903060913086 2.928871319109308e-16
28.11086082458496 3.2797515411358495e-16
28.174100875854492 2.519540000370707e-16
28.237625122070312 3.2952120100056086e-16
28.301437377929688 2.816093117347134e-16
28.36553955078125 3.069170415421162e-16
28.429931640625 2.781793047543663e-16
28.494617462158203 3.565716058057328e-15
28.559598922729492 2.8230419638881714e-16
28.624876022338867 2.8426078955741537e-16
28.690452575683594 2.749934814908449e-16
28.756330490112305 5.704873625909067e-15
28.822513580322266 5.253686915235724e-16
28.888999938964844 4.575851975569022e-16
28.955793380737305 2.7694120728327654e-16
29.022897720336914 2.711050179277964e-16
29.090312957763672 9.538991766819944e-16
29.15804100036621 6.544876940854985e-16
29.22608757019043 3.9284239305219736e-16
29.294450759887695 2.5637069452185063e-16
29.363134384155273 2.702785519992926e-16
29.43214225769043 3.293677821579894e-16
29.501474380493164 4.843664311733045e-15
29.57113265991211 3.4079113318245694e-16
29.641122817993164 3.2653546280104865e-16
29.711444854736328 2.4381488691668373e-16
29.782100677490234 2.6448725539001696e-16
29.853092193603516 3.5642820842171857e-16
29.92442512512207 2.6070578267611854e-16
29.9960994720459 3.01688730675189e-16
30.068117141723633 2.931732702284251e-16
30.14048194885254 2.543298480447802e-16
30.21319580078125 2.596413798987751e-16
30.2862606048584 2.5776573131619887e-16
30.35968017578125 3.310072408971797e-16
30.433456420898438 1.791243019931771e-15
30.507593154907227 2.671726145306091e-16
30.582090377807617 2.47447175952747e-16
30.656953811645508 2.78043355966332e-16
30.7321834564209 2.5363154878910784e-16
30.807783126831055 2.729532173489257e-16
30.883756637573242 4.1060644743135335e-16
30.960105895996094 3.9309150014802893e-16
31.036832809448242 5.776423769513058e-16
31.113941192626953 3.809803054308317e-16
31.19143295288086 2.5328670050045693e-16
31.26931381225586 3.8313153088884123e-16
31.34758186340332 3.862761671753024e-16
31.426244735717773 4.359696049572421e-16
31.50530242919922 3.2217673713359643e-16
31.584758758544922 2.681022067204411e-16
31.66461753845215 4.0390652269769024e-16
31.74488067626953 2.982286010856552e-16
31.825551986694336 2.730722519477945e-16
31.906635284423828 2.6797668702556985e-16
31.98813247680664 3.3330090023922596e-16
32.070045471191406 3.205308197681833e-16
32.152381896972656 4.713698117405187e-16
32.235137939453125 4.81616369303454e-16
32.31832504272461 3.5164988380802025e-16
32.401939392089844 5.996396637728224e-16
32.48598861694336 3.384943239366381e-16
32.57047653198242 6.07962556572984e-16
32.65540313720703 4.580486304581687e-16
32.74077606201172 4.4402422654114045e-16
32.826595306396484 3.5307906661805467e-16
32.912864685058594 2.8625110522522616e-16
32.99959182739258 3.965569501632627e-16
33.08677291870117 2.443370033193272e-16
33.17441940307617 2.488875554795529e-16
33.26253128051758 3.446045813901142e-16
33.35110855102539 3.7022399285232697e-16
33.440162658691406 5.58240028503262e-16
33.529693603515625 6.373129364096151e-16
33.61970138549805 3.536473463163235e-16
33.71019744873047 1.8347834780359576e-14
33.80118179321289 5.168645336726984e-16
33.89265823364258 3.795558871811256e-16
33.9846305847168 4.047387855079268e-16
34.07710266113281 3.190844051316282e-16
34.170082092285156 5.33699684076292e-16
34.26356506347656 5.646219982443496e-16
34.357566833496094 5.109245033718408e-16
34.452083587646484 2.5106893001652876e-16
34.547119140625 4.2811472433021815e-16
34.64268493652344 3.1210313311057865e-16
34.73877716064453 3.077162700674098e-16
34.83540725708008 3.2663078047739436e-16
34.93257522583008 1.043206730750462e-15
35.0302848815918 4.3614536429379736e-16
35.128543853759766 3.520424835790726e-16
35.22735595703125 8.8790726327788545e-16
35.326725006103516 3.4685133628270623e-16
35.426658630371094 4.520444374115566e-16
35.527156829833984 6.706617882133194e-16
35.62822723388672 5.037005299416233e-16
35.72987365722656 6.097853714754752e-16
35.83210372924805 2.566318718371806e-16
35.93491744995117 2.8865135836972844e-16
36.038326263427734 2.7070950648098785e-16
36.142330169677734 2.6172481625122467e-16
36.2469367980957 3.528816285320056e-16
36.352149963378906 8.476201528449844e-16
36.457977294921875 2.797932995655798e-16
36.56441879272461 5.106808755203868e-16
36.671485900878906 6.495893025515269e-16
36.77918243408203 3.9981691527944847e-16
36.88751220703125 3.5088101611992976e-16
36.996482849121094 3.347009398219189e-16
37.106101989746094 2.638845385084863e-16
37.21636962890625 3.118887808353641e-16
37.327293395996094 4.281419882032079e-16
37.438880920410156 7.65928483763517e-16
37.55113983154297 4.558182868289297e-16
37.6640739440918 6.845022006923363e-16
37.777687072753906 4.172914961488803e-16
37.89198684692383 2.9564276831636543e-16
38.00698471069336 2.647481680075509e-16
38.1226806640625 4.083814242278143e-16
38.23908233642578 4.85295986305445e-16
38.356197357177734 3.9414462679926204e-16
38.474029541015625 3.4090362974576415e-16
38.592594146728516 3.903345137838346e-16
38.71188735961914 3.478662405721945e-16
38.8319206237793 3.7547620593023447e-16
38.952701568603516 1.0540960804412448e-15
39.07423400878906 5.811940390387023e-16
39.196529388427734 1.1644440387986277e-15
39.3195915222168 6.925119030602505e-16
39.44342803955078 3.2019872991330043e-16
39.568050384521484 2.9592885369430057e-16
39.69346237182617 4.166050818242491e-16
39.81966781616211 3.471031697658368e-16
39.94668197631836 2.795453042004915e-16
40.07450866699219 2.88180011004361e-16
40.203155517578125 4.208972783476504e-15
40.3326301574707 6.071993798875078e-16
40.46294021606445 3.429060421028529e-16
40.59409713745117 4.489833132797388e-16
40.72610855102539 4.620365145134012e-16
40.858978271484375 6.079103052280502e-16
40.99271774291992 4.107707982929003e-16
41.12733840942383 2.5856403339920644e-16
41.26284408569336 3.50975566172667e-16
41.39924621582031 5.042633833350738e-16
41.536556243896484 4.182150214652276e-15
41.674774169921875 4.106648662349343e-16
41.81391906738281 3.429977069496136e-16
41.95399475097656 4.062273135638282e-16
42.09501266479492 3.786527647708953e-16
42.23698425292969 4.753754305480843e-16
42.379913330078125 3.406536756169853e-16
42.52381134033203 3.074517416779823e-15
42.66869354248047 2.914162591980237e-16
42.8145637512207 3.5871027400029927e-16
42.9614372253418 3.597544273962474e-16
43.10932159423828 3.224226678558758e-16
43.25822830200195 5.675335681214178e-16
43.408164978027344 2.6781747130126565e-16
43.559146881103516 4.028002182592373e-16
43.711177825927734 9.293727024195357e-16
43.864280700683594 1.2191504028508755e-15
44.018455505371094 9.731327538152978e-16
44.1737174987793 8.969762332859004e-16
44.330081939697266 5.558068734227148e-16
44.487552642822266 6.062311153496778e-16
44.646148681640625 8.647516589009986e-16
44.80588150024414 3.37307683717094e-16
44.966758728027344 3.147841512073161e-16
45.1287956237793 3.377516083907941e-16
45.29200744628906 6.460014298056353e-16
45.45640182495117 4.082503988187859e-16
45.62199401855469 5.239973451819676e-16
45.788795471191406 3.0531726100254883e-16
45.95682144165039 4.1755926443933107e-16
46.1260871887207 3.3735657340001836e-16
46.29660415649414 1.1254915346532442e-15
46.468387603759766 6.319677349959669e-16
46.641448974609375 5.892726687126994e-16
46.81580352783203 3.9970306875738157e-16
46.9914665222168 5.769099581497269e-16
47.168453216552734 1.1181625820771263e-15
47.346778869628906 1.4065406664422468e-15
47.52645492553711 8.578358466449041e-16
47.70750427246094 9.789317531304375e-16
47.88993453979492 4.478812704758017e-16
48.073768615722656 3.403615815990806e-16
48.25901794433594 5.892790214598038e-16
48.445701599121094 5.309335391683555e-16
48.63383483886719 4.786262371205279e-16
48.82343292236328 7.64163002403643e-16
49.01451873779297 3.426920868743324e-16
49.20710372924805 1.8447735963741116e-15
49.401206970214844 6.187978549738202e-16
49.59684753417969 3.1336063293011646e-16
49.79404830932617 8.137405290207069e-16
49.992820739746094 3.1259332695902247e-16
50.19318389892578 5.183293712758563e-16
50.395164489746094 6.866565231145592e-16
50.59877395629883 3.367465667411854e-15
50.80403518676758 8.173010320144903e-16
51.01097106933594 4.498411988366298e-16
51.21959686279297 6.141848076639549e-16
51.429935455322266 5.214386704065492e-16
51.64201354980469 4.327422506095256e-16
51.85584259033203 2.2852178646334614e-16
52.07145309448242 3.8624194175027743e-16
52.28886413574219 7.87539100044612e-16
52.508094787597656 1.00402817468728e-15
52.72917556762695 8.581984296858881e-16
52.952125549316406 1.1269867595633848e-15
53.17696762084961 5.079276478648959e-16
53.403724670410156 3.5413444320055393e-16
53.63242721557617 4.3557282296101266e-16
53.86309814453125 4.6933052698044475e-16
54.095760345458984 1.2209209134688738e-15
54.330440521240234 7.757747653193154e-16
54.56716537475586 6.59374068339531e-16
54.805965423583984 6.90363139291744e-16
55.04685974121094 5.303393455558566e-16
55.28988265991211 4.659194511864688e-15
55.535064697265625 4.514357912993952e-16
55.78242874145508 3.18947582840867e-16
56.032005310058594 6.124543722922735e-16
56.2838249206543 3.1164332656911757e-16
56.53791809082031 3.794139297531217e-16
56.79431915283203 3.8722378528504317e-16
57.05305099487305 7.712586503423515e-16
57.31415557861328 1.1346632074061137e-15
57.577659606933594 2.4870406696735395e-16
57.843597412109375 9.591399812848935e-16
58.112003326416016 6.40770207262952e-16
58.382911682128906 3.399516441223891e-16
58.65635681152344 2.9972835232810774e-16
58.932376861572266 2.993499932984811e-16
59.21100616455078 8.366290533214126e-16
59.492286682128906 4.754880329905099e-16
59.776248931884766 2.7424436025833725e-16
60.06293487548828 4.82639796861974e-16
60.35238265991211 4.474404427663151e-16
60.64463424682617 2.497872632882146e-16
60.93973159790039 2.4855023519622073e-15
61.23771286010742 6.429513171021318e-16
61.53862380981445 9.357999884233013e-16
61.84251022338867 7.630796472641048e-16
62.14940643310547 3.433749807182766e-16
62.45936965942383 6.144298119439482e-16
62.77243423461914 7.020574879197737e-16
63.08865737915039 6.505306737932817e-16
63.4080810546875 1.168994617428633e-15
63.73075485229492 1.0992726885621714e-15
64.05673217773438 4.776950832136994e-16
64.38606262207031 4.2450019651626763e-16
64.71878814697266 7.63045077731945e-16
65.05497741699219 4.920295805987615e-16
65.3946762084961 8.487186486984548e-16
65.73794555664062 7.735364278166367e-16
66.08483123779297 4.317236670206727e-16
66.4354019165039 5.672763348032485e-16
66.78971099853516 3.7090063982828515e-16
67.14781951904297 4.662994725182544e-16
67.5097885131836 6.652486653452132e-16
67.87567901611328 4.978905191981692e-16
68.24555969238281 3.8622370407213186e-16
68.61949157714844 7.205770162785417e-16
68.99754333496094 5.375104853059891e-16
69.3797836303711 4.0297867751331196e-16
69.76628875732422 1.2598969227785436e-15
70.15711975097656 3.552709231877528e-16
70.55235290527344 3.6481396694843416e-16
70.95207214355469 5.142627131565292e-16
71.35633850097656 4.026844129734799e-16
71.7652359008789 2.891688955005008e-16
72.1788558959961 8.3446673702575e-16
72.5972671508789 2.8304839424231885e-16
73.02055358886719 3.488113969924323e-16
73.44880676269531 4.79976090001096e-16
73.88211822509766 2.1417281010884187e-16
74.32057189941406 2.981458036150611e-16
74.76425170898438 5.567784202132155e-16
75.21327209472656 4.936756303130726e-16
75.66770935058594 4.4168744792812305e-16
76.12767791748047 7.801118916466127e-16
76.59326934814453 6.881062200037849e-16
77.06459045410156 3.0773043139949673e-16
77.54175567626953 7.361969391006214e-16
78.02485656738281 7.417719511407716e-16
78.51402282714844 4.4201998776925917e-16
79.00935363769531 2.8005365631774207e-16
79.51097869873047 2.9559951669649626e-16
80.01901245117188 3.659754608773566e-16
80.53358459472656 3.26319522339058e-16
81.05481719970703 3.2724376763341046e-16
81.58283233642578 8.862736543599871e-16
82.11778259277344 5.644739262972577e-16
82.6597900390625 8.6907189750891e-16
83.20899963378906 5.246452195074988e-16
83.76555633544922 5.96744716917344e-16
84.32960510253906 6.289763322636199e-16
84.90130615234375 7.826483318071657e-16
85.4808120727539 3.684273036223026e-16
86.06828308105469 3.547170695193669e-16
86.66387939453125 4.68260565549385e-16
87.26778411865234 3.4735664437530263e-16
87.88015747070312 7.318270961257365e-16
88.50119018554688 4.827606578756353e-16
89.13106536865234 3.7563645397594315e-16
89.76996612548828 6.03906856942412e-16
90.41809844970703 6.962554710497593e-16
91.07565307617188 4.0849564132679564e-16
91.74283599853516 2.461213311622776e-16
92.41987609863281 2.451888802362486e-16
93.10697937011719 1.9059153197129036e-16
93.80437469482422 6.61655445703842e-16
94.51229858398438 1.8934491123116884e-16
95.23099517822266 3.0226034556568766e-16
95.960693359375 5.498924129289525e-16
96.70166778564453 8.71078147984041e-16
97.45417785644531 5.522596582582914e-16
98.2184829711914 7.468280496216102e-16
98.99488067626953 3.0591976612584265e-16
99.78364562988281 2.152073549747946e-16
100.58507537841797 3.208332370001327e-16
101.39949035644531 2.851907787939414e-16
102.22720336914062 4.704465458280115e-16
103.06853485107422 4.010935262798587e-16
103.92383575439453 5.709035416416282e-16
104.79344940185547 3.0869941062137605e-16
105.677734375 3.173518521775787e-16
106.57707977294922 3.0534381019148933e-16
107.49185180664062 1.7736501985568586e-16
108.42247772216797 1.5108890639644478e-16
109.36934661865234 1.6948145922246347e-16
110.3329086303711 1.4491011868357988e-16
111.31359100341797 1.743660070617034e-16
112.31187438964844 1.6489799189130304e-16
113.32821655273438 1.514697271155744e-16
114.36312866210938 2.0635122846455686e-16
115.41710662841797 3.155605627825931e-16
116.4906997680664 2.346251617741258e-16
117.58445739746094 2.68337602470439e-16
118.69894409179688 2.1695320899309392e-16
119.83476257324219 2.1382456045351215e-16
