WAVELENGTH FLUX
5.000441551208496 3.0528298263796463e-16
5.002439022064209 3.054996377840045e-16
5.0044379234313965 3.057128783284758e-16
5.006438732147217 3.059389302462743e-16
5.008440971374512 3.064524704403268e-16
5.010444641113281 3.0777947990109867e-16
5.012449741363525 3.0965846367590473e-16
5.014456748962402 3.0791667276877427e-16
5.016465663909912 3.0710706808987677e-16
5.018475532531738 3.113549118505775e-16
5.020487308502197 3.0983019960596054e-16
5.022500991821289 3.0836403851382255e-16
5.0245161056518555 3.088253538327209e-16
5.0265326499938965 3.366258751341135e-16
5.02855110168457 3.2645091832500083e-16
5.030570983886719 3.096936155432158e-16
5.032592296600342 3.089701435271422e-16
5.034615516662598 3.1031401423752035e-16
5.036640167236328 5.466932224267322e-16
5.038666725158691 2.0653787111569316e-14
5.040694713592529 1.855734626228056e-15
5.042724132537842 3.718169283068893e-15
5.044755458831787 8.784928097065091e-16
5.046788692474365 9.60462834990268e-16
5.048823356628418 3.2994438395496503e-15
5.050859451293945 3.2289131530372384e-16
5.0528974533081055 3.2156054713424853e-16
5.05493688583374 3.126106911344412e-16
5.05697774887085 3.141410679118929e-16
5.059020519256592 6.072831302701676e-16
5.061065196990967 9.257106613512e-16
5.063111305236816 2.398624300144702e-15
5.065158843994141 8.79111726093156e-16
5.067208290100098 4.826861719158361e-15
5.0692596435546875 5.740040528054934e-16
5.071312427520752 3.8525318960303564e-16
5.073366641998291 3.673524188122369e-16
5.075422763824463 3.275515847003986e-16
5.077480316162109 3.548206987065075e-16
5.079539775848389 3.31027490278575e-16
5.081601142883301 3.203653571758931e-16
5.083663463592529 9.333526984804468e-16
5.085728168487549 7.184859036900076e-16
5.087794303894043 6.819959360805292e-16
5.089861869812012 3.0581086945256127e-16
5.091931343078613 7.970413803447068e-16
5.094002723693848 3.1505615466250316e-16
5.096075534820557 3.0722684384257445e-16
5.09814977645874 2.5181035913108413e-15
5.100225925445557 3.8365579134363244e-16
5.102303981781006 1.4232862325237565e-14
5.10438346862793 3.0661705952989015e-16
5.106464862823486 3.067702666142248e-16
5.108547687530518 3.0613210669780747e-16
5.110632419586182 3.0635027062128465e-16
5.1127190589904785 3.0661515370575883e-16
5.11480712890625 3.068237620387998e-16
5.116897106170654 3.0701791787217825e-16
5.118988513946533 3.072576811358104e-16
5.121081829071045 3.2861614629641964e-16
5.123176574707031 3.090588172888079e-16
5.12527322769165 3.080791707457491e-16
5.127371788024902 3.352607227209356e-16
5.129471778869629 3.320819668885678e-16
5.131573677062988 4.1177019129154196e-16
5.133677005767822 5.419338501752287e-16
5.135782241821289 3.10817310626867e-16
5.137889385223389 3.097046799110893e-16
5.139997959136963 3.1042751665245243e-16
5.14210844039917 3.0987368945384613e-16
5.144220352172852 3.103819356919783e-16
5.146334648132324 5.655181591025446e-16
5.148449897766113 3.1067143567148207e-16
5.150567531585693 3.107328190903784e-16
5.152686595916748 3.110210220506817e-16
5.1548075675964355 3.1121909541144117e-16
5.156929969787598 3.114331829888597e-16
5.159054279327393 3.1165222041506374e-16
5.16118049621582 3.125236584991108e-16
5.163308620452881 7.397682417644824e-16
5.165438175201416 3.1303317528666387e-16
5.167569637298584 3.1288340927367747e-16
5.169702529907227 3.1295826581039107e-16
5.171837329864502 3.13181961917805e-16
5.17397403717041 3.1349962574280497e-16
5.176112651824951 3.1404712666408647e-16
5.178252696990967 3.1404852956240536e-16
5.180394649505615 3.1431637726219493e-16
5.1825385093688965 3.146078624751688e-16
5.1846842765808105 3.1551921698685524e-16
5.186831474304199 9.665879419901006e-16
5.188980579376221 3.1657353477817043e-16
5.191131591796875 3.158494274873864e-16
5.193284034729004 3.158509097950441e-16
5.195438385009766 3.1600943730507867e-16
5.19759464263916 3.1626052963438036e-16
5.1997528076171875 3.165074132687254e-16
5.2019124031066895 3.167538469168172e-16
5.204073905944824 3.1699951294130054e-16
5.206237316131592 3.173250118210626e-16
5.208402633666992 3.5722214299109187e-16
5.210569858551025 3.1828986175732406e-16
5.212738513946533 3.857155637131181e-16
5.214909076690674 3.1936943171837926e-16
5.217081546783447 2.3926700820419778e-15
5.2192559242248535 3.187818555507808e-16
5.221431732177734 3.192078866534701e-16
5.223609447479248 1.3849172917273838e-15
5.2257890701293945 3.225509404078256e-16
5.227970600128174 3.196198093636317e-16
5.230154037475586 3.198456495231934e-16
5.232339382171631 3.2007244259482073e-16
5.23452615737915 3.2029711808407994e-16
5.236714839935303 3.2051919953493817e-16
5.238905429840088 3.2074067218086557e-16
5.241097927093506 3.209613772031845e-16
5.243292331695557 3.211809440249806e-16
5.24548864364624 3.213992138275762e-16
5.247686386108398 3.216163189598693e-16
5.249886512756348 3.2183215354274154e-16
5.2520880699157715 3.220468763948705e-16
5.254291534423828 3.222604081069174e-16
5.256496906280518 3.224728016184414e-16
5.25870418548584 3.2268405692944255e-16
5.260913372039795 3.22894094630582e-16
5.263123989105225 3.231032058894354e-16
5.265336990356445 3.2331086131041074e-16
5.267551422119141 3.2351843732204724e-16
5.269767761230469 3.237234987046216e-16
5.271986484527588 3.2393173646074814e-16
5.274206638336182 3.2413462732139514e-16
5.276428699493408 3.2433119190471735e-16
5.278652667999268 3.245314887269634e-16
5.28087854385376 3.2473038265089054e-16
5.283106327056885 3.2492858836054804e-16
5.285336017608643 2.2292439687152067e-15
5.287567615509033 3.4649100317298833e-16
5.289800643920898 3.264033521310566e-16
5.292036056518555 3.260621566719907e-16
5.294273376464844 3.26378602887129e-16
5.296512126922607 3.267748025482072e-16
5.298753261566162 3.271212919631934e-16
5.30099630355835 3.2731497134053903e-16
5.303240776062012 3.2756196085400246e-16
5.305487632751465 3.7121552432642694e-16
5.307735919952393 3.38050134565142e-16
5.309986591339111 3.286423513782253e-16
5.312238693237305 3.2875360386189125e-16
5.314493179321289 3.2904823897863774e-16
5.316749572753906 3.296376150912491e-16
5.319007396697998 3.522587946179777e-16
5.321267604827881 3.320314890188674e-16
5.323529243469238 3.394021579676375e-16
5.325793266296387 4.047806606992567e-16
5.328059196472168 3.357696307035578e-16
5.330327033996582 3.3126362718240176e-16
5.332596778869629 3.3171467222681468e-16
5.33486795425415 3.6493535735768754e-16
5.337141513824463 3.3257224014635045e-16
5.339416980743408 3.3384662768527415e-16
5.341694355010986 3.3257340481665293e-16
5.3439741134643555 3.32752102298744e-16
5.346255302429199 3.3536789885854287e-16
5.348538398742676 3.4265831143556063e-16
5.350823879241943 3.569137171191729e-16
5.3531107902526855 3.3438923169732933e-16
5.355400085449219 3.3412591032985165e-16
5.357690811157227 3.343980461339367e-16
5.359983921051025 3.346713201385446e-16
5.362278938293457 3.349364414510352e-16
5.3645758628845215 3.3520034515366413e-16
5.366875171661377 3.354900039518455e-16
5.369175910949707 3.358677806463209e-16
5.37147855758667 3.365663710695689e-16
5.373783588409424 3.3807710727055615e-16
5.3760905265808105 3.3777310185183066e-16
5.37839937210083 3.426077012169622e-16
5.380710124969482 4.037498480722278e-16
5.383022785186768 3.4093298473134243e-16
5.3853373527526855 3.428763165403602e-16
5.3876543045043945 3.62662053276155e-16
5.389973163604736 3.442691563430015e-16
5.392293930053711 3.4037209010158247e-16
5.394616603851318 3.700342045325828e-16
5.396941184997559 3.701981318776561e-16
5.39926815032959 3.4515888504475334e-16
5.401597023010254 3.4039953926302943e-16
5.403927803039551 4.2082705931632304e-15
5.4062604904174805 3.397812846208726e-16
5.408595085144043 3.8398655770953524e-16
5.4109320640563965 3.3975367664074803e-16
5.413270950317383 3.400653847653376e-16
5.415611743927002 3.402555171922166e-16
5.417954444885254 3.4085230484311646e-16
5.420299530029297 3.4325472850954607e-16
5.422646522521973 3.4168951750213853e-16
5.424995422363281 3.4197719106684977e-16
5.427346706390381 3.4601867642577566e-16
5.429699420928955 3.5238007914811266e-16
5.43205451965332 4.745510027926098e-16
5.434412002563477 3.4695178909629467e-16
5.436770915985107 3.4490826917148447e-16
5.439132213592529 3.432758249238886e-16
5.441495418548584 3.436620719478366e-16
5.44386100769043 3.432835276297527e-16
5.44622802734375 3.4399395004448266e-16
5.4485979080200195 3.557126508697459e-16
5.450969219207764 4.2682167559667525e-16
5.453342914581299 6.980478986452678e-16
5.455718517303467 3.6387301922315303e-16
5.458096027374268 3.5097146335682876e-16
5.460475921630859 3.449027899271069e-16
5.462857723236084 3.4495800588735606e-16
5.4652419090271 3.534520787522018e-16
5.467628002166748 3.496881025626201e-16
5.470016002655029 3.453861810421931e-16
5.472406387329102 3.4559238062529033e-16
5.474798679351807 3.4580525059284717e-16
5.4771928787231445 3.460145736099374e-16
5.479589462280273 3.462222555006923e-16
5.481987953186035 3.464313667595457e-16
5.484388828277588 3.4683013398924527e-16
5.486791610717773 3.4725687977598383e-16
5.489196300506592 3.4726617066862403e-16
5.491603374481201 3.515677480819162e-16
5.494012355804443 3.639773101547837e-16
5.496423721313477 3.476464090526024e-16
5.498836994171143 3.479174331259442e-16
5.5012526512146 3.4810452152816897e-16
5.5036702156066895 3.4823679101683865e-16
5.506089687347412 3.8914199727321894e-16
5.508511543273926 3.4862205865894135e-16
5.5109357833862305 3.488134881050208e-16
5.513361930847168 3.49234278191349e-16
5.515789985656738 3.494452158649949e-16
5.5182204246521 3.4937885612753346e-16
5.520652770996094 3.4956184171392e-16
5.523087501525879 3.4974384791846126e-16
5.525524616241455 3.4992596000212094e-16
5.527963161468506 3.501470620711339e-16
5.530404567718506 3.50766163746238e-16
5.532847881317139 3.557950777634256e-16
5.535293102264404 3.785794964209578e-16
5.537740707397461 3.5595019067189153e-16
5.540190696716309 4.001558343374686e-16
5.542642593383789 5.749278481135926e-16
5.5450968742370605 3.5190865237340644e-16
5.547553062438965 3.520377454885239e-16
5.55001163482666 3.5226326801073037e-16
5.552472114562988 3.5249024637081492e-16
5.554934978485107 3.527172247308995e-16
5.557399749755859 3.767449024665438e-16
5.5598673820495605 4.1787531360777533e-16
5.562336444854736 8.889440316053247e-16
5.564808368682861 4.811686594512709e-16
5.567281723022461 3.8549536161661157e-16
5.56975793838501 3.6103699409706803e-16
5.572236061096191 3.5457791788800076e-16
5.574716567993164 3.544786032749352e-16
5.5771989822387695 3.546926114430149e-16
5.579683780670166 3.5490519024299614e-16
5.5821709632873535 3.551164984935565e-16
5.584660053253174 3.5532690677161037e-16
5.587151527404785 3.5553543569531254e-16
5.5896453857421875 3.5574144998995255e-16
5.592141151428223 3.5594733193569455e-16
5.594639301300049 3.5615310800231814e-16
5.597139835357666 3.5635629003054076e-16
5.599642276763916 3.5655552806160274e-16
5.602147102355957 3.5717656203061775e-16
5.604654312133789 4.161419930301174e-16
5.607163906097412 3.573178841839112e-16
5.609675407409668 3.5734803326287754e-16
5.612189292907715 3.575438037528117e-16
5.6147050857543945 3.5773825075376576e-16
5.617223739624023 3.5793148014485814e-16
5.619744300842285 3.5812338604697045e-16
5.622267246246338 3.5831391552054346e-16
5.624792098999023 3.585030685655772e-16
5.627319812774658 3.58690818712292e-16
5.629849433898926 3.5887721890024717e-16
5.632381439208984 3.5906224265966303e-16
5.634915828704834 3.592459164603192e-16
5.637452125549316 3.594342489421853e-16
5.63999080657959 3.596267636492284e-16
5.642531871795654 3.5981784898817307e-16
5.64507532119751 3.6000753142879883e-16
5.647621154785156 3.6019800796281264e-16
5.6501688957214355 3.6039923122734474e-16
5.652719497680664 3.605719200694662e-16
5.655272006988525 3.607570232382209e-16
5.657826900482178 3.6096888735415286e-16
5.660384178161621 3.6120309196406868e-16
5.662943363189697 3.614374024531029e-16
5.665505409240723 3.616791509502052e-16
5.668069362640381 3.6192164060113634e-16
5.670636177062988 3.621625155955118e-16
5.6732048988342285 3.6240193475200913e-16
5.67577600479126 3.626398980706284e-16
5.678349494934082 3.6310928667230527e-16
5.680925369262695 1.097404959737652e-14
5.683503150939941 3.6439889433449995e-16
5.686083793640137 3.635810840239259e-16
5.688666820526123 5.160439705050458e-16
5.691251754760742 3.6407728651233933e-16
5.693839073181152 3.642890976887121e-16
5.696429252624512 3.645244140293712e-16
5.699021339416504 3.6475893627664223e-16
5.701615810394287 3.6498996451300584e-16
5.704212665557861 3.652198810186262e-16
5.706812381744385 3.6544863285394404e-16
5.709414005279541 3.656759023816042e-16
5.712018013000488 3.659016631318271e-16
5.714624404907227 3.6612591510461266e-16
5.717233180999756 3.6634873770929974e-16
5.719844341278076 3.6657206323979926e-16
5.7224578857421875 3.667907036193093e-16
5.72507381439209 3.6701019103176655e-16
5.727692127227783 3.6723158426835514e-16
5.730312824249268 3.6745152166706564e-16
5.732936382293701 3.6767016204657566e-16
5.735561847686768 3.678958433874597e-16
5.738189697265625 4.548237642697348e-16
5.740819931030273 4.100770518393194e-16
5.743453025817871 3.6902525594350493e-16
5.746088027954102 3.691696221214526e-16
5.748725891113281 3.6913301441626343e-16
5.751365661621094 3.6946370137282743e-16
5.7540082931518555 3.6981662294425686e-16
5.756653308868408 3.800516396832858e-16
5.759300231933594 1.4486016756249352e-15
5.7619500160217285 4.2525540579808365e-16
5.764602184295654 4.554332044752842e-16
5.767257213592529 4.596490992120057e-16
5.769914150238037 3.9198249579205664e-16
5.772573471069336 4.878968539095486e-16
5.775235652923584 3.7264161017224796e-16
5.777900218963623 3.7312680123234706e-16
5.780567169189453 3.7319199629950604e-16
5.783236503601074 3.7796404757543876e-16
5.785908222198486 3.8841511065557674e-16
5.788582801818848 3.866395178398949e-16
5.791259288787842 4.643003159440567e-16
5.793938636779785 6.104394397294332e-16
5.7966203689575195 5.678537465754799e-16
5.799304485321045 3.8057060618215666e-16
5.8019914627075195 3.7664868481769164e-16
5.804680347442627 3.769086180533803e-16
5.807372093200684 6.421992577240884e-16
5.8100666999816895 4.139097965163063e-16
5.812763214111328 3.7669860682202044e-16
5.815462589263916 1.924973640435464e-15
5.818163871765137 5.122192991108374e-16
5.820868492126465 3.917912516344344e-16
5.823575019836426 3.822388640415536e-16
5.826284408569336 3.869494789590308e-16
5.828996181488037 3.7905462896480828e-16
5.831710338592529 3.8043444563588553e-16
5.834427356719971 1.0175544438219839e-15
5.837146759033203 4.723203415260156e-16
5.839868545532227 3.794655987629042e-16
5.842592716217041 3.796774893486158e-16
5.845319747924805 3.799364696722388e-16
5.848049640655518 3.8019608527057225e-16
5.850781440734863 4.2115584574271164e-16
5.853516101837158 4.463322589735104e-16
5.856253147125244 3.8572149294374886e-16
5.858993053436279 3.828504218294712e-16
5.8617353439331055 3.857707002640284e-16
5.864480495452881 3.8226882783206273e-16
5.867228031158447 3.8292930177268427e-16
5.869977951049805 3.8433918811338905e-16
5.872730255126953 3.837285302979779e-16
5.875485420227051 3.861825170950716e-16
5.878243446350098 3.852976058932073e-16
5.8810038566589355 3.9137101741347784e-16
5.8837666511535645 4.040412009363037e-16
5.886532306671143 3.838750140582937e-16
5.889300346374512 3.8410980100336074e-16
5.89207124710083 3.8435919926676793e-16
5.8948445320129395 3.8470110940988305e-16
5.897620677947998 3.8550560542131742e-16
5.900399208068848 3.859416421006962e-16
5.9031805992126465 3.8551375811343475e-16
5.905964374542236 3.8588025868179984e-16
5.908751010894775 3.8587430298138946e-16
5.9115400314331055 3.860698617130868e-16
5.914331436157227 3.8637482004387795e-16
5.917126178741455 3.8668822223436204e-16
5.919922828674316 3.878433634161801e-16
5.922722816467285 3.872302174414864e-16
5.925525188446045 3.8731891767293167e-16
5.928329944610596 3.882413365524916e-16
5.931137561798096 3.8787105080564347e-16
5.933948040008545 3.8791954344187377e-16
5.936760902404785 3.8827005626335944e-16
5.939576625823975 3.8836068878871565e-16
5.942394733428955 3.882241311957505e-16
5.945215702056885 3.8806875358948854e-16
5.948039531707764 3.8820025545454977e-16
5.950865745544434 3.8841526947425435e-16
5.953694820404053 3.8862864236762363e-16
5.956526279449463 3.88840347664878e-16
5.9593610763549805 3.8905035889623787e-16
5.962197780609131 3.8930298647275646e-16
5.965037822723389 3.9023384921200934e-16
5.9678802490234375 3.90063277952256e-16
5.9707255363464355 3.912702469625342e-16
5.973573207855225 3.9063669278776756e-16
5.976424217224121 3.9027641261760886e-16
5.979277610778809 3.9047594181624646e-16
5.982133388519287 3.906745975121572e-16
5.984992504119873 3.908712944443774e-16
5.98785400390625 3.910663502502623e-16
5.990718364715576 3.912611678281308e-16
5.993585109710693 3.9145556188952566e-16
5.996455192565918 3.916482883548056e-16
5.999327659606934 3.9183950604264827e-16
6.002202987670898 3.920424498428545e-16
6.0050811767578125 3.9299528249917676e-16
6.007961750030518 4.06420251787345e-16
6.010845184326172 3.9262859664235446e-16
6.013731479644775 3.927762715427523e-16
6.016620635986328 3.929616658790826e-16
6.01951265335083 4.139002409258701e-16
6.022407531738281 3.933717357046721e-16
6.025304794311523 3.935058845476935e-16
6.028204917907715 3.936839996946333e-16
6.031108379364014 3.93860129608103e-16
6.0340142250061035 3.94059499988063e-16
6.036922454833984 3.943136098722393e-16
6.039834022521973 4.3121407082378084e-16
6.04274845123291 3.949095769599715e-16
6.045665264129639 3.95023449951818e-16
6.048585414886475 3.9526040741881237e-16
6.051507949829102 6.388807943949828e-16
6.054433822631836 5.170824328983796e-16
6.057362079620361 3.959598978145668e-16
6.060293197631836 3.961985493474557e-16
6.06322717666626 3.9642838644373725e-16
6.066164016723633 4.522218908140064e-16
6.069103717803955 3.9714457927042036e-16
6.072046279907227 3.9721019785405297e-16
6.074991703033447 3.973649931251637e-16
6.077939987182617 3.9753143509929916e-16
6.080891132354736 3.9774787848710223e-16
6.083845138549805 3.9796358072107646e-16
6.086802005767822 3.981775094798174e-16
6.089762210845947 3.983898765215618e-16
6.092724800109863 3.986006024369709e-16
6.0956902503967285 3.988095813469263e-16
6.098658561706543 3.990167603118688e-16
6.101629734039307 3.9922528923557095e-16
6.104604244232178 3.9943778862621337e-16
6.10758113861084 3.996598965468512e-16
6.110561370849609 4.897424328224973e-16
6.11354398727417 4.0033741702553624e-16
6.116529941558838 4.0023611717900055e-16
6.119518756866455 4.0041883806759106e-16
6.1225104331970215 4.0061227921692026e-16
6.125504970550537 4.0080397336079575e-16
6.12850284576416 4.0099709687276973e-16
6.131503105163574 4.011977907417098e-16
6.134506702423096 4.014023227286921e-16
6.137512683868408 4.016034136443262e-16
6.140522003173828 4.017908461536858e-16
6.1435346603393555 4.019774316300982e-16
6.146549701690674 4.021678816943324e-16
6.1495680809021 4.023570612091457e-16
6.152588844299316 4.0254449371850533e-16
6.155612945556641 4.0273023216197044e-16
6.158640384674072 4.0291448829777785e-16
6.161670207977295 4.0426264711245147e-16
6.164703369140625 4.202773931670701e-16
6.167739391326904 4.284008626477125e-16
6.170778274536133 6.296657112035665e-16
6.173820495605469 5.7089411840009e-16
6.176865577697754 1.019619827784745e-15
6.179913520812988 8.920923895427979e-15
6.182964324951172 8.055771960519844e-16
6.186018466949463 4.555466433627453e-15
6.189075469970703 8.896033408756438e-16
6.192135810852051 6.872579694466689e-16
6.195199012756348 4.416089915013836e-16
6.198265075683594 6.811643614845623e-16
6.201333999633789 5.742338634319953e-16
6.204406261444092 4.574541721478738e-16
6.207481861114502 4.0731183337366895e-16
6.210559844970703 4.1015992871925233e-16
6.21364164352417 4.0714970597360855e-16
6.216725826263428 4.1751823628094844e-16
6.219813346862793 4.0842756105366007e-16
6.222903728485107 4.0987926964613554e-16
6.225997447967529 4.219972670966904e-16
6.229094505310059 6.730433801632025e-16
6.232193946838379 4.169775910325838e-16
6.235297203063965 4.073473293481148e-16
6.238402843475342 4.074282474643572e-16
6.241512298583984 4.0760675965799105e-16
6.244624137878418 5.904025047852183e-16
6.247739791870117 5.188329853025582e-16
6.250857830047607 4.7037878319223115e-16
6.253979682922363 4.852891041627486e-16
6.25710391998291 4.088633330352428e-16
6.260231971740723 4.087121376541579e-16
6.263362884521484 4.0891066100117064e-16
6.266496658325195 1.2403277088398907e-15
6.269633769989014 4.093283011837262e-16
6.2727742195129395 4.095420446540099e-16
6.2759175300598145 4.097618497038224e-16
6.279064178466797 4.100828751908318e-16
6.282214164733887 4.1045321387723913e-16
6.285367012023926 4.113107817967749e-16
6.288523197174072 4.113743886771578e-16
6.291682243347168 4.114745767929502e-16
6.294844627380371 4.119094488020265e-16
6.298010349273682 4.122011722430168e-16
6.301178932189941 4.125009160272264e-16
6.304350852966309 4.134196820772013e-16
6.307526111602783 4.134943003858985e-16
6.310704708099365 4.1345597214503523e-16
6.3138861656188965 7.21641895511918e-16
6.317070960998535 4.077508876079223e-16
6.320259094238281 4.042599736647117e-16
6.323450088500977 4.0345598057908976e-16
6.3266448974609375 4.0377057390965593e-16
6.329842567443848 4.0408792009730067e-16
6.333043098449707 4.0440291047456087e-16
6.336247444152832 4.0471808614027827e-16
6.339454650878906 4.050386351712548e-16
6.342665672302246 4.4199359739899627e-16
6.345879554748535 4.0567539218935324e-16
6.349096775054932 4.0599048844573184e-16
6.352316856384277 4.0644010412204626e-16
6.355540752410889 4.071098160157488e-16
6.358767509460449 4.101466938294515e-16
6.361998081207275 4.102327470829366e-16
6.365231513977051 4.0752703268183074e-16
6.368468284606934 4.0782537356772147e-16
6.371708393096924 4.08123793862951e-16
6.3749518394470215 4.0841930248242434e-16
6.378198623657227 4.0884562475268927e-16
6.381448268890381 5.216547167476583e-16
6.384701728820801 4.167686121226284e-16
6.387958526611328 4.202867634690491e-16
6.391218662261963 4.108975091278536e-16
6.394481658935547 5.666945290476032e-16
6.3977484703063965 4.1047364854709164e-16
6.4010186195373535 4.107008121956334e-16
6.40429162979126 4.1097612437327065e-16
6.407568454742432 4.112499542432502e-16
6.410848617553711 4.115216665308616e-16
6.4141316413879395 4.118534387483893e-16
6.417418479919434 6.685005307088408e-16
6.420708656311035 4.123276713197333e-16
6.424002170562744 4.1258755161586275e-16
6.4272990226745605 4.1285873450788214e-16
6.430599212646484 4.131313732377796e-16
6.433902740478516 4.1337492167989483e-16
6.4372100830078125 4.1414588048057385e-16
6.440520286560059 4.151263475868003e-16
6.44383430480957 4.141868821691769e-16
6.4471516609191895 8.071804176628999e-16
6.450472354888916 4.1481958931099624e-16
6.45379638671875 4.148906077296676e-16
6.457123756408691 4.1512677110327393e-16
6.460454940795898 4.153723841881981e-16
6.463789463043213 4.156159326303133e-16
6.467127323150635 4.1585741642961957e-16
6.470468521118164 4.161040618359482e-16
6.473813056945801 4.1635907169263093e-16
6.477161407470703 4.1657167696239176e-16
6.480513095855713 4.169326718165997e-16
6.48386812210083 4.1984106532011575e-16
6.487226963043213 4.2640829704863555e-16
6.490589141845703 4.184803598299109e-16
6.493954658508301 4.17785554585146e-16
6.497323513031006 1.0632404363815654e-15
6.500696182250977 4.182037506330732e-16
6.504072189331055 4.1863647859000173e-16
6.507452011108398 4.201475059585646e-16
6.51083517074585 4.2330090374207395e-16
6.514221668243408 4.425025847909573e-16
6.517611980438232 4.2223268931646787e-16
6.521005630493164 4.2001563351658894e-16
6.524402618408203 4.1971435448516243e-16
6.527803421020508 4.198541943307982e-16
6.531208038330078 4.2005756164747803e-16
6.534615993499756 4.2025772612082606e-16
6.538027286529541 4.204564876958552e-16
6.541442394256592 4.206529993396182e-16
6.54486083984375 4.2084392585988524e-16
6.548283100128174 4.210322848115309e-16
6.551708698272705 4.212226554664263e-16
6.555138111114502 4.214123908466113e-16
6.558570861816406 4.2160048510046094e-16
6.562007427215576 4.217915174998464e-16
6.5654473304748535 4.2197521777028216e-16
6.5688910484313965 4.2215444464796525e-16
6.572338581085205 4.223437829814562e-16
6.575789451599121 4.2268654015751857e-16
6.5792436599731445 1.595585503016961e-15
6.582702159881592 4.230442262892763e-16
6.5861639976501465 4.230477732397429e-16
6.589629173278809 4.232203032631868e-16
6.5930986404418945 4.233921186025814e-16
6.596571445465088 4.23564066290874e-16
6.600047588348389 4.237309053117035e-16
6.603528022766113 4.238962884946549e-16
6.607011795043945 4.2406048053752424e-16
6.610498905181885 4.2422279322604185e-16
6.613990306854248 4.2438325302998734e-16
6.617485046386719 4.2454395106194924e-16
6.620983600616455 4.2469993747314204e-16
6.624485492706299 4.249147662043894e-16
6.627991676330566 4.252860048633032e-16
6.631501197814941 4.255403529754959e-16
6.635014533996582 1.244157568310901e-15
6.638531684875488 4.2633346698170156e-16
6.64205265045166 4.3492547803107356e-16
6.6455769538879395 7.952199418707548e-16
6.649105548858643 5.774164647939437e-14
6.652637481689453 4.598133177246546e-15
6.656173229217529 3.9332555123322305e-15
6.659712791442871 1.4501965327854967e-15
6.6632561683654785 4.269169297455499e-15
6.666803359985352 4.326435712711705e-16
6.670353889465332 4.2970275228764235e-16
6.673908710479736 4.298987874753725e-16
6.677467346191406 8.03316041599289e-16
6.681029319763184 1.0669386881083961e-15
6.684595584869385 3.289409675498239e-15
6.688165187835693 1.1660179318937446e-14
6.691739082336426 7.846436767331008e-16
6.695316314697266 5.197899737142779e-16
6.698897838592529 4.601099910144305e-16
6.702483177185059 4.510392740009618e-16
6.706071853637695 4.835315637367551e-16
6.709664821624756 4.3514671244898454e-16
6.713261604309082 4.3400824722831556e-16
6.716862201690674 1.122186200334821e-15
6.720466613769531 1.396113055586836e-15
6.724074840545654 4.768522854311813e-16
6.727686882019043 7.88035726049499e-16
6.7313032150268555 4.3395369301255646e-16
6.734922885894775 4.755948120814231e-16
6.738546848297119 3.606923787424776e-14
6.7421746253967285 3.249001756991236e-15
6.7458062171936035 4.346376456476847e-16
6.749441623687744 4.3382549986994545e-16
6.753081321716309 4.3407849802337846e-16
6.7567243576049805 4.3789705489849886e-16
6.760371685028076 4.410380118855954e-16
6.764023303985596 4.3487860005139896e-16
6.767678260803223 4.3495337717877375e-16
6.771337509155273 4.3522151604613894e-16
6.77500057220459 6.285006173846182e-16
6.77866792678833 4.4072307444789442e-16
6.782339096069336 4.562224274238884e-16
6.786014080047607 4.3907345131333707e-16
6.7896928787231445 5.782029010041514e-16
6.7933759689331055 4.438817397175445e-16
6.797062873840332 4.460129275523955e-16
6.800754070281982 4.4035503863231243e-16
6.804449081420898 5.068807680816488e-16
6.80814790725708 4.4113216489163865e-16
6.8118510246276855 4.3787789077806723e-16
6.815558433532715 4.3786259124545745e-16
6.81926965713501 4.3814166213179814e-16
6.82298469543457 4.3875181702139685e-16
6.826704025268555 4.466547667681775e-16
6.830427169799805 4.4032703360549384e-16
6.8341546058654785 4.4038367893384147e-16
6.837885856628418 4.396263785394369e-16
6.841621398925781 4.392799155942303e-16
6.845361232757568 4.397088848424554e-16
6.849104881286621 4.4129590694825475e-16
6.8528523445129395 4.4223680173397666e-16
6.85660457611084 4.4051430729617584e-16
6.860360622406006 4.4024450083269575e-16
6.8641204833984375 4.4061409836527424e-16
6.867884635925293 4.4170499739199897e-16
6.871653079986572 4.409673111042793e-16
6.875425815582275 4.4129090415991003e-16
6.879202365875244 4.4312070708421613e-16
6.882983207702637 4.416230204845725e-16
6.886767864227295 4.418407873613557e-16
6.890557289123535 4.422682213623639e-16
6.894350528717041 4.4191082639818177e-16
6.898148059844971 4.422307930940071e-16
6.901949405670166 4.751450905259903e-16
6.905755519866943 5.261502911756513e-16
6.909565448760986 4.4349366627880404e-16
6.913379669189453 4.433554675595036e-16
6.917198181152344 4.436566936513709e-16
6.921020984649658 4.4395866089706705e-16
6.924847602844238 4.442784687742147e-16
6.9286789894104 4.445738185750105e-16
6.932514190673828 4.448568334585118e-16
6.936354160308838 4.458708907150528e-16
6.940197944641113 4.534195424618648e-16
6.9440460205078125 4.482496239287389e-16
6.9478983879089355 4.488293121020161e-16
6.951755046844482 4.471525045038078e-16
6.955615997314453 4.466473022903298e-16
6.959481716156006 4.477777206979999e-16
6.963351249694824 4.4751995798423855e-16
6.967225074768066 4.616025160070517e-16
6.971103191375732 4.481554973924753e-16
6.974985599517822 4.515245709401793e-16
6.978872776031494 4.571024946560857e-16
6.982763767242432 4.490079301747683e-16
6.986659049987793 4.500741328971247e-16
6.990559101104736 4.498385518586696e-16
6.9944634437561035 4.497465958443333e-16
6.9983720779418945 4.500306165794595e-16
7.002285003662109 4.502810736340508e-16
7.006202220916748 4.505762116766097e-16
7.010124206542969 4.508980312570071e-16
7.014050006866455 4.512285329251139e-16
7.017980575561523 4.517540109897668e-16
7.021915435791016 4.51966986836442e-16
7.02585506439209 4.52150740046437e-16
7.02979850769043 4.526582716005199e-16
7.033746719360352 4.529141814297092e-16
7.0376996994018555 4.510972428182895e-16
7.041656494140625 4.482707468128611e-16
7.045618057250977 4.471969737335386e-16
7.049583911895752 4.4738893257521015e-16
7.053554534912109 4.476789884200855e-16
7.057529449462891 4.4838726678266775e-16
7.061508655548096 4.486193538102154e-16
7.065492630004883 4.489264032535951e-16
7.069481372833252 4.491407555288097e-16
7.073473930358887 4.491308558312386e-16
7.077471733093262 4.493983594238934e-16
7.081473350524902 4.498220876557573e-16
7.085479736328125 4.524210494357295e-16
7.08949089050293 4.52883952941404e-16
7.093506336212158 4.507209484314718e-16
7.097526550292969 4.506926257672979e-16
7.101551055908203 4.523299933938997e-16
7.1055803298950195 7.32970050621026e-15
7.109614372253418 4.51483648660915e-16
7.11365270614624 5.821070876162833e-16
7.1176958084106445 4.525055409722182e-16
7.121743202209473 4.522645071591651e-16
7.125795364379883 4.527017879181851e-16
7.129852294921875 6.355062680726809e-16
7.133913516998291 4.529540978573485e-16
7.137979507446289 4.531859201871002e-16
7.142050266265869 4.534376477911123e-16
7.146125793457031 4.542195650805464e-16
7.150205612182617 7.989776447225709e-16
7.154290199279785 4.573535340458281e-16
7.158379554748535 4.770660553712446e-16
7.162473678588867 4.588656466753547e-16
7.166572093963623 5.221194731379049e-16
7.170675754547119 1.8370679258947024e-15
7.174783706665039 1.1485419481259938e-15
7.178896427154541 4.806129528983128e-16
7.183013916015625 1.0255792339642711e-15
7.187136173248291 4.818394566059371e-16
7.191263198852539 4.651769950444649e-16
7.195394992828369 4.980855485342745e-16
7.199531078338623 4.646031302227001e-16
7.203672409057617 4.573501988535983e-16
7.207818508148193 4.57348028331671e-16
7.211969375610352 4.575990677214135e-16
7.216124534606934 4.582831527054397e-16
7.220284938812256 4.580640358698969e-16
7.22445011138916 4.591729078769712e-16
7.2286200523376465 4.581641445763505e-16
7.232794761657715 4.836806944750311e-16
7.236974239349365 1.2796917651185214e-15
7.241158962249756 4.587476973374495e-16
7.24534797668457 4.586867109652472e-16
7.249542236328125 5.419799075917356e-16
7.253741264343262 4.737322395699701e-16
7.2579450607299805 4.639189393595554e-16
7.262153625488281 4.662765496891194e-16
7.266367435455322 4.847337152471458e-16
7.270585536956787 4.604987791372202e-16
7.274808883666992 5.500636194634163e-16
7.2790374755859375 5.448994184026844e-16
7.283270835876465 4.613035663162302e-16
7.287508964538574 4.605809413331038e-16
7.291751861572266 4.907104856020905e-16
7.296000003814697 4.611409359903573e-16
7.300252914428711 4.625317111501897e-16
7.304510593414307 4.615142657618597e-16
7.308773517608643 1.8273869745822962e-15
7.313041687011719 4.919343423317546e-16
7.317314147949219 4.78718669590897e-16
7.321592330932617 4.6181803295256875e-16
7.3258748054504395 4.624756481569933e-16
7.33016300201416 4.657019437135257e-16
7.334455966949463 4.641761197381655e-16
7.338753700256348 4.629359576242668e-16
7.343056678771973 4.629729094365908e-16
7.347364902496338 4.633591564605387e-16
7.351677894592285 4.634201428327411e-16
7.355996131896973 4.635800203015353e-16
7.360319137573242 4.638447710371115e-16
7.364647388458252 4.648685162329867e-16
7.368980884552002 4.673481522465145e-16
7.373319149017334 4.655148553113009e-16
7.3776631355285645 4.649086444188629e-16
7.382011890411377 4.6493162018755715e-16
7.3863654136657715 4.650700041953148e-16
7.3907246589660645 4.652420048231666e-16
7.3950886726379395 4.654097702862822e-16
7.399457931518555 4.656224284956022e-16
7.40383243560791 4.657885528323825e-16
7.408212184906006 4.659621416470104e-16
7.412596702575684 4.661679706531932e-16
7.41698694229126 4.663849169668087e-16
7.421381950378418 4.665400298752747e-16
7.425782680511475 4.667130363547514e-16
7.430188179016113 4.668889545099842e-16
7.43459939956665 4.675592752086176e-16
7.4390153884887695 4.675727747962145e-16
7.443436622619629 4.677137528423731e-16
7.4478631019592285 4.678931120689542e-16
7.452295303344727 4.678242906419898e-16
7.456732273101807 4.689535973189166e-16
7.461174964904785 4.689154808362901e-16
7.465622425079346 4.68354797964767e-16
7.470075607299805 4.721386529588296e-16
7.474534034729004 3.0887395234806964e-15
7.478997707366943 4.91819145850928e-16
7.483467102050781 4.698500228749077e-16
7.487941265106201 4.784947352554666e-16
7.4924211502075195 4.752726219241113e-16
7.496906280517578 4.746594230098584e-16
7.501396656036377 4.714176161624793e-16
7.505892276763916 4.694927337898439e-16
7.5103936195373535 4.69583578073437e-16
7.514900207519531 4.692768462674125e-16
7.519412517547607 4.6872998062084145e-16
7.523930072784424 4.683704680742912e-16
7.5284528732299805 4.682522010990308e-16
7.5329813957214355 4.684624770281867e-16
7.537515163421631 4.689182866329279e-16
7.542054176330566 4.71693695963725e-16
7.5465989112854 5.010487344815661e-16
7.551149368286133 4.697987773815988e-16
7.5557050704956055 4.691323742103464e-16
7.560266494750977 4.691887548408981e-16
7.564833164215088 4.694671639827487e-16
7.5694050788879395 4.697317558996473e-16
7.573983192443848 4.708159051325736e-16
7.578566551208496 4.940338193706428e-16
7.583155155181885 5.272675276330797e-16
7.587749481201172 4.7491030358092325e-16
7.592349529266357 4.747750959467178e-16
7.596955299377441 4.792250364746775e-16
7.601566314697266 4.704697862945018e-16
7.606183052062988 4.70263957288319e-16
7.610805511474609 4.764209868423513e-16
7.615433692932129 4.836932411505623e-16
7.620067119598389 4.713718234437684e-16
7.624706745147705 4.711552477070673e-16
7.629351615905762 4.7132878358213605e-16
7.634002208709717 4.747210975963303e-16
7.63865852355957 5.101495211646623e-16
7.643320083618164 4.730634011789945e-16
7.6479878425598145 4.723570286405436e-16
7.652661323547363 4.724620077864439e-16
7.6573405265808105 4.727260703077504e-16
7.662024974822998 4.732952764483053e-16
7.666715621948242 4.742919165898684e-16
7.671411991119385 4.744062660377477e-16
7.676114082336426 5.25694216873114e-16
7.680821895599365 5.181365654012375e-16
7.685535430908203 4.767435475765776e-16
7.6902546882629395 4.783478809182364e-16
7.694979667663574 5.051391624629755e-16
7.699710845947266 5.133909574351269e-16
7.7044477462768555 4.78472977096634e-16
7.709190368652344 4.810290578336515e-16
7.7139387130737305 4.781039883689864e-16
7.718693256378174 4.777530520310271e-16
7.723453044891357 4.997350922594931e-16
7.728219509124756 5.876821525959927e-16
7.7329912185668945 5.783490141875527e-16
7.73776912689209 4.829708279256728e-16
7.742552757263184 4.791193691145075e-16
7.747342586517334 4.825662638142404e-16
7.752138137817383 5.17373812232235e-16
7.756939888000488 4.482408994893822e-15
7.761747360229492 6.876566572670297e-16
7.7665605545043945 7.225306977713837e-16
7.7713799476623535 5.307281336786463e-16
7.776205539703369 6.511393728450023e-16
7.781036853790283 4.786406366806312e-16
7.785874366760254 4.792381654853599e-16
7.790717601776123 4.791299570263482e-16
7.795567035675049 5.048711294747287e-16
7.800422668457031 5.004483998801996e-16
7.80528450012207 1.2741847804119476e-15
7.810152053833008 5.169814242194195e-16
7.815025806427002 4.929062596991697e-16
7.8199052810668945 4.824308444217982e-16
7.824791431427002 4.817708998767687e-16
7.829683303833008 4.847794550262975e-16
7.83458137512207 6.2947740519148e-16
7.8394856452941895 4.772326032244985e-16
7.844396114349365 4.778247851337477e-16
7.849312782287598 7.28627058590569e-15
7.8542351722717285 4.80905814539826e-16
7.859164237976074 4.91850644888654e-16
7.864099502563477 5.481095673936598e-16
7.869040489196777 4.816814320217149e-16
7.873988151550293 2.813295843978386e-15
7.878942012786865 4.853500375953917e-16
7.883901596069336 4.798229358563206e-16
7.8888678550720215 4.797367502539375e-16
7.893840312957764 4.842112017978083e-16
7.8988189697265625 4.903986715983826e-16
7.903804302215576 4.909788362276925e-16
7.908795356750488 4.8202866259053e-16
7.913793087005615 4.800431114830475e-16
7.918797016143799 4.884704010939581e-16
7.923807144165039 4.814356336483336e-16
7.928823947906494 4.853108623215812e-16
7.933846950531006 4.889414043521907e-16
7.938876152038574 4.848805166448168e-16
7.943912029266357 4.835559688735479e-16
7.948954105377197 4.832615719848178e-16
7.954002857208252 4.895168044211724e-16
7.959057807922363 4.839275516395965e-16
7.964118957519531 4.820787963530956e-16
7.969186782836914 4.814878849932673e-16
7.974261283874512 4.824746254372594e-16
7.979341983795166 4.890574478659646e-16
7.984428882598877 4.847896723612238e-16
7.989522933959961 4.889182697648189e-16
7.994622707366943 4.844869110221396e-16
7.999729633331299 5.005022923514687e-16
8.004842758178711 4.89668952714323e-16
8.009963035583496 4.941652153565856e-16
8.01508903503418 4.854731220705396e-16
8.020221710205078 7.994663297935774e-16
8.025361061096191 4.833586631363968e-16
8.03050708770752 4.844712938521746e-16
8.035659790039062 4.982334087231296e-16
8.04081916809082 5.085650401577047e-16
8.045985221862793 4.840545536421255e-16
8.05115795135498 4.851945541100113e-16
8.056337356567383 5.587834001389257e-16
8.0615234375 5.063554488356735e-16
8.066715240478516 4.876268621576113e-16
8.071914672851562 8.10573472830923e-16
8.077120780944824 4.880092975332966e-16
8.0823335647583 4.88870941798891e-16
8.087553024291992 4.850189006525745e-16
8.092779159545898 5.790550690886484e-16
8.09801197052002 5.19260578122244e-16
8.103251457214355 4.867101078108861e-16
8.108498573303223 4.887212287254638e-16
8.113751411437988 4.85033353152237e-16
8.119011878967285 4.862822502934043e-16
8.124279022216797 4.889812678402709e-16
8.129552841186523 5.154891639245942e-16
8.134833335876465 4.931751397203637e-16
8.140120506286621 4.865580124572947e-16
8.145415306091309 4.875235241380462e-16
8.150715827941895 4.868945492351507e-16
8.156023979187012 4.881394759093777e-16
8.16133975982666 4.955073390615101e-16
8.166661262512207 5.269497843987409e-16
8.171990394592285 4.949670379202802e-16
8.177326202392578 4.957570020227133e-16
8.182668685913086 4.990046851611639e-16
8.188018798828125 4.894590473620815e-16
8.193375587463379 4.888509306455121e-16
8.198740005493164 4.87997703769831e-16
8.204110145568848 4.876204564709477e-16
8.209488868713379 4.887205934507534e-16
8.214873313903809 4.920565797739552e-16
8.22026538848877 4.892310896201517e-16
8.225665092468262 4.885432988669812e-16
8.231070518493652 5.34647090427796e-16
8.23648452758789 4.999808376933152e-16
8.241905212402344 4.9375953951441e-16
8.247332572937012 4.907878302980867e-16
8.252767562866211 5.025640234846448e-16
8.258209228515625 4.943453686765548e-16
8.26365852355957 4.951776314867913e-16
8.26911449432373 4.948882638561856e-16
8.274578094482422 4.922779200709846e-16
8.280049324035645 4.902429234152062e-16
8.285527229309082 4.907518843373876e-16
8.291011810302734 4.901920484988117e-16
8.296504974365234 5.636663333216099e-16
8.30200481414795 5.276378398497074e-16
8.307511329650879 4.905800425282134e-16
8.313026428222656 4.927777224494239e-16
8.318548202514648 6.520801088120466e-16
8.324076652526855 4.992915116929278e-16
8.32961368560791 5.001793081007688e-16
8.33515739440918 5.134220329563793e-16
8.340707778930664 4.924744317147476e-16
8.346266746520996 4.925910575636727e-16
8.351832389831543 4.91716601924751e-16
8.357406616210938 4.940330252772547e-16
8.362987518310547 5.346927772673885e-16
8.368575096130371 5.29010721438529e-16
8.374171257019043 5.004273299356367e-16
8.37977409362793 4.973971225063936e-16
8.385385513305664 5.046534420072844e-16
8.391003608703613 5.085185592247242e-16
8.396629333496094 5.364045779142302e-16
8.402262687683105 4.912958912477617e-16
8.407903671264648 8.128096398116744e-16
8.413552284240723 1.3060961114250429e-15
8.419208526611328 2.4497410867972517e-14
8.424872398376465 1.2389430640810141e-14
8.430543899536133 1.1342967597773078e-15
8.436223030090332 9.594724417166908e-16
8.441908836364746 5.670357245066691e-16
8.447603225708008 9.601473152174157e-16
8.4533052444458 7.100152565801094e-16
8.459015846252441 1.3542347937625177e-15
8.464733123779297 5.017034909497937e-16
8.470458030700684 5.153829671688322e-16
8.476190567016602 5.114671867932348e-16
8.481931686401367 4.997349863803747e-16
8.487680435180664 5.176238457703527e-16
8.493436813354492 7.33061223129886e-16
8.499200820922852 4.964589276381911e-16
8.504972457885742 4.968138344430906e-16
8.510751724243164 6.656768934396094e-16
8.516539573669434 4.986139382746836e-16
8.522335052490234 8.616610474347045e-16
8.528139114379883 5.567902257349179e-16
8.533949851989746 5.458140022274822e-16
8.539769172668457 5.002245714238877e-16
8.5455961227417 5.093950795064547e-16
8.551431655883789 1.2440324191929442e-15
8.55727481842041 5.01031793822621e-16
8.563125610351562 5.067025735253701e-16
8.568984985351562 4.967284958736547e-16
8.574851989746094 1.186393627077302e-15
8.580726623535156 5.339244125051104e-16
8.586609840393066 5.857917868159579e-16
8.592501640319824 4.988520604119805e-16
8.598401069641113 5.002882577136093e-16
8.604308128356934 5.988876573343382e-16
8.610223770141602 5.045368690979185e-16
8.616147994995117 8.463793554563752e-16
8.622079849243164 4.995702384721337e-16
8.628019332885742 5.361820729468984e-16
8.633968353271484 5.324189702600435e-16
8.639924049377441 6.1542798733272815e-16
8.645889282226562 5.260007369209017e-16
8.651862144470215 5.000720525538227e-16
8.657843589782715 5.682274469238967e-16
8.663832664489746 5.61689781939192e-16
8.669830322265625 5.344575668058478e-16
8.675836563110352 5.153777261524711e-16
8.681851387023926 5.215613843047827e-16
8.687873840332031 5.715535864890867e-16
8.693904876708984 5.251029349363713e-16
8.699944496154785 5.283081076087816e-16
8.705992698669434 5.605547577898712e-16
8.712048530578613 5.783627255333864e-16
8.71811294555664 5.386089282199003e-16
8.724186897277832 5.2061704844771255e-16
8.730268478393555 7.612440209882863e-16
8.736358642578125 5.606490960843717e-16
8.742456436157227 7.755597248298312e-16
8.748563766479492 5.43213981656326e-16
8.754679679870605 5.335995224302792e-16
8.760804176330566 5.049667383186501e-16
8.766937255859375 5.577807248876134e-16
8.773077964782715 5.118962089810191e-16
8.779228210449219 5.027374534805952e-16
8.78538703918457 5.884043540626454e-16
8.79155445098877 5.172175875930258e-16
8.797730445861816 5.125913053933596e-16
8.803915023803711 5.236306857949249e-16
8.810108184814453 5.158567232841434e-16
8.816309928894043 6.107656532932445e-16
8.822521209716797 8.716387779160049e-16
8.828741073608398 5.528705278319394e-16
8.834968566894531 5.125089843787984e-16
8.841206550598145 5.219244967413588e-16
8.847452163696289 9.949577223716073e-16
8.853707313537598 5.065899181433853e-16
8.859970092773438 6.60048465384223e-16
8.866243362426758 5.076401860584214e-16
8.87252426147461 5.2139388353946315e-16
8.878814697265625 5.478586338830357e-16
8.885113716125488 5.220432931122112e-16
8.891422271728516 5.796892320683459e-16
8.89773941040039 5.823392805229493e-16
8.904065132141113 5.356444187836287e-16
8.910400390625 5.048647237880651e-16
8.916744232177734 5.125518654217531e-16
8.923097610473633 5.11321232428511e-16
8.929459571838379 6.05476091356319e-16
8.935831069946289 5.465692909186371e-16
8.942212104797363 5.517257628037252e-16
8.948601722717285 5.275899824881876e-16
8.954999923706055 5.412294364004683e-16
8.961407661437988 5.351476339600641e-16
8.967824935913086 5.204536769680109e-16
8.974250793457031 7.61516977355539e-16
8.98068618774414 7.106424844775512e-16
8.987131118774414 5.183952810270645e-16
8.993584632873535 5.157820785056666e-16
9.00004768371582 5.303069994851833e-16
9.00652027130127 5.14667912542672e-16
9.013002395629883 5.164517109900303e-16
9.019493103027344 5.167509783182071e-16
9.025994300842285 5.405810856189044e-16
9.032504081726074 5.193746628723273e-16
9.039023399353027 5.429976706174209e-16
9.045552253723145 6.776026938204764e-16
9.05208969116211 5.687711891364747e-16
9.058637619018555 5.102081781962597e-16
9.065195083618164 1.9871246829402485e-15
9.071761131286621 5.28002911049974e-16
9.078337669372559 5.308075430174514e-16
9.084922790527344 5.062894861449061e-16
9.09151840209961 5.090396962455224e-16
9.098122596740723 5.561435690192484e-16
9.104737281799316 1.0352094691789605e-15
9.111361503601074 6.914099661354319e-16
9.117995262145996 5.2134708496912735e-16
9.124638557434082 5.596030633340718e-16
9.131291389465332 4.925694052839585e-16
9.137953758239746 6.865675317155383e-16
9.14462661743164 4.913502601750636e-16
9.151308059692383 1.0900080539433406e-15
9.157999992370605 7.944849819703341e-16
9.164702415466309 6.386376959391208e-16
9.17141342163086 3.1712700092898297e-14
9.17813491821289 2.704142096197513e-15
9.184865951538086 8.337481354491231e-16
9.191607475280762 2.1651936665844414e-15
9.198358535766602 6.950694661049257e-16
9.205119132995605 4.928127154980573e-16
9.21189022064209 6.140093659647548e-16
9.218670845031738 1.3890119548735295e-15
9.225461959838867 1.6287441959240067e-15
9.23226261138916 5.4605973707339255e-15
9.239073753356934 6.526555618205875e-16
9.245894432067871 9.864124304832323e-16
9.252725601196289 1.365191164935252e-15
9.259567260742188 5.724677997369701e-16
9.26641845703125 5.130723671678409e-16
9.273280143737793 4.910852447416914e-16
9.2801513671875 1.0017779257837805e-15
9.287033081054688 7.965731299435527e-16
9.293925285339355 1.1636810738713884e-15
9.300827026367188 5.637703595554446e-16
9.307740211486816 5.836706045577963e-16
9.31466293334961 1.6688356629219157e-14
9.321596145629883 1.102184364318358e-15
9.32853889465332 5.387708173919443e-16
9.335493087768555 5.775235805804534e-16
9.342456817626953 5.976425718414336e-16
9.349431991577148 4.873569233452332e-16
9.356416702270508 4.84135127651233e-16
9.363411903381348 1.8108586089242863e-15
9.370417594909668 5.041496162223457e-16
9.377433776855469 4.904508700037571e-16
9.384461402893066 7.788411304674944e-16
9.391498565673828 5.557649452918258e-16
9.39854621887207 5.063098149356402e-16
9.40560531616211 7.383361737484714e-16
9.412673950195312 5.431062496533471e-16
9.419754028320312 5.373174147335744e-16
9.426844596862793 5.404092967492894e-16
9.433945655822754 9.041134387785836e-16
9.441057205200195 2.3990315112340944e-15
9.448180198669434 5.082385089565382e-16
9.455313682556152 5.149024877295022e-16
9.462457656860352 6.471481006579808e-16
9.469612121582031 7.981623225712794e-16
9.476778030395508 4.916462452505697e-16
9.483954429626465 2.502315108932258e-15
9.491142272949219 6.002542920551738e-16
9.498340606689453 5.710208027652638e-16
9.505550384521484 7.815210368334886e-16
9.512770652770996 7.575279815695633e-16
9.520001411437988 4.992108847442611e-16
9.527243614196777 5.003086394439026e-16
9.534497261047363 4.87829038334209e-16
9.54176139831543 5.293682752213888e-16
9.549036979675293 6.744794186461537e-16
9.556323051452637 1.1451529693040294e-15
9.563620567321777 6.389623213161561e-16
9.570929527282715 5.632951211324757e-16
9.57824993133545 5.445996746184748e-16
9.585580825805664 5.059733310973434e-16
9.592923164367676 5.309582619425035e-16
9.600276947021484 6.46352736720509e-16
9.60764217376709 6.994247507010297e-16
9.615017890930176 5.401265995031432e-16
9.622406005859375 5.06933919399089e-16
9.629804611206055 5.226818500753225e-16
9.637214660644531 5.309585795798587e-16
9.644637107849121 8.931109043102238e-16
9.652070045471191 5.182554676512084e-16
9.659514427185059 1.1688714800139259e-15
9.666970252990723 7.186563690706426e-16
9.6744384765625 5.15818871499313e-16
9.681917190551758 5.449807335656208e-16
9.689408302307129 1.2402818631816206e-15
9.696910858154297 3.101457511425483e-15
9.704424858093262 3.2541455763216744e-15
9.711950302124023 1.854445230324098e-15
9.719488143920898 7.627554454035432e-16
9.727036476135254 1.6965477010440558e-15
9.734597206115723 1.8410015469017514e-15
9.742170333862305 5.1795117106490725e-16
9.749754905700684 5.133517821613164e-16
9.75735092163086 5.173684123971963e-16
9.764958381652832 5.608285611900712e-16
9.772578239440918 6.336862060272682e-16
9.780210494995117 7.59401406690653e-16
9.787854194641113 5.786147707747538e-16
9.795509338378906 5.490735967667536e-16
9.803177833557129 6.403197974932495e-16
9.810856819152832 9.336522305064196e-16
9.818549156188965 1.1552283203325009e-15
9.826252937316895 5.217298379821679e-16
9.833968162536621 5.661005471933411e-16
9.841696739196777 6.070137208533815e-16
9.84943675994873 1.1051158394696867e-15
9.857189178466797 4.419038648461465e-15
9.864953994750977 6.542018734053594e-16
9.872730255126953 5.555620809009584e-16
9.88051986694336 5.456061615180497e-16
9.888320922851562 5.484076171119749e-16
9.896134376525879 7.87729364820389e-16
9.903960227966309 5.96547940575785e-16
9.911799430847168 5.436999138702539e-16
9.919650077819824 6.254434637197406e-16
9.927513122558594 5.778017779640673e-16
9.935389518737793 5.254044786655939e-16
9.943277359008789 9.204047410904807e-16
9.951178550720215 5.307345393653099e-16
9.959091186523438 5.394509848485895e-16
9.96701717376709 6.071334701362996e-16
9.974956512451172 2.641223006567806e-15
9.98290729522705 5.164833159068748e-16
9.99087142944336 8.785108620961975e-16
9.998847961425781 6.144386528503351e-16
10.006837844848633 6.862492061460483e-16
10.014840126037598 6.769432257314797e-16
10.022854804992676 3.6571172658131715e-15
10.030882835388184 2.295370560357929e-15
10.038923263549805 6.484898537859908e-16
10.046977043151855 5.780738343588135e-16
10.05504322052002 5.841297493547673e-16
10.063122749328613 6.231388988284985e-16
10.071215629577637 5.488872495183577e-16
10.079320907592773 8.099942611136787e-16
10.08743953704834 6.671651303279352e-16
10.095571517944336 6.478429853120846e-16
10.103715896606445 5.847368072801526e-16
10.1118745803833 2.3416861101555574e-15
10.12004566192627 1.999022531233856e-15
10.128230094909668 8.036306084600756e-16
10.13642692565918 5.768923822160714e-16
10.144638061523438 1.5915786136599746e-15
10.152862548828125 6.109994873262459e-16
10.161100387573242 6.427261651568397e-16
10.169350624084473 9.308719507361758e-16
10.17761516571045 6.242506295717697e-16
10.185893058776855 7.294135816216538e-16
10.194184303283691 5.788865095321448e-16
10.202488899230957 7.43983130649579e-16
10.210807800292969 6.034481886014738e-16
10.219139099121094 5.477947887746364e-16
10.227484703063965 5.018773444622176e-16
10.235843658447266 1.0931437910898997e-14
10.244216918945312 5.220117940744852e-16
10.252603530883789 5.04379003332374e-16
10.261003494262695 5.116796861838772e-16
10.269417762756348 5.258757995611817e-16
10.27784538269043 5.260881930727057e-16
10.286287307739258 6.877610540777788e-16
10.294742584228516 5.713003236378577e-16
10.30321216583252 5.112437289138373e-16
10.311695098876953 7.668759430545802e-16
10.32019329071045 6.665040211126033e-16
10.328704833984375 5.335069311412325e-16
10.33722972869873 5.153680382131369e-16
10.345769882202148 4.998259894826453e-16
10.354323387145996 8.17888661121648e-16
10.36289119720459 4.8613164783538245e-15
10.37147331237793 5.271389903833338e-16
10.380069732666016 1.1531823122484081e-15
10.388679504394531 5.2323559786459e-16
10.39730453491211 2.6910141443062556e-15
10.405943870544434 4.967920233446988e-16
10.414597511291504 5.029577879259997e-16
10.42326545715332 5.037480167262287e-16
10.431947708129883 6.325154476754852e-16
10.440644264221191 5.5244251149578e-16
10.449356079101562 4.606286292880343e-15
10.458081245422363 6.406350525683057e-16
10.466822624206543 1.7523146562253844e-15
10.475577354431152 1.4211921129682597e-15
10.484347343444824 7.829509872671315e-16
10.493131637573242 6.11244703364476e-16
10.501931190490723 5.560799250811741e-15
10.51074504852295 8.645417535487572e-16
10.519573211669922 5.036994711504392e-16
10.528417587280273 5.271965356841879e-16
10.537275314331055 8.119184340962208e-15
10.546149253845215 1.2471402889555386e-15
10.555037498474121 9.042989389940323e-16
10.56394100189209 3.2421914003370744e-15
10.572858810424805 7.861560011208641e-16
10.581792831420898 1.1875688852916173e-15
10.590741157531738 5.580231880687649e-16
10.59970474243164 2.848879486334302e-15
10.608683586120605 5.129381230336129e-15
10.617677688598633 4.731293956334974e-15
10.626687049865723 6.012475970045071e-16
10.635712623596191 4.928657079968199e-16
10.644752502441406 1.2488481191354401e-15
10.653807640075684 4.689519138409339e-15
10.66287899017334 5.506127085714739e-16
10.671964645385742 1.2843444112186709e-15
10.681066513061523 3.1390090230761078e-15
10.690183639526367 6.130136787352574e-16
10.69931697845459 1.022926432652589e-15
10.708465576171875 1.126861081049836e-15
10.717629432678223 8.005646668283702e-16
10.72680950164795 1.2195328382265608e-15
10.736004829406738 5.477898653956305e-16
10.745216369628906 6.801024468665014e-16
10.754444122314453 6.392726000726471e-16
10.763687133789062 1.786464483559836e-15
10.77294635772705 7.370073484608188e-15
10.782220840454102 6.382346141353462e-16
10.791511535644531 1.4206342358933743e-15
10.80081844329834 1.282429057966692e-15
10.810141563415527 1.5113852399830817e-15
10.819480895996094 7.396746552117226e-15
10.828836441040039 5.597635760775765e-16
10.838208198547363 8.12002152715145e-16
10.84759521484375 9.120393378242789e-16
10.856999397277832 6.499511444386821e-16
10.866419792175293 8.768583008161043e-16
10.875856399536133 1.0160161261106517e-15
10.885309219360352 7.428037431496458e-16
10.894779205322266 5.243389641575071e-16
10.904265403747559 6.003552477945747e-16
10.91376781463623 1.580648500508605e-15
10.923286437988281 6.744729070803717e-16
10.932822227478027 5.540535152218984e-16
10.942375183105469 5.735360141625762e-16
10.951944351196289 6.891607230835573e-16
10.961529731750488 5.921541159805809e-16
10.971132278442383 5.444637258304405e-16
10.980751991271973 1.2344791580973366e-15
10.990388870239258 1.5717319964310959e-15
11.000041961669922 3.500219658927363e-15
11.009712219238281 1.2627637057885258e-15
11.019399642944336 8.158079246867178e-16
11.029104232788086 3.925569958885319e-15
11.038825035095215 1.2088494234210791e-15
11.048563957214355 9.241363447396096e-16
11.058320045471191 6.055978523424868e-16
11.068092346191406 8.619853551743845e-16
11.077882766723633 7.440202942201398e-16
11.087690353393555 1.759664890504302e-15
11.097516059875488 6.123863449586972e-16
11.1073579788208 5.864693602342021e-16
11.117218017578125 6.561751954746659e-16
11.127096176147461 1.0641357078551659e-14
11.136990547180176 1.0262491311464309e-15
11.146903991699219 5.26816535528226e-16
11.15683364868164 6.348471176210394e-16
11.16678237915039 5.613156580743016e-16
11.17674732208252 5.312898224017943e-16
11.186731338500977 1.5384731418780374e-15
11.196732521057129 6.201849243645083e-16
11.206751823425293 5.125957523163327e-16
11.216789245605469 9.379968742511237e-16
11.226844787597656 8.61101846870839e-16
11.236918449401855 9.545650504576546e-16
11.24700927734375 5.870386193143162e-16
11.257119178771973 1.4189177448015872e-14
11.267247200012207 7.301811522905438e-16
11.277393341064453 5.449178943088464e-16
11.287557601928711 1.0565502525267958e-15
11.29773998260498 1.6841126221036522e-15
11.307941436767578 1.1814268376328396e-15
11.318160057067871 1.317916562083095e-15
11.328398704528809 1.6040342543251727e-14
11.338654518127441 7.349366599542254e-16
11.348930358886719 6.194017365256533e-16
11.359223365783691 5.128258805801899e-16
11.369536399841309 5.434774618424813e-16
11.379867553710938 5.39348546801531e-16
11.390216827392578 6.614222998851103e-16
11.400586128234863 1.2818412171012976e-15
11.41097354888916 5.694917494767921e-16
11.421380043029785 1.2112471195848719e-14
11.431805610656738 2.3302452361369935e-15
11.44225025177002 2.8587592786310763e-15
11.452713966369629 6.76520079834767e-16
11.463197708129883 6.104387515151635e-16
11.473699569702148 5.685611779051149e-16
11.484220504760742 5.23081755505545e-16
11.49476146697998 7.852787396853047e-16
11.505321502685547 6.033500386587107e-16
11.515901565551758 7.004295964742693e-16
11.526500701904297 1.4993353916270893e-14
11.537118911743164 1.8982590683120108e-15
11.547757148742676 3.162825048454057e-15
11.558414459228516 7.65151013397056e-16
11.569091796875 2.64875757639187e-15
11.579789161682129 6.803338986193386e-16
11.590506553649902 7.555564065057105e-16
11.601243019104004 7.081341552229352e-16
11.61199951171875 6.351785722012119e-16
11.62277603149414 4.976658966484692e-16
11.633573532104492 5.708130149953904e-16
11.644390106201172 1.7031711810542292e-15
11.655226707458496 5.032021039917233e-16
11.666084289550781 7.820246508601905e-16
11.676960945129395 9.055662061622431e-16
11.687858581542969 6.74930304871889e-16
11.698777198791504 5.354794591171509e-16
11.709715843200684 6.153378312634048e-16
11.720674514770508 8.070705151379937e-16
11.731654167175293 1.0443700246243973e-15
11.742653846740723 1.1136697075666527e-15
11.753674507141113 1.0115145695124687e-15
11.764716148376465 2.672731573414482e-15
11.775777816772461 6.711157449334885e-16
11.786861419677734 5.97012008751762e-16
11.797965049743652 8.778814107372691e-16
11.809089660644531 5.535021497127951e-16
11.820235252380371 5.724860638848953e-16
11.831402778625488 2.3224334747809407e-15
11.84259033203125 1.4860324850805764e-15
11.853799819946289 6.973505787714407e-16
11.865030288696289 1.5359404074866286e-15
11.87628173828125 1.1346068797151213e-15
11.887555122375488 7.291647127538386e-16
11.898849487304688 7.058336666777517e-16
11.910165786743164 5.717311457706549e-16
11.921503067016602 6.109969462274041e-16
11.932862281799316 1.1429075908399766e-15
11.944242477416992 7.842443536380296e-16
11.955645561218262 5.614967643063364e-16
11.967069625854492 1.2966484118104868e-15
11.978515625 1.4896083405465288e-15
11.989983558654785 8.470954159341603e-16
12.001473426818848 6.133057462833825e-16
12.012986183166504 7.206321263596724e-16
12.024519920349121 6.647321340660657e-16
12.036076545715332 7.245896231079221e-16
12.04765510559082 1.0597659072319283e-15
12.059255599975586 6.460597162603182e-16
12.070878982543945 6.102826856946319e-16
12.082525253295898 1.274531322766493e-15
12.094193458557129 6.36605716838217e-16
12.105883598327637 8.590488507649314e-16
12.117597579956055 1.1858264326399968e-15
12.12933349609375 5.762203865097848e-14
12.141092300415039 1.6153822935327175e-14
12.152873992919922 1.2603699906795851e-15
12.164678573608398 7.8645399789962e-16
12.176506042480469 1.051351693692141e-15
12.188356399536133 8.139259233570372e-16
12.20022964477539 1.019100808346315e-15
12.212126731872559 1.6302616554490128e-15
12.22404670715332 6.446062077228299e-16
12.235989570617676 7.594484699587848e-16
12.247956275939941 7.906958859599104e-16
12.259946823120117 7.224912577997772e-16
12.271960258483887 2.3067651440259254e-14
12.283997535705566 9.342736985798201e-15
12.29605770111084 6.127182759949024e-16
12.30814266204834 9.171294764416852e-16
12.320250511169434 7.023257856058165e-16
12.332383155822754 1.1216509813912747e-15
12.344538688659668 9.470852201378071e-16
12.356719017028809 1.3497201081536523e-15
12.36892318725586 8.278015935824835e-16
12.38115119934082 1.0839952846881376e-15
12.393403053283691 3.571189161446012e-15
12.405679702758789 8.972116025661187e-16
12.417981147766113 2.6124880491069143e-15
12.430306434631348 1.1094538340057549e-14
12.442656517028809 7.290774683602714e-16
12.455031394958496 1.4236912836791335e-15
12.467430114746094 2.3418370937784054e-15
12.479853630065918 1.1011937592865441e-15
12.492302894592285 5.625327914799468e-16
12.504776000976562 1.9008276957245595e-15
12.517273902893066 1.2221135358586079e-15
12.529797554016113 1.1709689453495644e-15
12.542346000671387 3.020877149570813e-15
12.554920196533203 1.2632770077545619e-15
12.567519187927246 6.53511753311584e-16
12.580142974853516 3.5964243905270855e-15
12.592792510986328 8.568526531513786e-16
12.605467796325684 7.771948160553873e-16
12.618167877197266 1.163427493382804e-15
12.630894660949707 7.487797723507617e-16
12.643646240234375 1.0332609757629204e-15
12.656424522399902 3.0850784353244265e-15
12.669227600097656 5.893292081619286e-16
12.68205738067627 8.142430842562247e-16
12.694912910461426 2.3158727810879826e-15
12.707794189453125 8.504315081364806e-16
12.720702171325684 1.1815194818614455e-15
12.733635902404785 9.143261150236287e-16
12.746596336364746 1.5338342600632808e-15
12.75958251953125 1.2477969512478975e-15
12.77259635925293 1.109263759812391e-15
12.785635948181152 7.647773130486392e-16
12.798702239990234 1.4616230072439572e-15
12.811795234680176 1.3342712859869179e-15
12.824915885925293 6.989851829530521e-15
12.838062286376953 2.0219747947638426e-15
12.851236343383789 1.1232696190018304e-14
12.864437103271484 9.475937998951623e-15
12.877665519714355 8.655813276728342e-16
12.890920639038086 6.875532133683462e-16
12.904203414916992 2.3892374810232297e-15
12.917512893676758 4.313236610052878e-15
12.930850982666016 4.414297381539209e-15
12.944215774536133 1.4113892947905673e-15
12.957608222961426 9.398160892635891e-16
12.971029281616211 3.7574957522604896e-15
12.984477043151855 1.2282391722540325e-15
12.997953414916992 2.2763805051969612e-15
13.011458396911621 2.1366236687900275e-15
13.02499008178711 5.295860897437752e-15
13.03855037689209 8.984585409435955e-16
13.052139282226562 1.0498525512546192e-15
13.065756797790527 3.089838125213285e-15
13.079401969909668 1.8862180714503173e-15
13.093076705932617 5.762584309946107e-16
13.106779098510742 2.160294851533996e-15
13.12051010131836 7.056121146224855e-16
13.134270668029785 2.6511913138075683e-15
13.148059844970703 4.404786895607438e-15
13.161877632141113 1.3670828012647077e-15
13.175724983215332 1.7993690305112553e-15
13.189600944519043 6.339180283570199e-16
13.203507423400879 6.038742461739427e-16
13.21744155883789 8.976428482153896e-16
13.231406211853027 2.71112821218823e-15
13.245400428771973 1.5702535004216635e-15
13.259424209594727 1.6220976342660206e-15
13.273477554321289 2.370711811675594e-15
13.28756046295166 2.361064953439315e-15
13.30167293548584 6.491801326984439e-16
13.315816879272461 1.4695115309608549e-15
13.329989433288574 5.2528930336059095e-15
13.344192504882812 1.766685205450264e-15
13.358427047729492 3.138457816385682e-15
13.372690200805664 1.8960226895730226e-15
13.386984825134277 6.294349688408226e-15
13.401309967041016 3.5115038318506847e-15
13.415666580200195 7.709087198560171e-16
13.430052757263184 4.93032509959958e-15
13.444470405578613 1.5134803336264678e-14
13.458918571472168 1.0415330571741585e-14
13.473398208618164 2.413859670008728e-15
13.487909317016602 3.1259954206327295e-15
13.502450942993164 1.7919219168389955e-14
13.517024993896484 2.9994781750595015e-14
13.53162956237793 3.010314648718552e-15
13.546266555786133 5.023237414133325e-15
13.560934066772461 6.954106086244324e-16
13.575634956359863 1.485359835041338e-15
13.59036636352539 1.5427685518326823e-15
13.605130195617676 2.4680399207216127e-15
13.619926452636719 1.3605228487255784e-15
13.63475513458252 4.90121850643308e-15
13.649615287780762 6.6817054784841425e-15
13.664508819580078 8.244277554744512e-16
13.679433822631836 1.9582522943836648e-15
13.694392204284668 1.1481616303326767e-14
13.709383010864258 6.365181124556472e-15
13.724407196044922 6.648857646668739e-16
13.739463806152344 7.245889348936525e-16
13.75455379486084 3.62258330903714e-15
13.76967716217041 2.2251580935358888e-15
13.784832954406738 3.913347696972913e-15
13.800023078918457 1.5213084427184026e-14
13.815245628356934 1.014405069444974e-15
13.8305025100708 1.2770167715436213e-14
13.845793724060059 4.297120537681944e-15
13.86111831665039 6.848471019205464e-16
13.876476287841797 6.64309517564945e-16
13.891868591308594 2.888434654421657e-15
13.907295227050781 5.767077184456581e-15
13.92275619506836 1.5098992265562424e-15
13.938251495361328 1.7056796691275228e-15
13.953782081604004 5.951298380154919e-15
13.969346046447754 1.3241840764971848e-15
13.984946250915527 7.358477497681158e-16
14.000579833984375 1.711546219320206e-15
14.016249656677246 2.7996192264955443e-15
14.031953811645508 3.997864220933473e-15
14.047693252563477 5.828442180386313e-15
14.063467979431152 2.059282572683895e-15
14.079277992248535 4.714676863975739e-15
14.095124244689941 9.119538933757246e-16
14.111005783081055 1.7044312484423884e-15
14.126923561096191 2.239845009566568e-15
14.142876625061035 3.4441687359504673e-15
14.158865928649902 2.4475758164741856e-15
14.17489242553711 8.073549593895935e-16
14.190954208374023 8.123036964443676e-16
14.207052230834961 8.219282459503985e-14
14.223187446594238 1.2673786589225224e-15
14.239358901977539 6.528120511575927e-16
14.25556755065918 1.6876131975164174e-14
14.27181339263916 2.9500438075984355e-15
14.288095474243164 2.199774210172572e-15
14.304415702819824 7.03768653291905e-16
14.320773124694824 8.811449757434807e-16
14.337166786193848 9.656005345076626e-15
14.353599548339844 5.196611717667361e-16
14.37006950378418 1.9988224197000672e-14
14.386576652526855 1.5275721454842297e-15
14.403122901916504 6.216609851542173e-15
14.419706344604492 4.8678979243539904e-15
14.436327934265137 4.725138144390803e-15
14.452988624572754 7.924612402648423e-15
14.469687461853027 1.0945901845506312e-15
14.486424446105957 1.1337711758335365e-15
14.50320053100586 1.0317633156330564e-15
14.520015716552734 1.8205370191378507e-15
14.536870002746582 1.5880673444562503e-14
14.553763389587402 4.0448148336833054e-15
14.570695877075195 8.936365306056425e-15
14.587668418884277 1.138040433645935e-15
14.604680061340332 7.412508141199734e-16
14.621731758117676 2.432935910772079e-15
14.638822555541992 1.9506345035725332e-15
14.655953407287598 1.0726030727123935e-14
14.673125267028809 7.48095316789821e-16
14.690337181091309 3.0055447944343262e-15
14.707589149475098 9.416590211985777e-16
14.724882125854492 4.876668527006335e-15
14.742215156555176 2.897974151231872e-15
14.759589195251465 2.855470037938651e-15
14.77700424194336 1.3637612674411684e-15
14.794461250305176 5.085974391679372e-16
14.811958312988281 3.4285600363149387e-15
14.829497337341309 1.6526410070693003e-15
14.847078323364258 6.302202001466628e-16
14.864701271057129 2.0252564121597426e-15
14.882365226745605 2.4180550241964787e-15
14.90007209777832 4.325560939435428e-15
14.91781997680664 2.239752894733554e-15
14.9356107711792 1.109037813773711e-15
14.953444480895996 6.9595204267222915e-15
14.971320152282715 4.268226549785205e-15
14.989239692687988 5.423980242303241e-16
15.007201194763184 1.1237123292420423e-13
15.025205612182617 7.875023070509656e-16
15.043253898620605 4.480041537806246e-15
15.061345100402832 6.580795372983304e-16
15.079480171203613 9.960134218854177e-15
15.09765911102295 6.520443746095843e-16
15.11588191986084 7.292381928620129e-16
15.134148597717285 1.2266502443241019e-15
15.152459144592285 1.6087964641370496e-15
15.170814514160156 6.925655625974591e-15
15.189214706420898 6.6236921919266955e-15
15.207658767700195 9.828742679834327e-16
15.22614860534668 1.137212988335586e-15
15.244683265686035 7.70242369624324e-16
15.263262748718262 3.424826611544973e-14
15.28188705444336 4.954088185418325e-16
15.300558090209961 5.319428848041274e-16
15.319273948669434 2.123271676684221e-15
15.338035583496094 2.4778532209320274e-15
15.356843948364258 3.2433706819578892e-15
15.37569808959961 1.5466841733896021e-15
15.394598007202148 1.5208612093222523e-15
15.413544654846191 2.114992353141284e-15
15.432538986206055 1.5586345377259394e-15
15.451579093933105 6.583705037036241e-15
15.470666885375977 1.5749178991039561e-15
15.489801406860352 2.5410287497865157e-15
15.508983612060547 1.832872571706952e-15
15.528213500976562 6.636954186781856e-16
15.547491073608398 5.469604083820317e-16
15.566816329956055 6.49085953222621e-16
15.586190223693848 6.531081950517765e-16
15.605611801147461 6.80092441289812e-16
15.625082015991211 2.01223484760666e-14
15.644600868225098 9.155783473570257e-16
15.664168357849121 6.3495019094280845e-16
15.683785438537598 5.726887165175259e-16
15.703451156616211 1.0230325235292327e-15
15.723166465759277 9.765332734611686e-16
15.742931365966797 7.969887054832994e-16
15.762746810913086 3.1994181423248636e-15
15.782610893249512 6.972423173728698e-16
15.802525520324707 5.895538307116286e-16
15.822490692138672 1.1949161549552195e-14
15.842506408691406 7.774763486312309e-16
15.86257266998291 7.959817633035153e-15
15.882689476013184 6.70767879089963e-16
15.902857780456543 6.055411540745799e-16
15.923077583312988 4.559473746500913e-15
15.94334888458252 5.36740532356935e-16
15.963671684265137 5.577883481841387e-16
15.98404598236084 6.722684508955832e-16
16.004472732543945 3.18718203142377e-14
16.024951934814453 9.674548802116154e-16
16.045482635498047 3.2720755697491534e-15
16.06606674194336 3.1763623713687225e-14
16.08670425415039 7.150271505290131e-16
16.107393264770508 9.151664140589523e-15
16.128137588500977 8.394304030362194e-16
16.14893341064453 8.407372054672433e-15
16.169784545898438 5.550760957474712e-16
16.190689086914062 6.464342636416823e-16
16.211647033691406 6.584807132779737e-16
16.2326602935791 2.2132051881007097e-15
16.25372886657715 1.1635566659072604e-15
16.274850845336914 3.118292291252162e-15
16.29602813720703 2.0231752522083387e-15
16.317258834838867 3.8033663980025726e-15
16.338546752929688 1.2206423455083455e-15
16.35988998413086 2.2561645816030797e-15
16.381290435791016 6.82460745410335e-16
16.40274429321289 7.02942796168332e-16
16.424257278442383 5.935080981467669e-16
16.445825576782227 1.154125271676939e-15
16.467449188232422 1.1275249431222465e-15
16.489131927490234 5.443296299269783e-16
16.5108699798584 6.632343680570833e-16
16.53266716003418 5.312928399566689e-16
16.554519653320312 5.852156985327065e-16
16.576431274414062 1.9564337146459098e-15
16.59840202331543 5.82757714798893e-16
16.62042999267578 1.4768468362840771e-15
16.64251708984375 6.080384719008816e-16
16.664661407470703 9.777670828279629e-16
16.686866760253906 1.2493561271455559e-15
16.709129333496094 6.73251750268227e-16
16.73145294189453 6.319805993088533e-16
16.753835678100586 1.5640704775440623e-15
16.77627944946289 4.8352394679297694e-14
16.798782348632812 5.400828714272412e-16
16.821346282958984 1.0738809701440924e-15
16.843969345092773 4.789093578831476e-16
16.866655349731445 5.875471037804648e-16
16.889402389526367 4.940602891502445e-16
16.91221046447754 5.855703935793693e-16
16.93507957458496 4.3463041939785345e-16
16.958009719848633 1.0510469735893662e-15
16.98100471496582 1.0293853765127583e-15
17.004060745239258 1.1604976064182515e-15
17.027179718017578 4.951737668989695e-16
17.05035972595215 6.201894602259408e-14
17.073604583740234 1.3212626598621048e-15
17.096914291381836 5.387777694148589e-14
17.12028694152832 5.115695719007341e-16
17.143722534179688 5.892822507729152e-16
17.16722297668457 5.690832148984195e-16
17.190786361694336 2.11601938058983e-15
17.21441650390625 5.335499710028648e-16
17.23811149597168 6.860980637045226e-16
17.261871337890625 8.650382207349666e-16
17.28569793701172 5.868419488518756e-16
17.309589385986328 4.555459657363875e-16
17.333545684814453 5.0360005065825525e-16
17.35757064819336 6.225667810121874e-16
17.38166046142578 6.3390193473102205e-16
17.405818939208984 4.01674670291014e-15
17.430044174194336 1.1239920745783672e-15
17.454336166381836 5.789242554378568e-16
17.478696823120117 4.590966219721591e-16
17.503124237060547 6.663643665554247e-16
17.527620315551758 7.677794095719453e-16
17.552186965942383 5.448639488980181e-16
17.576820373535156 4.871855579920918e-16
17.601524353027344 6.845360820102264e-16
17.626296997070312 1.466472546152696e-14
17.651140213012695 4.992726122702922e-16
17.676054000854492 6.191959075194705e-16
17.70103645324707 4.616159097155302e-16
17.726091384887695 5.99695250309986e-16
17.751216888427734 4.812125992854097e-16
17.776412963867188 7.096998956259348e-15
17.801681518554688 1.096141948910001e-15
17.8270206451416 4.4121790050776855e-16
17.852434158325195 7.526613008315545e-16
17.877918243408203 5.473085389233532e-16
17.90347671508789 4.718892546954224e-16
17.929107666015625 4.565209535982364e-16
17.954811096191406 5.15831629933081e-16
17.9805908203125 4.4139763031126407e-16
18.00644302368164 6.310380633967961e-16
18.03236961364746 7.248681910684504e-16
18.05837059020996 6.285666330149448e-16
18.084447860717773 4.738238779469512e-16
18.110599517822266 9.050196581530273e-16
18.13682746887207 4.937650452285672e-16
18.163131713867188 9.58418626851188e-16
18.189512252807617 4.465746162755435e-16
18.21596908569336 5.509100171359601e-16
18.242504119873047 7.410041157740856e-16
18.269115447998047 5.367540319445318e-16
18.295804977416992 4.422937382298999e-16
18.322572708129883 4.530721530743721e-16
18.34941864013672 4.3731217864841976e-16
18.3763427734375 7.072786519462084e-16
18.40334701538086 4.759314017988383e-16
18.430429458618164 9.980970382323685e-16
18.457592010498047 4.554844499685931e-16
18.48483657836914 4.44509920527052e-16
18.51215934753418 4.3892969394032026e-16
18.53956413269043 1.7392313853220945e-15
18.56705093383789 1.0228872573787785e-15
18.59461784362793 6.097035269169468e-16
18.622268676757812 1.9638013342760698e-14
18.649999618530273 4.2268132561093703e-16
18.677814483642578 9.234329897560333e-16
18.705711364746094 7.731112172771151e-16
18.733694076538086 7.926894309408326e-16
18.76175880432129 4.87850372976568e-16
18.789907455444336 4.705675127207912e-16
18.81814193725586 4.649872596642799e-16
18.846460342407227 4.559437006446826e-16
18.87486457824707 6.242796933897724e-16
18.90335464477539 4.79738709017628e-16
18.931930541992188 6.26291820155975e-16
18.960594177246094 5.437216974400749e-14
18.989343643188477 9.28739545291463e-16
19.018178939819336 1.2840231739734247e-15
19.047103881835938 8.226977436192435e-16
19.07611656188965 8.148010672102285e-16
19.1052188873291 6.818647518528232e-16
19.134408950805664 4.3507368232706346e-16
19.16368865966797 4.962345697862871e-16
19.193058013916016 4.449788591424756e-16
19.222517013549805 5.867089646791567e-16
19.252065658569336 4.2798819878372204e-16
19.281707763671875 4.558450742458866e-16
19.311439514160156 8.889620310554539e-16
19.341264724731445 5.657051945652102e-16
19.371179580688477 1.1426691510653245e-15
19.40118980407715 1.0223041810737124e-15
19.431291580200195 1.4664050376267997e-15
19.46148681640625 4.379974547725281e-16
19.491777420043945 4.320976850064447e-16
19.52216148376465 4.5797912081693465e-16
19.552640914916992 7.3875227868381e-16
19.583215713500977 4.593431614993693e-16
19.6138858795166 5.411312864577052e-16
19.644651412963867 7.021258858302645e-16
19.675514221191406 4.3363684975072415e-16
19.70647430419922 5.514219956130161e-16
19.737533569335938 4.3607648992727375e-16
19.768688201904297 4.591996423543689e-16
19.799943923950195 9.655381505310973e-16
19.831296920776367 1.2030104017991816e-15
19.862749099731445 4.458300213753478e-16
19.894302368164062 7.049937276314307e-16
19.925954818725586 4.694929455480808e-16
19.95771026611328 4.434854341773479e-16
19.989564895629883 4.3502852488306297e-16
20.021522521972656 5.085329587848275e-16
20.05358123779297 5.164563696712402e-16
20.085744857788086 4.852686694928961e-16
20.118009567260742 4.565900397229968e-16
20.150379180908203 4.663180013639756e-16
20.18285369873047 4.43876789868759e-16
20.21543312072754 6.163127132461353e-16
20.24811553955078 4.549100557512363e-16
20.280906677246094 4.54628364356715e-16
20.31380271911621 4.706333695324403e-16
20.346805572509766 4.406573235153638e-16
20.37991714477539 4.385322237298212e-16
20.413135528564453 4.717755934618127e-16
20.446462631225586 5.012428638451649e-16
20.47989845275879 4.402737764089352e-16
20.513442993164062 4.556667738104896e-16
20.547100067138672 4.937595924539692e-16
20.58086585998535 4.399444394111309e-16
20.614744186401367 5.071385837349693e-16
20.648733139038086 4.548786625926287e-16
20.68283462524414 5.225299135404088e-16
20.71704864501953 4.598513283281627e-16
20.751375198364258 4.487387325162191e-16
20.785818099975586 4.6014583109601115e-16
20.82037353515625 4.558559268555233e-16
20.855045318603516 4.559556649850625e-16
20.88983154296875 5.003344739487939e-16
20.924734115600586 2.767440868345827e-15
20.959754943847656 6.323226947404256e-16
20.994892120361328 4.461426294724439e-16
21.030147552490234 4.5496537759060385e-16
21.065521240234375 4.3868635725644186e-16
21.101015090942383 4.622130679433445e-16
21.136627197265625 4.454218044343304e-16
21.172361373901367 8.219080442146065e-16
21.208215713500977 4.473710390041994e-16
21.244192123413086 4.4407896604535676e-16
21.280288696289062 6.13681458335049e-16
21.316511154174805 5.712082088048438e-16
21.352855682373047 4.494550576918002e-16
21.389324188232422 4.41212288914493e-16
21.425918579101562 4.4403343802444184e-16
21.462636947631836 6.649776148020918e-16
21.499483108520508 4.525240698179393e-16
21.536453247070312 4.462451204590616e-16
21.57355308532715 9.447231628852701e-16
21.610780715942383 1.3164713459981603e-13
21.648136138916016 1.1593382300716971e-14
21.68562126159668 4.940808826387746e-15
21.723237991333008 5.066846270148002e-16
21.760982513427734 7.571524812761336e-16
21.798860549926758 2.6540649154327758e-14
21.836870193481445 1.2607241563306558e-15
21.87501335144043 4.741983194491968e-16
21.913288116455078 4.905726309899249e-16
21.951698303222656 5.644441213254262e-16
21.990243911743164 4.704428929984265e-16
22.0289249420166 2.931333908584772e-15
22.06774139404297 7.702094412184995e-16
22.1066951751709 1.0587765473385469e-13
22.14578628540039 2.8166337890652782e-15
22.185016632080078 4.740816936002717e-16
22.22438621520996 4.710556683962057e-16
22.26389503479004 4.720584495266364e-16
22.303544998168945 5.981531738899503e-16
22.343338012695312 4.75327467307446e-16
22.383270263671875 4.774138153356517e-16
22.42334747314453 4.891842910498159e-16
22.46356773376465 4.907158854371293e-16
22.50393295288086 4.725364937462431e-16
22.544445037841797 4.762598388241362e-16
22.585100173950195 4.801557668650323e-16
22.625904083251953 4.889402926214475e-16
22.666854858398438 4.784339606415011e-16
22.70795440673828 4.831844919866177e-16
22.749204635620117 6.50875363263255e-16
22.790603637695312 5.615689738650898e-16
22.8321533203125 5.032581669849197e-16
22.873855590820312 6.402399646379708e-16
22.91571044921875 4.860857386496413e-16
22.957717895507812 6.691590458857719e-16
22.999879837036133 6.614553341700532e-16
23.04219627380371 5.582492399865634e-16
23.084671020507812 4.844506474240852e-16
23.127300262451172 7.746709755099247e-16
23.170087814331055 5.192969475994167e-16
23.213035583496094 4.949173806137474e-16
23.256141662597656 1.0748018008368762e-15
23.299407958984375 4.97368588083983e-16
23.342836380004883 5.08444602660517e-16
23.386425018310547 5.018575450670755e-16
23.430179595947266 4.960345111920574e-16
23.474096298217773 6.411019794804796e-16
23.518178939819336 7.110628245776262e-16
23.56242561340332 6.531155536505058e-16
23.606840133666992 5.012919388165465e-16
23.65142250061035 4.9478296707293e-16
23.69617462158203 4.985580341001648e-16
23.7410945892334 4.976799256316581e-16
23.78618621826172 1.5575330772571536e-15
23.831449508666992 5.303472335501779e-16
23.87688636779785 5.2693310843759185e-16
23.922494888305664 5.054744816309698e-16
23.968278884887695 5.087070240554882e-16
24.014238357543945 5.099574035043132e-16
24.060375213623047 5.006123007554933e-16
24.106687545776367 5.228712678181523e-16
24.153181076049805 5.235464060166731e-16
24.199851989746094 5.723092986967152e-16
24.2467041015625 5.112104828706575e-16
24.293739318847656 6.230037441338522e-16
24.340957641601562 5.049893964499891e-16
24.388357162475586 5.063080679301865e-16
24.435943603515625 5.327998703885119e-16
24.48371696472168 5.020444217110635e-16
24.531675338745117 5.53969076624969e-16
24.579824447631836 5.195303051763853e-16
24.62816047668457 5.0911561157342e-16
24.676687240600586 5.223554776928336e-16
24.725406646728516 6.566469928262866e-16
24.77431869506836 1.5488900377666655e-14
24.82342529296875 8.069618302229491e-16
24.872726440429688 7.229474379814328e-16
24.922222137451172 3.544221749987803e-15
24.9719181060791 7.748299000666533e-16
25.02181053161621 5.400283966208209e-16
25.071903228759766 5.336075692432781e-16
25.122196197509766 5.452434196583881e-16
25.172693252563477 5.133646464742028e-16
25.223392486572266 5.181870697407176e-16
25.274295806884766 5.833804428338025e-16
25.32540512084961 9.421261598689884e-16
25.37672233581543 4.561069133057066e-16
25.42824935913086 5.64304043251774e-16
25.479984283447266 4.700566989140377e-16
25.53192901611328 7.283764956568593e-16
25.584087371826172 5.959288124309013e-16
25.636459350585938 6.796168852294879e-16
25.68904685974121 8.912691370455378e-16
25.741849899291992 4.764439096714864e-16
25.79486846923828 4.67799885505197e-16
25.848108291625977 9.370366565262926e-16
25.901567459106445 4.665336771281703e-16
25.955249786376953 4.663613588629632e-16
26.009153366088867 1.267638062762619e-15
26.063282012939453 4.767997693884516e-16
26.11763572692871 4.953614905759047e-16
26.172216415405273 4.584756938822625e-16
26.227025985717773 4.677014708646379e-16
26.282066345214844 4.697848542775283e-16
26.337337493896484 1.9484531819751166e-15
26.392841339111328 4.559203013595147e-16
26.44858169555664 5.2233710766579e-16
26.50455665588379 4.629097525424611e-16
26.560768127441406 4.55273062308694e-16
26.617219924926758 4.942677592827626e-16
26.67391014099121 4.648086415915277e-16
26.730844497680664 4.574063677259131e-16
26.788021087646484 4.514073098165438e-16
26.845443725585938 5.34656196031979e-16
26.903112411499023 4.725613753390687e-16
26.961030960083008 2.6910414611188045e-15
27.019197463989258 1.6203154769449976e-15
27.07761573791504 4.661381656813617e-16
27.136287689208984 5.149185813555e-16
27.195215225219727 5.030334385561013e-16
27.254398345947266 4.499976352340758e-16
27.313838958740234 4.855280733329927e-16
27.3735408782959 4.744660877396476e-16
27.433504104614258 5.180595912821558e-16
27.493728637695312 5.511153167465509e-16
27.55422019958496 4.803051623011043e-16
27.614978790283203 4.659374188728624e-16
27.67600440979004 4.481239983547493e-16
27.737300872802734 4.479126106948501e-16
27.798870086669922 5.249241580449415e-16
27.8607120513916 5.306103431594188e-16
27.92283058166504 6.640446609502504e-16
27.985227584838867 6.814431941428866e-16
28.047903060913086 4.855199735804346e-16
28.11086082458496 5.099080108955764e-16
28.174100875854492 4.561097191023444e-16
28.237625122070312 4.90306133248895e-16
28.301437377929688 4.617871691895532e-16
28.36553955078125 5.12914660220974e-16
28.429931640625 4.966111288709008e-16
28.494617462158203 9.441459522833637e-15
28.559598922729492 5.144053852685823e-16
28.624876022338867 4.795680848183154e-16
28.690452575683594 4.831051355873718e-16
28.756330490112305 1.631654304669241e-14
28.822513580322266 1.2256694860502998e-15
28.888999938964844 8.811517520070588e-16
28.955793380737305 4.589235625531232e-16
29.022897720336914 5.022752911287495e-16
29.090312957763672 2.5367931615337706e-15
29.15804100036621 5.005718019927027e-16
29.22608757019043 4.944577593607436e-16
29.294450759887695 4.558866317998613e-16
29.363134384155273 4.548420813572191e-16
29.43214225769043 6.307888768916257e-16
29.501474380493164 1.3876159810489834e-14
29.57113265991211 7.933029474924407e-16
29.641122817993164 6.083617208493776e-16
29.711444854736328 4.570161502350249e-16
29.782100677490234 4.756140820809732e-16
29.853092193603516 5.05306133832703e-16
29.92442512512207 4.442879978948714e-16
29.9960994720459 4.585262511613017e-16
30.068117141723633 4.724773602586129e-16
30.14048194885254 4.840262839175108e-16
30.21319580078125 4.4013555121985516e-16
30.2862606048584 4.604397515287084e-16
30.35968017578125 5.881021221191532e-16
30.433456420898438 4.036864158923903e-15
30.507593154907227 4.906896274157644e-16
30.582090377807617 4.647724309330325e-16
30.656953811645508 4.661877700483353e-16
30.7321834564209 4.609657589889533e-16
30.807783126831055 4.676778598212332e-16
30.883756637573242 7.932141678516566e-16
30.960105895996094 7.734173667479883e-16
31.036832809448242 1.1470052186014377e-15
31.113941192626953 6.531577994187501e-16
31.19143295288086 4.94393331917193e-16
31.26931381225586 6.838218744170134e-16
31.34758186340332 5.862200149103541e-16
31.426244735717773 5.561916381390051e-16
31.50530242919922 6.86644241136824e-16
31.584758758544922 4.496836507084405e-16
31.66461753845215 6.61639299138285e-16
31.74488067626953 5.763291582457065e-16
31.825551986694336 4.979614052679426e-16
31.906635284423828 5.260826344189893e-16
31.98813247680664 5.821839558562466e-16
32.070045471191406 6.577433710973888e-16
32.152381896972656 7.69373049122645e-16
32.235137939453125 4.872570263970164e-16
32.31832504272461 5.793033556213123e-16
32.401939392089844 1.0297669648554964e-15
32.48598861694336 5.596172511359383e-16
32.57047653198242 8.648823137331126e-16
32.65540313720703 7.134213348796966e-16
32.74077606201172 9.915827195932725e-16
32.826595306396484 6.119306412330743e-16
32.912864685058594 5.271982297500824e-16
32.99959182739258 6.568351400196954e-16
33.08677291870117 4.528348250304633e-16
33.17441940307617 5.025060017277579e-16
33.26253128051758 5.125016787196283e-16
33.35110855102539 6.299000216926007e-16
33.440162658691406 1.3851066035910952e-15
33.529693603515625 1.1585241255302674e-15
33.61970138549805 6.328059799763934e-16
33.71019744873047 5.1723948339471235e-14
33.80118179321289 1.1283642468938571e-15
33.89265823364258 8.511905025967797e-16
33.9846305847168 7.529927024721677e-16
34.07710266113281 5.706774897238298e-16
34.170082092285156 1.3229002921865025e-15
34.26356506347656 1.2671782297513784e-15
34.357566833496094 1.1108008069743024e-15
34.452083587646484 4.711099843839484e-16
34.547119140625 7.720910190317065e-16
34.64268493652344 4.986133029999732e-16
34.73877716064453 5.829859372386188e-16
34.83540725708008 5.069498542064092e-16
34.93257522583008 2.7473136714531703e-15
35.0302848815918 1.0217183519115676e-15
35.128543853759766 5.646739319519281e-16
35.22735595703125 2.1096509633758984e-15
35.326725006103516 7.28508632796631e-16
35.426658630371094 9.265728350123866e-16
35.527156829833984 1.5851205168327526e-15
35.62822723388672 9.628535854838932e-16
35.72987365722656 1.3757058084259933e-15
35.83210372924805 4.9192534260669e-16
35.93491744995117 5.530797979094704e-16
36.038326263427734 5.005310385321161e-16
36.142330169677734 4.941050760173306e-16
36.2469367980957 6.187721792876065e-16
36.352149963378906 1.135743174413863e-15
36.457977294921875 5.55802479439301e-16
36.56441879272461 9.459975239544142e-16
36.671485900878906 6.25958671509908e-16
36.77918243408203 6.176472665940936e-16
36.88751220703125 6.614298173025172e-16
36.996482849121094 6.601565679641163e-16
37.106101989746094 4.979272063126972e-16
37.21636962890625 6.617477193555335e-16
37.327293395996094 9.538372373977264e-16
37.438880920410156 1.9717944453861297e-15
37.55113983154297 9.58209092075861e-16
37.6640739440918 7.986721834659673e-16
37.777687072753906 8.807617992139666e-16
37.89198684692383 6.085148220545938e-16
38.00698471069336 4.864268811691479e-16
38.1226806640625 9.3307137766284e-16
38.23908233642578 1.170117994874929e-15
38.356197357177734 8.584810210529158e-16
38.474029541015625 6.902139556139088e-16
38.592594146728516 8.10205172317545e-16
38.71188735961914 6.90398026461259e-16
38.8319206237793 6.801343694207011e-16
38.952701568603516 2.7238288359575976e-15
39.07423400878906 1.4533383897450997e-15
39.196529388427734 2.7500383646862506e-15
39.3195915222168 1.6148527497099178e-15
39.44342803955078 6.240397713074626e-16
39.568050384521484 5.903858817636284e-16
39.69346237182617 9.217089600710156e-16
39.81966781616211 6.184428952293614e-16
39.94668197631836 5.478248584442639e-16
40.07450866699219 5.865534282542171e-16
40.203155517578125 1.17518935053673e-14
40.3326301574707 1.4360972458619752e-15
40.46294021606445 7.518142678843002e-16
40.59409713745117 8.109499789759776e-16
40.72610855102539 1.109960020895034e-15
40.858978271484375 1.1965606694223137e-15
40.99271774291992 7.916841616511193e-16
41.12733840942383 4.993244400987524e-16
41.26284408569336 8.036452727179749e-16
41.39924621582031 1.2804713530673506e-15
41.536556243896484 1.214968474135339e-14
41.674774169921875 8.421051742649708e-16
41.81391906738281 7.7986365805350795e-16
41.95399475097656 8.035601459067758e-16
42.09501266479492 7.659085784892565e-16
42.23698425292969 9.1964452902032e-16
42.379913330078125 7.448482689260808e-16
42.52381134033203 8.955122850673371e-15
42.66869354248047 6.447117162643222e-16
42.8145637512207 8.286531793318293e-16
42.9614372253418 8.383311130893609e-16
43.10932159423828 7.475944556201977e-16
43.25822830200195 1.5867044684441181e-15
43.408164978027344 6.239881022976801e-16
43.559146881103516 8.861185414515212e-16
43.711177825927734 2.3215193144726165e-15
43.864280700683594 3.421302446264627e-15
44.018455505371094 2.3820760292124314e-15
44.1737174987793 1.966771116492438e-15
44.330081939697266 1.4008465933334482e-15
44.487552642822266 1.4212701458785255e-15
44.646148681640625 2.27361600141536e-15
44.80588150024414 7.284957684837445e-16
44.966758728027344 6.725195432248849e-16
45.1287956237793 7.595679016043477e-16
45.29200744628906 1.604427785832467e-15
45.45640182495117 8.599729107708267e-16
45.62199401855469 1.0083988646951121e-15
45.788795471191406 6.725399778947374e-16
45.95682144165039 8.620152130857752e-16
46.1260871887207 8.683412257127847e-16
46.29660415649414 2.942788123372255e-15
46.468387603759766 1.7290552373728997e-15
46.641448974609375 1.262483973157695e-15
46.81580352783203 1.0402424330724271e-15
46.9914665222168 1.56033379169725e-15
47.168453216552734 3.1300675315266546e-15
47.346778869628906 3.9685839860127865e-15
47.52645492553711 2.3174963314896322e-15
47.70750427246094 2.7063149474654572e-15
47.88993453979492 1.0841312334761719e-15
48.073768615722656 7.923515177344373e-16
48.25901794433594 1.4355054874691997e-15
48.445701599121094 1.3715781109949047e-15
48.63383483886719 1.2127283049239118e-15
48.82343292236328 2.030974943344893e-15
49.01451873779297 7.656313340177084e-16
49.20710372924805 5.221584154776549e-15
49.401206970214844 1.5995715341876214e-15
49.59684753417969 6.984777149264402e-16
49.79404830932617 2.2487348321062386e-15
49.992820739746094 7.189546834867537e-16
50.19318389892578 1.2389719267286918e-15
50.395164489746094 1.3940131550314741e-15
50.59877395629883 9.623947689121892e-15
50.80403518676758 2.2552709618437264e-15
51.01097106933594 1.1351405104718915e-15
51.21959686279297 1.6201380235425478e-15
51.429935455322266 1.3015815316952959e-15
51.64201354980469 1.075286409561824e-15
51.85584259033203 4.598500577787418e-16
52.07145309448242 9.534088504846525e-16
52.28886413574219 2.079019710904341e-15
52.508094787597656 2.793623080261931e-15
52.72917556762695 2.356444176953806e-15
52.952125549316406 2.753080907032788e-15
53.17696762084961 1.2722336400179473e-15
53.403724670410156 8.042975410269199e-16
53.63242721557617 1.090088310315093e-15
53.86309814453125 1.1543778992534576e-15
54.095760345458984 3.115536893074744e-15
54.330440521240234 2.1168524374934545e-15
54.56716537475586 1.7630929387209586e-15
54.805965423583984 1.2044170058872158e-15
55.04685974121094 1.3070259418428913e-15
55.28988265991211 1.3868529737700967e-14
55.535064697265625 1.0906084944238255e-15
55.78242874145508 6.723396546027118e-16
56.032005310058594 1.6151426467361156e-15
56.2838249206543 6.575644883268406e-16
56.53791809082031 8.879078985525959e-16
56.79431915283203 9.589030238178991e-16
57.05305099487305 2.096160481383216e-15
57.31415557861328 3.190390676931264e-15
57.577659606933594 5.221007325339469e-16
57.843597412109375 2.551976015355067e-15
58.112003326416016 1.6184485104501307e-15
58.382911682128906 7.950539763526521e-16
58.65635681152344 6.57877467000851e-16
58.932376861572266 6.585132181673246e-16
59.21100616455078 2.333625109354775e-15
59.492286682128906 8.05942796647843e-16
59.776248931884766 6.05301443750507e-16
60.06293487548828 1.2247688782691317e-15
60.35238265991211 1.117132590013265e-15
60.64463424682617 5.259501267023032e-16
60.93973159790039 7.275438728576201e-15
61.23771286010742 1.7385308890747152e-15
61.53862380981445 2.6306973516487505e-15
61.84251022338867 2.1069372815711324e-15
62.14940643310547 7.860157112889751e-16
62.45936965942383 1.655770793809405e-15
62.77243423461914 1.5447276331605631e-15
63.08865737915039 1.7068293045951837e-15
63.4080810546875 3.2110409166688503e-15
63.73075485229492 2.367283657579819e-15
64.05673217773438 1.1047300159622124e-15
64.38606262207031 1.0837599154079193e-15
64.71878814697266 2.0948035346017146e-15
65.05497741699219 1.294521723838168e-15
65.3946762084961 2.3813433457130564e-15
65.73794555664062 2.0707965032941596e-15
66.08483123779297 7.277180334194875e-16
66.4354019165039 1.0074169417510076e-15
66.78971099853516 9.334238492480162e-16
67.14781951904297 1.2131702443641417e-15
67.5097885131836 1.7987966479971482e-15
67.87567901611328 1.3181799893296911e-15
68.24555969238281 9.841446056460773e-16
68.61949157714844 2.000913744046838e-15
68.99754333496094 1.4352516952223786e-15
69.3797836303711 1.0145913108142515e-15
69.76628875732422 2.8958197229305305e-15
70.15711975097656 7.856873801427957e-16
70.55235290527344 8.332932258168883e-16
70.95207214355469 1.376413927969898e-15
71.35633850097656 8.959506881450123e-16
71.7652359008789 6.880859970921692e-16
72.1788558959961 2.3540841314045186e-15
72.5972671508789 6.780289631511821e-16
73.02055358886719 8.825080105742905e-16
73.44880676269531 1.0058518366227185e-15
73.88211822509766 4.746675227624165e-16
74.32057189941406 7.223230158806288e-16
74.76425170898438 1.4948251105895496e-15
75.21327209472656 1.152787700774106e-15
75.66770935058594 1.1470642991495087e-15
76.12767791748047 2.192432975618719e-15
76.59326934814453 1.834795336497219e-15
77.06459045410156 7.611125720627843e-16
77.54175567626953 2.065193592106309e-15
78.02485656738281 2.0570093480117013e-15
78.51402282714844 1.1917790625559448e-15
79.00935363769531 6.908249840062344e-16
79.51097869873047 6.760861872075359e-16
80.01901245117188 9.437272638975359e-16
80.53358459472656 8.346462550710087e-16
81.05481719970703 8.256334539353085e-16
81.58283233642578 2.5356572903515026e-15
82.11778259277344 1.5961225219055203e-15
82.6597900390625 2.54753120996435e-15
83.20899963378906 1.4376823621436432e-15
83.76555633544922 1.6964539980242658e-15
84.32960510253906 1.7903489766559443e-15
84.90130615234375 2.286698001769229e-15
85.4808120727539 9.902167730867066e-16
86.06828308105469 9.143463379352444e-16
86.66387939453125 1.3071454793675726e-15
87.26778411865234 9.140431001401273e-16
87.88015747070312 2.0719630794207656e-15
88.50119018554688 1.360230198842302e-15
89.13106536865234 1.0281780369255657e-15
89.76996612548828 1.7617353566647467e-15
90.41809844970703 2.050904146286129e-15
91.07565307617188 1.164530012642774e-15
91.74283599853516 6.328690839309638e-16
92.41987609863281 5.928058019543747e-16
93.10697937011719 4.563892929144975e-16
93.80437469482422 2.684826356868326e-15
94.51229858398438 4.4340994236592387e-16
95.23099517822266 8.105801432153827e-16
95.960693359375 1.5788670843414109e-15
96.70166778564453 2.6155312267281622e-15
97.45417785644531 1.6032074231137105e-15
98.2184829711914 2.1237538501894457e-15
98.99488067626953 8.3507945948397e-16
99.78364562988281 5.422928333261869e-16
100.58507537841797 8.521213388662529e-16
101.39949035644531 9.146938332018554e-16
102.22720336914062 1.2698805824904748e-15
103.06853485107422 1.1076177630376391e-15
103.92383575439453 1.8787559229432437e-15
104.79344940185547 8.649375296933617e-16
105.677734375 8.976297192047071e-16
106.57707977294922 8.703632521765584e-16
107.49185180664062 4.518866245855713e-16
108.42247772216797 7.751068269008462e-16
109.36934661865234 4.167046611351107e-16
110.3329086303711 3.905574952071993e-16
111.31359100341797 4.911844534756385e-16
112.31187438964844 3.9426517017556817e-16
113.32821655273438 3.720404550077138e-16
114.36312866210938 5.192977416928048e-16
115.41710662841797 9.312727031993455e-16
116.4906997680664 6.489299403416486e-16
117.58445739746094 4.802572520000252e-16
118.69894409179688 6.409470253906913e-16
119.83476257324219 6.637227354907346e-16
