WAVELENGTH FLUX
4.96036016648772 3.52444195383887e-14
4.962345501914462 3.52575499640604e-14
4.9643324271995946 3.531171140608713e-14
4.9663209442536225 3.530292110309538e-14
4.968311054990113 3.552581827153796e-14
4.970302761325703 3.551514613766398e-14
4.972296065180102 3.530649494926839e-14
4.974290968476104 3.5272582926749746e-14
4.976287473139582 3.52762984070161e-14
4.978285581099511 3.5280696532021334e-14
4.980285294287962 3.528943532331196e-14
4.982286614640111 3.5298059253880236e-14
4.984289544094245 3.531700491021146e-14
4.98629408459177 3.599418593659751e-14
4.988300238077219 3.531405812542694e-14
4.990308006498251 3.541025381668649e-14
4.992317391805666 3.532921962692576e-14
4.994328395953405 3.5342325785383816e-14
4.996341020898557 3.531655436903281e-14
4.9983552686013715 3.531310795454352e-14
5.0003711410252585 3.531609377071449e-14
5.002388640136796 3.531905842259958e-14
5.004407767905734 3.532186096791636e-14
5.006428526305012 3.532586445247099e-14
5.008450917310749 3.533915066784239e-14
5.010474942902265 3.5373660838544415e-14
5.012500605062075 3.5404365131818426e-14
5.014527905775908 3.534867859983102e-14
5.016556847032699 3.534152754394466e-14
5.01858743082461 3.536908549229673e-14
5.020619659147026 3.545726233551555e-14
5.022653533998567 3.538512983204678e-14
5.024689057381092 3.547340263657094e-14
5.026726231299707 3.613815186178207e-14
5.028765057762772 3.55625333992258e-14
5.030805538781905 3.5376819285206004e-14
5.032847676371992 3.538699923526011e-14
5.034891472551188 3.5440717973078356e-14
5.036936929340932 4.383036026411636e-14
5.038984048765949 2.0539513367849614e-12
5.0410328328542535 1.1894447904710522e-13
5.043083283637164 1.5481124829493757e-13
5.045135403149299 3.6467871918441356e-14
5.047189193428597 6.81267962457107e-14
5.049244656516312 1.292111650756641e-13
5.051301794457028 3.6878877987776256e-14
5.0533606092986565 3.560593557101875e-14
5.055421103092456 3.550485861748387e-14
5.057483277893028 4.487159385153788e-14
5.0595471357583275 3.668702546764791e-14
5.061612678749672 5.3983265018745544e-14
5.063679908931745 1.8984049653402075e-13
5.065748828372604 3.6836475371469665e-13
5.067819439143691 4.0917537895111867e-14
5.069891743319833 4.3447319501814816e-14
5.071965742979252 3.7736640062282277e-14
5.074041440203574 3.7437497972203734e-14
5.076118837077833 3.621043048586225e-14
5.078197935690478 3.713945693879404e-14
5.080278738133384 3.59964731689358e-14
5.082361246501851 3.5587253376601816e-14
5.084445462894621 6.702923988104151e-14
5.086531389413878 6.202720394283929e-14
5.088619028165257 3.6512322683231015e-14
5.090708381257851 3.532991308334097e-14
5.092799450804221 5.0530489080531844e-14
5.094892238920395 3.525639782252244e-14
5.096986747725887 3.558787088036739e-14
5.0990829793436925 1.0155210378853943e-13
5.101180935900304 9.112830759312542e-13
5.103280619525714 1.230914732223618e-13
5.105382032353424 3.532124186503895e-14
5.107485176520449 3.5207850524944906e-14
5.109590054167331 3.519427629920304e-14
5.111696667438137 3.519721210874285e-14
5.113805018480476 3.519777916647482e-14
5.115915109445497 3.520034547202851e-14
5.118026942487906 3.52008807695094e-14
5.120140519765964 3.521434257371632e-14
5.1222558434415 3.597690668012744e-14
5.124372915679918 3.5267549782286384e-14
5.126491738650203 3.590690714023893e-14
5.128612314524927 3.5791244102593836e-14
5.1307346454802625 3.5411854723322996e-14
5.132858733695981 3.8864987898426316e-14
5.134984581355467 4.429309696167563e-14
5.137112190645725 3.529398289024519e-14
5.139241563757383 3.526543131066103e-14
5.141372702884705 3.523600068967697e-14
5.143505610225594 3.523675829333091e-14
5.145640287981602 4.559373367671823e-14
5.147776738357942 3.524197096299141e-14
5.149914963563483 3.5237541330345284e-14
5.152054965810772 3.5241748796352626e-14
5.154196747316032 3.5241907216188777e-14
5.156340310299173 3.5242954616103524e-14
5.1584856569838005 3.524427242175014e-14
5.160632789597222 3.5264671516606766e-14
5.162781710370454 5.473566876311797e-14
5.16493242153823 3.52733940207511e-14
5.1670849253390125 3.526202272716648e-14
5.1692392240149925 3.5253596051221733e-14
5.171395319812104 3.525268034322161e-14
5.173553214980031 3.525419780099058e-14
5.175712911772211 3.5257451875119997e-14
5.177874412445849 3.5273091013526714e-14
5.180037719261919 3.526440361844659e-14
5.182202834485178 3.526331812083362e-14
5.184369760384169 3.529115025425468e-14
5.186538499231232 6.466771023151462e-14
5.188709053302512 3.529335922817338e-14
5.190881424877963 3.52775278631943e-14
5.1930556162413595 3.526401389586433e-14
5.195231629680307 3.526134072693626e-14
5.197409467486241 3.5261802229924356e-14
5.199589131954449 3.526197414847433e-14
5.201770625384061 3.526183822361978e-14
5.203953950078074 3.5261550030452566e-14
5.206139108343353 3.5292870377283634e-14
5.208326102490633 3.6347763396231715e-14
5.210514934834541 3.5313166212492945e-14
5.212705607693593 3.720486243210755e-14
5.2148981233902045 3.532558467728595e-14
5.217092484250701 5.874790154272712e-13
5.2192886926053275 3.531776604007716e-14
5.2214867507882525 3.52969521536138e-14
5.223686661137577 8.258470745604876e-14
5.225888425995347 3.530414939673973e-14
5.2280920477075545 3.525777250064877e-14
5.230297528624155 3.5256598924393046e-14
5.23250487109907 3.5255868474464966e-14
5.2347140774901915 3.525499936496858e-14
5.236925150159402 3.5254382366616556e-14
5.239138091472571 3.525391840025713e-14
5.241352903799573 3.525342590336081e-14
5.243569589514288 3.5252863561764956e-14
5.245788150994614 3.525221771581186e-14
5.248008590622479 3.5251505049197994e-14
5.2502309107838405 3.525071576752326e-14
5.252455113868701 3.524985788415218e-14
5.254681202271115 3.524892105616294e-14
5.256909178389199 3.5247914533504596e-14
5.259139044625135 3.524683551133767e-14
5.2613708033851845 3.524569046615264e-14
5.263604457079696 3.5244964022186043e-14
5.265840008123109 3.524442035622858e-14
5.2680774589339725 3.524382332298939e-14
5.2703168119349435 3.524321369701613e-14
5.272558069552802 3.5242680213505513e-14
5.274801234218455 3.5241759437877474e-14
5.277046308366952 3.524086230989365e-14
5.279293294437488 3.5241291135038994e-14
5.281542194873413 3.52486727251904e-14
5.283793012122244 3.5281404016769424e-14
5.286045748635671 1.1211301947549301e-13
5.288300406869569 3.532600760716054e-14
5.290556989284002 3.52856586554351e-14
5.292815498343234 3.528950187512836e-14
5.295075936515744 3.5298755099017987e-14
5.297338306274224 3.530893792123585e-14
5.2996026100955955 3.531476985518308e-14
5.301868850461019 3.5321336344907444e-14
5.304137029855897 3.5329931845805725e-14
5.306407150769891 3.9581560837773276e-14
5.308679215696924 3.534481899564901e-14
5.310953227135192 3.5349296794912594e-14
5.313229187587175 3.535586500397394e-14
5.315507099559642 3.5363164622524104e-14
5.317786965563666 3.720173885515656e-14
5.320068788114627 3.537708960535088e-14
5.322352569732225 3.5925822860290814e-14
5.324638312940491 3.9077735350807416e-14
5.326926020267789 3.8398463253754287e-14
5.329215694246833 3.5404195543752483e-14
5.331507337414695 3.5410011441706895e-14
5.333800952312808 3.811484489221028e-14
5.336096541486985 3.544439217163922e-14
5.338394107487421 3.556837818719879e-14
5.340693652868706 3.545949431766201e-14
5.342995180189832 3.5439904753576195e-14
5.345298692014206 3.544588650561354e-14
5.3476041909096566 3.5452552981030594e-14
5.349911679448446 3.696225508232276e-14
5.352221160207273 3.6798170211850855e-14
5.354532635767295 3.5469873907590647e-14
5.356846108714125 3.547476238746556e-14
5.3591615816378475 3.548062045121601e-14
5.361479057133028 3.5485983085114576e-14
5.363798537798722 3.549143055475856e-14
5.366120026238482 3.550039660525602e-14
5.368443525060375 3.553105197983251e-14
5.370769036876981 3.556262968794906e-14
5.373096564305413 3.565536856136004e-14
5.3754261099673215 3.5984850139596156e-14
5.377757676488905 3.663152312042853e-14
5.38009126650092 3.715707022433382e-14
5.382426882638694 7.317911840578855e-14
5.3847645275421305 3.5978870658395324e-14
5.387104203855719 5.4362652482376936e-14
5.389445914228552 3.620610603400404e-14
5.391789661314327 3.6061718808257366e-14
5.394135447771359 3.5894695268151605e-14
5.396483276262595 3.675347998415132e-14
5.398833149455614 3.608722273019237e-14
5.401185070022652 3.5672972790514777e-14
5.403539040640594 1.8106353056433478e-13
5.405895063991002 3.5648814731424224e-14
5.408253142760111 3.67654822337067e-14
5.410613279638846 3.556534672183242e-14
5.412975477322836 3.5575973737159887e-14
5.4153397385124125 3.5574239882820853e-14
5.417706065912632 3.560912282916841e-14
5.420074462233281 3.56558739427023e-14
5.422444930188881 3.603676364915966e-14
5.424817472498711 3.571187859606487e-14
5.427192091886809 3.5693988602608004e-14
5.429568791081983 3.5837536410841035e-14
5.431947572817824 3.7688884829017125e-14
5.4343284398327185 3.6396958793141776e-14
5.4367113948698504 3.59389158414987e-14
5.439096440677224 3.5798729507083316e-14
5.441483580007662 3.581580180590164e-14
5.443872815618824 3.568831945828768e-14
5.446264150273216 3.571315515022527e-14
5.448657586738201 3.661532829672835e-14
5.451053127786005 3.865554294722296e-14
5.453450776193734 4.1188695327535585e-14
5.455850534743383 3.6089874111936e-14
5.4582524062218445 3.575608926564998e-14
5.46065639342092 3.570917140576714e-14
5.463062499137332 3.576433207182093e-14
5.465470726172738 3.6959822564983337e-14
5.467881077333733 3.578927149389106e-14
5.470293555431867 3.573205581812055e-14
5.472708163283652 3.5737699457977855e-14
5.475124903710582 3.574370961715414e-14
5.477543779539128 3.574984821091417e-14
5.479964793600764 3.575535646685645e-14
5.4823879487319696 3.5761338099708645e-14
5.4848132477742455 3.576947639757258e-14
5.487240693574122 3.5777053229537414e-14
5.489670288983169 3.5784607949002203e-14
5.492102036858011 3.7851686788405073e-14
5.494535940060337 3.579426394042081e-14
5.496972001456909 3.579436007855979e-14
5.4994102239195755 3.5800142121273445e-14
5.501850610325284 3.584405542501977e-14
5.504293163556091 3.6362399056588665e-14
5.506737886499171 3.5861089122154225e-14
5.509184782046833 3.581703715901071e-14
5.511633853096525 3.58307264915347e-14
5.5140851025508555 3.5886384618221387e-14
5.516538533317593 3.58418308678703e-14
5.5189941483096865 3.5835466745616406e-14
5.5214519504452735 3.58399457997553e-14
5.523911942647691 3.58443360554058e-14
5.52637412784549 3.584864960177002e-14
5.528838508972445 3.5855091753116266e-14
5.531305088967563 3.587281262507571e-14
5.533773870775101 3.9122387841085353e-14
5.536244857344574 3.588881792543343e-14
5.538718051630767 3.6073419014688174e-14
5.5411934565937475 3.767859151194869e-14
5.543671075198879 3.82452749046131e-14
5.546150910416827 3.587982299730954e-14
5.548632965223579 3.5883191462958863e-14
5.551117242600448 3.5886540043415677e-14
5.553603745534093 3.593259542513098e-14
5.5560924770165245 3.617377668518936e-14
5.558583440045118 3.6953942353656006e-14
5.5610766376226275 3.867959701528873e-14
5.563572072757197 4.359503719999183e-14
5.566069748462372 3.639246296912417e-14
5.568569667757112 3.609841123822707e-14
5.571071833665801 3.5929073587614317e-14
5.573576249218265 3.590940870746522e-14
5.576082917449776 3.5911863654138976e-14
5.578591841401075 3.591420257762811e-14
5.581103024118371 3.5916459653575716e-14
5.583616468653365 3.591864148901803e-14
5.586132178063257 3.592074577402507e-14
5.5886501554107575 3.592275750074994e-14
5.591170403764104 3.592465054080951e-14
5.59369292619707 3.592646982174388e-14
5.596217725788978 3.592822510618151e-14
5.598744805624713 3.592987714108524e-14
5.601274168794735 3.593351630378273e-14
5.603805818395092 4.180380252478935e-14
5.60633975752743 3.5936723080586256e-14
5.608875989299009 3.593544028565031e-14
5.611414516822713 3.593661455374231e-14
5.613955343217068 3.593769756369642e-14
5.616498471606244 3.593868929731191e-14
5.61904390512008 3.5969799251827867e-14
5.621591646894089 3.613841905550921e-14
5.624141700069474 3.5977120551531145e-14
5.6266940677931405 3.594206443356413e-14
5.62924875321771 3.594291379425821e-14
5.631805759501528 3.594365723650657e-14
5.634365089808687 3.594431690394164e-14
5.6369267473090305 3.59448889228283e-14
5.639490735178168 3.594537056091807e-14
5.6420570565974915 3.594575483860743e-14
5.644625714754185 3.594605331042179e-14
5.647196712841244 3.594648480191867e-14
5.649770054057477 3.594783599270203e-14
5.6523457416075304 3.5946674891176764e-14
5.654923778701895 3.5946350237908346e-14
5.657504168556923 3.5946207212637396e-14
5.660086914394839 3.594600675075589e-14
5.662672019443755 3.5945823382975203e-14
5.665259486937682 3.5945557543373146e-14
5.667849320116545 3.594520490283737e-14
5.670441522226198 3.5944763641213315e-14
5.673036096518433 3.594423136880501e-14
5.675633046250996 3.594361248264977e-14
5.678232374687606 3.596334994643629e-14
5.680834085097956 4.0024520758245907e-13
5.683438180757741 3.5975340697693287e-14
5.6860446649486605 3.5942606857618186e-14
5.688653540958439 3.996517809108178e-14
5.691264812080839 3.593898622495236e-14
5.693878481615672 3.593761426426305e-14
5.696494552868812 3.5936710910838796e-14
5.699113029152214 3.5935860875653455e-14
5.701733913783924 3.5935311209157774e-14
5.704357210088095 3.5933596596308876e-14
5.706982921395002 3.593222381284142e-14
5.709611051041052 3.593095523127064e-14
5.712241602368802 3.5929624526141064e-14
5.714874578726969 3.592821073279849e-14
5.7175099834704515 3.592672698179282e-14
5.720147819960338 3.592519241316995e-14
5.722788091563919 3.592360191731453e-14
5.72543080165471 3.5921999868191156e-14
5.728075953612457 3.5920320533356626e-14
5.730723550823157 3.591855880740593e-14
5.733373596679068 3.591671782239898e-14
5.736026094578728 3.5919371013374474e-14
5.738681047926966 4.809830190472233e-14
5.741338460134916 3.5919203951669696e-14
5.743998334620035 3.592905607696684e-14
5.746660674806118 3.59117876599036e-14
5.749325484123307 3.590592466248961e-14
5.751992766008111 3.5904331697740005e-14
5.754662523903419 3.5955263184445e-14
5.757334761258516 3.6273524869952925e-14
5.760009481529093 9.570752562310847e-14
5.762686688177272 3.7538893349701125e-14
5.7653663846716094 3.88206095069886e-14
5.768048574487119 3.65953196749442e-14
5.770733261105281 3.722592604554657e-14
5.773420448014066 3.7362458525530114e-14
5.7761101387079385 3.595714686291432e-14
5.778802336687881 3.589408992149417e-14
5.781497045461406 3.591163260779163e-14
5.784194268542572 3.610643671729174e-14
5.786894009451995 3.6254767877288865e-14
5.789596271716871 3.9232527869856826e-14
5.792301058870985 4.4869666309219565e-14
5.795008374454729 3.7224276986230734e-14
5.797718222015119 3.814387409055473e-14
5.800430605105805 3.6210596422775895e-14
5.803145527287094 3.6091750507842626e-14
5.8058629921259595 3.9843318347791714e-14
5.80858300319606 3.669128600099094e-14
5.811305564077755 3.5950632546600296e-14
5.814030678358119 3.598275843856966e-14
5.816758349630957 6.135489703163075e-14
5.819488581496825 3.811910911959798e-14
5.822221377563037 3.598289110275498e-14
5.824956741443689 3.610693662428251e-14
5.827694676759673 3.5899587831646344e-14
5.830435187138689 3.6007555577910633e-14
5.833178276215268 3.6949969938537324e-14
5.83592394763078 6.173016267447934e-14
5.838672205033456 3.7774526771697885e-14
5.841423052078404 3.583853010860323e-14
5.84417649242762 3.5840665698927615e-14
5.846932529750011 3.583217330461678e-14
5.8496911677214065 3.58764676269233e-14
5.852452410024576 3.646254388698055e-14
5.855216260349247 3.690905855259009e-14
5.85798272239212 3.6462968006799494e-14
5.860751799856885 3.5957163598187196e-14
5.863523496454238 3.584013800117093e-14
5.866297815901899 3.582752924217046e-14
5.869074761924627 3.58692557493035e-14
5.871854338254235 3.582634818749766e-14
5.874636548629612 3.585907316454414e-14
5.877421396796735 3.5853991251377634e-14
5.8802088865086874 3.596601746194569e-14
5.882999021525677 3.604988653653699e-14
5.88579180561505 3.5829410527027535e-14
5.888587242551312 3.5783651086976395e-14
5.891385336116141 3.578054213283148e-14
5.8941860900984056 3.578236753654767e-14
5.896989508294185 3.5792275103842796e-14
5.899795594506782 3.5794562937698704e-14
5.902604352546745 3.5769934470559785e-14
5.9054157862318775 3.5769346505208877e-14
5.908229899387263 3.5757668104960374e-14
5.911046695845281 3.575210898292133e-14
5.91386617944562 3.574983261843132e-14
5.9166883540352995 3.574848803234452e-14
5.919513223468686 3.577157815009839e-14
5.9223407916075095 3.573984762852219e-14
5.925171062320884 3.573292439108049e-14
5.92800403948532 3.5748949220668887e-14
5.930839726984748 3.572466452287681e-14
5.933678128710533 3.5716315452228965e-14
5.936519248561493 3.5718565762024644e-14
5.939363090443916 3.5707448076876785e-14
5.9422096582715795 3.5713300461320675e-14
5.945058955965767 3.580524251218165e-14
5.947910987455288 3.5700341306445404e-14
5.950765756676493 3.567790817843914e-14
5.953623267573294 3.5673298731904195e-14
5.956483524097182 3.5699296173562553e-14
5.959346530207247 3.566225876510842e-14
5.96221228987019 3.5650406501212994e-14
5.9650808070603505 3.5655785120737305e-14
5.967952085759718 3.5680397854803634e-14
5.970826129957953 3.56968455197539e-14
5.973702943652403 3.567088635952138e-14
5.976582530848126 3.5669456890259935e-14
5.979464895557906 3.567424894978456e-14
5.98235004180227 3.567908450955354e-14
5.98523797360951 3.568767197241485e-14
5.988128695015699 3.5714315063176543e-14
5.9910222100647115 3.569699750858688e-14
5.993918522808243 3.569789220174261e-14
5.996817637305826 3.569948189060457e-14
5.9997195576248545 3.571624057116218e-14
6.002624287840593 3.5795683265516366e-14
6.005531832036207 3.57907065381195e-14
6.008442194302776 3.618414834220702e-14
6.011355378739314 3.584985017566796e-14
6.014271389452786 3.5732008453723965e-14
6.017190230558132 3.5785475487514864e-14
6.0201119061782835 3.6103740413857876e-14
6.023036420444184 3.583888231806664e-14
6.025963777494807 3.5741988103614756e-14
6.028893981477179 3.573637354865114e-14
6.031827036546392 3.5746256605930856e-14
6.034762946865633 3.574299193649824e-14
6.037701716606193 3.689815921470025e-14
6.040643349947499 3.657419753876531e-14
6.04358785107712 3.5776935028236376e-14
6.046535224190799 3.5774026609051134e-14
6.049485473492465 3.5907501675214306e-14
6.052438603194256 6.797230500804899e-14
6.05539461751654 3.5774388813152476e-14
6.058353520687934 3.5768122765896513e-14
6.061315316945323 3.572284393327132e-14
6.0642800105338805 3.57131183555916e-14
6.067247605707095 3.681425754449464e-14
6.070218106726777 3.569891285705135e-14
6.073191517863093 3.5682678336324596e-14
6.07616784339458 3.568064995486127e-14
6.079147087608162 3.568252198740945e-14
6.08212925479918 3.5682667248550064e-14
6.085114349271405 3.568499205558577e-14
6.088102375337061 3.568453133597871e-14
6.091093337316848 3.568510258853585e-14
6.094087239539959 3.568589349447598e-14
6.097084086344102 3.5686582394132125e-14
6.100083882075527 3.568808976896694e-14
6.103086631089035 3.5693811766997315e-14
6.106092337748008 3.569002363729757e-14
6.109101006424431 3.816276767762023e-14
6.112112641498905 3.572822869356054e-14
6.115127247360678 3.5932857619027616e-14
6.11814482840766 3.572334452736014e-14
6.1211653890464435 3.569458457294459e-14
6.124188933692331 3.569508968247017e-14
6.127215466769353 3.569412951770569e-14
6.130244992710287 3.569658296865235e-14
6.133277515956684 3.56986333225419e-14
6.136313040958887 3.570301493969771e-14
6.139351572176055 3.570877005091381e-14
6.142393114076182 3.571083790633944e-14
6.14543767113612 3.571482376056838e-14
6.148485247841605 3.57182360022513e-14
6.15153584868727 3.5725048731088233e-14
6.1545894781766775 3.5739529150344927e-14
6.157646140822334 3.5733066310094816e-14
6.160705841145717 3.620620615777275e-14
6.1637685836772915 3.6880836744778844e-14
6.166834372956542 3.776693029726574e-14
6.169903213531984 3.920012309295171e-14
6.172975109961191 5.0552698670169307e-14
6.1760500668108245 5.809781942123256e-14
6.1791280886566415 1.7873292256089838e-12
6.182209180083531 6.84264068923969e-14
6.185293345685527 8.871346318514026e-13
6.188380590065839 7.21413030750444e-14
6.19147091783687 6.240303933038894e-14
6.194564333620242 4.2159735566308783e-14
6.197660842046816 4.708661186775144e-14
6.200760447756717 5.832743564645542e-14
6.20386315539936 4.104569366483552e-14
6.206968969633468 3.592411950968407e-14
6.210077895127097 3.610171549372192e-14
6.213189936557665 3.580526630981736e-14
6.216305098611963 3.658590636952805e-14
6.219423385986195 3.5791168465664784e-14
6.2225448033859845 3.6055257680199116e-14
6.225669355526412 3.693470247979918e-14
6.22879704713203 5.252089624355388e-14
6.231927882936892 3.6386690131454e-14
6.235061867684575 3.575374084429915e-14
6.238199006128197 3.579278211472935e-14
6.241339303030458 3.6032518086150483e-14
6.244482763163641 4.714172851931302e-14
6.247629391309655 4.2647473697114925e-14
6.250779192260049 3.9686626652695423e-14
6.2539321708160465 4.063208991151206e-14
6.2570883317885535 3.5808600356308573e-14
6.260247679998199 3.5698107297076796e-14
6.263410220275348 3.5624324811648454e-14
6.266575957460137 8.798387077696003e-14
6.269744896402492 3.588496242423365e-14
6.272917041962151 3.5656787669230737e-14
6.276092399008692 3.562617511664143e-14
6.279270972421561 3.563153579646684e-14
6.282452767090094 3.5639383339943e-14
6.285637787913537 3.5675530336907595e-14
6.28882603980108 3.567954488644558e-14
6.292017527671882 3.564471380830697e-14
6.295212256455084 3.566410434696919e-14
6.298410231089849 3.564650954466375e-14
6.301611456525381 3.564601530248436e-14
6.3048159377209485 3.568379312372408e-14
6.308023679645917 3.564748047367764e-14
6.311234687279764 3.561983741703836e-14
6.314448965612121 4.11734813953314e-14
6.317666519642777 3.527514976524695e-14
6.320887354381724 3.5210755211952807e-14
6.324111474849176 3.520738958904553e-14
6.327338886075596 3.520751352240564e-14
6.330569593101716 3.520966350712948e-14
6.333803600978571 3.520902793159036e-14
6.337040914767527 3.522240738939421e-14
6.340281539540293 3.8126645092253454e-14
6.34352548037897 3.523327870340792e-14
6.3467727423760545 3.5235848762531006e-14
6.350023330634483 3.521855695142466e-14
6.353277250267647 3.523571004021144e-14
6.3565345063994245 3.6151925948227144e-14
6.35979510416421 3.543251207192249e-14
6.363059048706936 3.5235601516732885e-14
6.366326345183103 3.760201150057526e-14
6.369596998758805 3.5516568031590423e-14
6.372871014610757 3.576650710655349e-14
6.376148397926327 3.5210850181631923e-14
6.379429153903557 3.961192165053519e-14
6.382713287751186 3.5271103666887864e-14
6.386000804688697 3.5378093148900985e-14
6.389291709946323 3.528063983188586e-14
6.392586008765085 3.522194447598026e-14
6.395883706396824 4.128844971958066e-14
6.399184808104218 3.521095955702015e-14
6.402489319160815 3.51920480657597e-14
6.405797244851066 3.519052917039854e-14
6.409108590470344 3.518909289076482e-14
6.412423361324983 3.521197760785197e-14
6.415741562732293 4.5553412047546985e-14
6.419063200020602 3.5212790345619607e-14
6.422388278529275 3.518284112964239e-14
6.425716803608748 3.518109933759116e-14
6.429048780620551 3.5179439475525904e-14
6.432384214937344 3.5177829140138257e-14
6.4357231119429406 3.517669145865478e-14
6.43906547703234 3.5176760126912294e-14
6.442411315611754 3.519462012393205e-14
6.445760633098635 3.5206751566014175e-14
6.44911343492171 5.103301364295193e-14
6.452469726521005 3.522089190561182e-14
6.455829513347879 3.51744144263543e-14
6.459192800865046 3.516542693826144e-14
6.462559594546616 3.515992245766551e-14
6.4659298998781125 3.5158313670918405e-14
6.4693037223565115 3.5165148725005675e-14
6.472681067490266 3.515124214112751e-14
6.476061940799343 3.514511806774386e-14
6.479446347815239 3.514408337319912e-14
6.4828342940810275 3.5156945430798713e-14
6.48622578515138 3.518436449206666e-14
6.489620826592595 3.525849556862408e-14
6.4930194239826315 3.5153217450588856e-14
6.496421582911144 6.089701525540567e-14
6.499827308979504 3.51254037594799e-14
6.503236607800836 3.5133173449237474e-14
6.5066494850000485 3.5139760329049334e-14
6.510065946213864 3.5212032147106027e-14
6.513485997090846 3.555179964962067e-14
6.516909643291439 3.519382902523394e-14
6.520336890487995 3.510730731819152e-14
6.523767744364801 3.509939341666585e-14
6.527202210618115 3.5109129794593785e-14
6.5306402949562 3.551128168749293e-14
6.534082003099346 3.5095323593250335e-14
6.537527340779916 3.5075190080310346e-14
6.540976313742363 3.5072173676592956e-14
6.544428927743272 3.5071045833489137e-14
6.547885188551388 3.504676745838905e-14
6.551345101947648 3.5040470426714243e-14
6.554808673725215 3.504588148594588e-14
6.558275909689509 3.502445209574729e-14
6.56174681565824 3.5463312906954006e-14
6.565221397461442 3.521513926728712e-14
6.568699660941501 3.4886212814144646e-14
6.572181611953193 3.4814893206438034e-14
6.5756672563637135 5.237632651942903e-14
6.579156600052711 9.01254807109001e-14
6.582649648912326 3.488626456937026e-14
6.586146408847211 3.53738335598608e-14
6.589646885774575 3.485260670188522e-14
6.593151085624213 3.4777543482408946e-14
6.596659014338543 3.4766381435800516e-14
6.600170677872633 3.4815756697541285e-14
6.60368608219424 3.4764175217996196e-14
6.60720523328384 3.474853579954441e-14
6.610728137134665 3.4739941572669166e-14
6.614254799752739 3.4744951187446e-14
6.6177852271569035 3.479609207062472e-14
6.621319425378861 3.47377789684551e-14
6.624857400463205 3.472207016184636e-14
6.628399158467456 3.4732795756382034e-14
6.631944705462093 3.480048493825743e-14
6.635494047530592 4.9106998089720227e-14
6.6390471907694595 3.475013006939762e-14
6.642604141288268 3.6218427842463153e-14
6.646164905209686 3.917619174797293e-14
6.649729488669521 1.6425894337127074e-12
6.653297897816747 1.0047286098771607e-13
6.656870138813554 9.068160469901663e-14
6.66044621783536 5.1039335996378676e-14
6.6640261410708685 9.622722435585313e-14
6.6676099147220915 3.47155692777318e-14
6.671197545004392 3.468472506905294e-14
6.6747890381465185 3.472485335178322e-14
6.678384400390636 4.091685041619148e-14
6.681983637992365 4.583195489153797e-14
6.685586757220829 9.730966439647981e-14
6.689193764358668 2.789782857419913e-13
6.692804665702093 4.001596883146548e-14
6.696419467560921 3.5601964391000007e-14
6.700038176258603 3.510226330758541e-14
6.703660798132271 3.510715209155848e-14
6.707287339532762 3.527530520009902e-14
6.710917806824671 3.4672283736162344e-14
6.714552206386376 3.6652571082055675e-14
6.718190544610085 6.091172904638115e-14
6.721832827901857 4.104653753269085e-14
6.725479062681667 3.5374822544282314e-14
6.729129255383412 4.072048833678852e-14
6.7327834124549755 3.4618270337111514e-14
6.736441540358246 1.3211300573917745e-13
6.74010364556917 7.941487217400541e-13
6.743769734577781 8.414863600130811e-14
6.747439813888239 3.4627830260179553e-14
6.751113890018872 4.35231872940779e-14
6.7547919695022145 3.4631314808438776e-14
6.758474058885042 3.741368606924231e-14
6.762160164728412 3.458677908544855e-14
6.765850293607708 3.454496667103011e-14
6.7695444521126715 3.4539809828871186e-14
6.77324264684744 3.760188564596101e-14
6.776944884430599 3.46518219000933e-14
6.780651171495204 3.4926652940313294e-14
6.784361514688834 3.482269457883172e-14
6.7880759206736245 6.731449010825924e-14
6.791794396126309 3.5761132339003314e-14
6.7955169477382595 3.5359054313197375e-14
6.799243582215524 3.4664093927291115e-14
6.802974306278872 3.463656992974714e-14
6.80670912666383 6.59955934637826e-14
6.810448050120726 3.828503339239587e-14
6.8141910834147215 3.485786782944675e-14
6.817938233325865 4.008883533690697e-14
6.821689506649129 3.5415279271193106e-14
6.82544491019444 3.475718215623211e-14
6.829204450786733 3.469646518864548e-14
6.8329681352659914 3.467101516054543e-14
6.836735970487282 3.4635489639791794e-14
6.840507963320799 3.4604192348827825e-14
6.844284120651909 3.470802408282941e-14
6.848064449381189 3.4617163880416734e-14
6.851848956424475 3.5215422069823194e-14
6.855637648712892 3.787041717221841e-14
6.85943053319291 3.474912871362442e-14
6.863227616826372 3.4627289719910854e-14
6.867028906590556 3.466977088108789e-14
6.870834409478196 3.6445826385912925e-14
6.87464413249754 3.497283232474552e-14
6.878458082672388 6.842281710075549e-14
6.882276267042136 3.4616675053648904e-14
6.886098692661818 3.461889457891263e-14
6.88992536660215 3.4911806212361876e-14
6.893756295949573 3.457520550638849e-14
6.8975914878063 3.4608117957287405e-14
6.901430949290353 3.513578382070249e-14
6.905274687535619 3.590982390240867e-14
6.909122709691879 3.6516042789347107e-14
6.912975022924861 3.457283426330531e-14
6.916831634416292 3.4847397197178724e-14
6.920692551363923 3.4576750262542446e-14
6.924557780981591 3.457574255099658e-14
6.928427330499255 3.484868679968252e-14
6.9323012071630465 3.4695221697093905e-14
6.936179418235312 3.5008460872445464e-14
6.940061970994656 3.4685099629029e-14
6.943948872735989 3.466807381691953e-14
6.947840130770579 3.4609247461981666e-14
6.951735752426083 3.4636482575185825e-14
6.955635745046608 3.467724039098074e-14
6.959540115992748 3.48289967235737e-14
6.963448872641633 3.464750549226159e-14
6.967362022386978 3.47382507974755e-14
6.971279572639124 5.0084125173679935e-14
6.975201530825089 3.4661592829237064e-14
6.979127904388613 3.469218532762453e-14
6.983058700790207 3.461834530164086e-14
6.9869939275072 3.473153836091564e-14
6.990933592033785 3.558748505384017e-14
6.994877701881064 3.654206974889316e-14
6.998826264577104 3.946094612749125e-14
7.002779287666978 3.457418511958283e-14
7.006736778712812 3.5477271729477056e-14
7.010698745293837 3.4602116836644144e-14
7.01466519500644 3.472723959769733e-14
7.018636135464207 3.4972986258134606e-14
7.022611574297973 3.469789373294121e-14
7.026591519155871 3.4623807763786006e-14
7.030575977703381 3.4683517846994616e-14
7.034564957623387 6.437918902362141e-14
7.038558466616209 3.456427393131279e-14
7.042556512399667 3.667393057708333e-14
7.0465591027091286 3.463633644082585e-14
7.050566245297555 3.479614559022883e-14
7.054577947935553 3.455794085799119e-14
7.058594218411424 4.164427703789448e-14
7.06261506453122 3.534603613675394e-14
7.066640494118781 5.229689098169004e-14
7.070670515015802 3.494692005065796e-14
7.074705135081874 4.475892668544893e-14
7.078744362194538 3.4514167236348675e-14
7.082788204249331 4.01157406729117e-14
7.086836669159851 3.518905126446437e-14
7.090889764857791 9.821550797848158e-14
7.094947499293005 3.477041098084987e-14
7.099009880433552 3.461411297492407e-14
7.103076916265753 3.465178374691177e-14
7.107148614794238 2.96927030761017e-13
7.1112249840420025 3.4637482648239605e-14
7.11530603205046 3.823989298429742e-14
7.119391766879496 3.4883868391494113e-14
7.1234821966075135 3.5490845941852685e-14
7.127577329331497 3.455995856492161e-14
7.131677173167058 3.7232647979034493e-14
7.135781736248494 3.456565279140594e-14
7.139891026728839 3.529964271767303e-14
7.1440050527799155 3.4605211394030615e-14
7.148123822592395 3.654196586404248e-14
7.152247344375846 4.1333897723332575e-14
7.156375626358791 3.687169511635752e-14
7.160508676788767 3.5245417821660826e-14
7.164646503932369 3.5133808826196606e-14
7.1687891160753106 1.2959711829791225e-13
7.172936521522485 1.302648710779161e-13
7.177088728598012 8.25544013140116e-14
7.1812457456452945 3.6526664138206276e-14
7.185407581027082 4.402701505129762e-14
7.189574243125518 3.485683104729447e-14
7.193745740342204 3.549812431272429e-14
7.197922081098245 3.5465911130690274e-14
7.202103273834317 3.488709165894803e-14
7.206289327010721 3.4570116110573714e-14
7.2104802491074365 3.828854021306733e-14
7.214676048624181 3.8785397156060814e-14
7.218876734080469 3.546062910411978e-14
7.223082314015667 3.516069204958471e-14
7.227292796989054 3.568260142887552e-14
7.231508191579877 3.5088074191841384e-14
7.235728506387412 4.634737774804413e-14
7.2399537500310185 3.454169157620081e-14
7.244183931150201 3.469504790700115e-14
7.248419058404668 3.578695565027927e-14
7.252659140474392 3.794058961534849e-14
7.256904186059666 5.710515854636468e-14
7.2611542038811665 3.4619570697291493e-14
7.265409202680006 4.8334404189675114e-14
7.2696691912178 3.720817979652753e-14
7.273934178276732 3.6564901375939344e-14
7.278204172659595 3.561959015350207e-14
7.282479183189875 4.717142294661075e-14
7.286759218711793 3.4655918752513524e-14
7.2910442880903785 3.490534356656327e-14
7.295334400211525 3.5045563924982436e-14
7.29962956398205 3.5869324347257515e-14
7.3039297883297625 3.4447368246604604e-14
7.308235082203522 5.4495687665100375e-14
7.312545454573295 3.4545619525857136e-14
7.316860914430226 3.5954471723867416e-14
7.321181470786696 3.4582217125153756e-14
7.325507132676386 3.467710818671779e-14
7.329837909154337 5.621002271292226e-14
7.334173809297021 3.828788859507024e-14
7.338514842202393 3.5955915114926674e-14
7.342861016989963 3.466598742925011e-14
7.34721234280086 3.8152494843829654e-14
7.351568828797892 3.4403752658901413e-14
7.355930484165612 3.436094574340673e-14
7.360297318110379 3.498140987461997e-14
7.364669339860432 3.6351818826808086e-14
7.36904655866595 6.581462886800174e-14
7.373428983799109 3.706367283985917e-14
7.377816624554162 3.896540045966816e-14
7.382209490247496 3.433708795570038e-14
7.386607590217698 4.070574090681815e-14
7.391010933825627 3.517418140984407e-14
7.395419530454469 3.4404274978321936e-14
7.399833389509818 3.53247359996047e-14
7.404252520419734 3.47200465699227e-14
7.408676932634809 3.4348626974628385e-14
7.413106635628241 3.460996732627625e-14
7.417541638895895 3.6096029047627857e-14
7.4219819519563766 3.4986033806395136e-14
7.426427584351097 3.439073698550004e-14
7.430878545644338 3.453640874595082e-14
7.435334845423326 9.036100389840061e-14
7.439796493298303 4.1473080910691466e-14
7.444263498902588 4.076168722730888e-14
7.448735871892651 4.1142353879188673e-14
7.453213621948177 3.457520218888026e-14
7.457696758772149 5.3581354639143095e-14
7.462185292090904 4.867455640102029e-14
7.466679231654212 3.636395275167293e-14
7.47117858723534 1.1600815840712724e-13
7.475683368631128 5.694766057957166e-14
7.48019358566206 1.6759226672592074e-13
7.484709248172329 3.42651334008254e-14
7.489230366029922 4.29529766628945e-14
7.493756949126674 4.015937668182762e-14
7.498289007378356 6.30958470117653e-14
7.5028265507247385 3.4402779371855e-14
7.507369589129663 3.4622624285085726e-14
7.511918132581127 3.433395590928514e-14
7.516472191091341 3.411848355243597e-14
7.521031774696813 3.60124086514363e-14
7.52559689345842 3.51102142917729e-14
7.530167557461475 3.407077633139991e-14
7.534743776815812 3.512415134153897e-14
7.5393255616558585 3.412117748238249e-14
7.543912922140701 3.563018156242278e-14
7.5485058684541695 3.577848092434765e-14
7.5531044108049095 3.4845111340092566e-14
7.55770855942646 3.454536905457895e-14
7.5623183245773244 3.4336293269624485e-14
7.566933716541052 3.696830005052541e-14
7.57155474562631 3.653520759562484e-14
7.576181422166965 3.400442246100374e-14
7.580813756522159 3.58563575186005e-14
7.585451759076377 3.415506974929093e-14
7.590095440239542 3.461057744608894e-14
7.594744810447081 3.413074134821933e-14
7.599399880160003 3.6143228934500927e-14
7.604060659864983 3.3875808474077e-14
7.608727160074437 3.633494552161525e-14
7.613399391326603 3.4936723042675504e-14
7.61807736418562 3.4456409178631767e-14
7.622761089241607 3.383880329857565e-14
7.6274505771107375 3.3832314951819045e-14
7.632145838435333 3.515561780964813e-14
7.636846883883933 3.531502827213769e-14
7.641553724151375 3.490239287665552e-14
7.6462663699588855 3.511234014753885e-14
7.65098483205415 3.388190103459988e-14
7.655709121211401 3.6997905232367536e-14
7.660439248231498 3.5825390924039164e-14
7.665175223942015 4.078613171558392e-14
7.66991705919731 3.392746775919293e-14
7.674664764878625 3.961863675865614e-14
7.6794183518941574 8.899925348880341e-14
7.684177831179147 5.539982862940386e-14
7.688943213695959 3.6742932163266647e-14
7.693714510434169 3.4850680869295317e-14
7.698491732410649 4.1134022235967967e-14
7.703274890669651 3.4688526401067135e-14
7.708063996282888 4.1783066236061385e-14
7.712859060349628 3.687709762439543e-14
7.7176600939967726 3.7976638368525294e-14
7.722467108378944 3.483467423195476e-14
7.727280114678575 4.082962783286019e-14
7.732099124105992 6.383089886353941e-14
7.7369241478995034 4.089935032247501e-14
7.741755197325491 3.46835014538442e-14
7.746592283678487 4.1080545657750774e-14
7.7514354182812735 6.603326994123943e-14
7.756284612484966 9.987105395386355e-14
7.761139877669099 4.0588014390515744e-14
7.766001225241722 3.907272050149664e-14
7.770868666639485 4.0580975572441615e-14
7.775742213327723 3.704427364945092e-14
7.7806218768005575 3.478879353946329e-14
7.785507668580977 4.196241065045987e-14
7.790399600220935 3.360754906026521e-14
7.795297683301431 3.574799274367467e-14
7.800201929432615 3.4312672396080156e-14
7.805112350253868 4.547821072729979e-14
7.810028957433903 3.420697662856105e-14
7.814951762670846 3.469833710663536e-14
7.819880777692344 3.496466403959422e-14
7.824816014255645 3.4097488202098924e-14
7.829757484147695 4.068447081772208e-14
7.834705199185237 3.7237663829838486e-14
7.839659171214904 3.35602084421412e-14
7.8446194121133015 4.593334833403065e-14
7.84958593378712 1.33904922952228e-13
7.854558748173219 3.3909412539617926e-14
7.859537867238728 4.8335846353735115e-14
7.864523302981138 8.298445191534322e-14
7.869515067428401 3.581832273579278e-14
7.874513172639024 6.75338269075049e-14
7.879517630702174 4.113817028807572e-14
7.884528453737762 3.891473751885738e-14
7.889545653896552 4.1568925243986926e-14
7.894569243360256 3.721300774446298e-14
7.899599234341631 1.3301963766547282e-13
7.90463563908458 4.6887551731798104e-14
7.909678469864247 3.74302252442701e-14
7.914727738987126 3.3553160767466106e-14
7.919783458791151 3.4405628266149534e-14
7.924845641645801 3.5634161312429356e-14
7.9299142999522045 3.981452976032283e-14
7.934989446143231 8.076854712387419e-14
7.940071092683601 3.430728711036534e-14
7.94515925206999 4.260448660104117e-14
7.9502539368311185 3.591140750771577e-14
7.95535515952787 3.456641924517688e-14
7.960462932753383 3.3446244513078414e-14
7.965577269133159 3.353039420827506e-14
7.970698181325167 3.405729222926504e-14
7.975825682019949 3.3368557190378657e-14
7.9809597839407225 4.07519338686675e-14
7.98610049984348 1.8672495013679531e-13
7.99124784251711 3.4910532469462584e-14
7.996401824783487 1.0999491856630714e-13
8.001562459497592 4.1181430320651204e-14
8.006729759547602 3.6474519843504526e-14
8.01190373785502 3.738457907732669e-14
8.017084407374762 4.011611560656004e-14
8.022271781095274 4.122940077150819e-14
8.02746587203864 3.4265798806871844e-14
8.032666693260694 3.367274441566673e-14
8.037874257851126 3.59380300778391e-14
8.04308857893359 3.5559862527956686e-14
8.048309669665814 3.3830578667139866e-14
8.05353754323972 3.530591793707218e-14
8.058772212881522 3.679442722524113e-14
8.064013691851843 3.479915812499784e-14
8.069261993445837 4.186124514565675e-14
8.074517130993282 3.453126631863482e-14
8.079779117858708 3.807457652581262e-14
8.085047967441502 3.5094811744717836e-14
8.090323693176028 1.3713228963636117e-13
8.095606308531735 4.3661292394859405e-14
8.100895827013279 3.515072001244945e-14
8.106192262160631 4.048215806136645e-14
8.111495627549193 3.338798932744254e-14
8.116805936789925 3.401334465014042e-14
8.12212320352944 3.5767501663292157e-14
8.127447441450146 3.3863993567236594e-14
8.132778664270344 4.323594170426808e-14
8.138116885744354 3.9736913744918295e-14
8.143462119662633 3.5689489849373076e-14
8.148814379851895 3.400798138849602e-14
8.154173680175223 3.5500396336525744e-14
8.159540034532197 3.345049445198996e-14
8.164913456859013 4.424721638868737e-14
8.170293961128596 7.774773599891016e-14
8.175681561350732 3.706228908823758e-14
8.181076271572183 4.239431047584291e-14
8.186478105876809 3.908956929482451e-14
8.191887078385692 3.487662909618603e-14
8.19730320325726 3.449802130228384e-14
8.20272649468741 3.376899827074949e-14
8.208156966909634 3.484936829561712e-14
8.213594634195132 3.808224618599251e-14
8.219039510852957 3.3331683257177574e-14
8.224491611230123 3.3275885089133154e-14
8.229950949711741 1.1621915670062027e-13
8.235417540721139 4.166821620959791e-14
8.240891398719993 3.48164803111704e-14
8.246372538208458 3.664028680108124e-14
8.251860973725288 3.860854538243137e-14
8.257356719847964 4.167538445983807e-14
8.262859791192836 3.679081336320659e-14
8.268370202415243 6.666861878151066e-14
8.273887968209635 3.8404260005047254e-14
8.279413103309722 3.843752343893179e-14
8.284945622488591 5.877749302938217e-14
8.290485540558844 3.409343443367204e-14
8.296032872372733 3.5732539729145163e-14
8.301587632822276 3.1735446313196625e-13
8.307149836839418 3.375146709670801e-14
8.312719499396136 3.4735398174970997e-14
8.318296635504598 2.6777551448865774e-13
8.323881260217279 3.594997475316925e-14
8.329473388627108 3.5719206692646036e-14
8.335073035867598 6.218237139241049e-14
8.340680217112984 3.3742880393476476e-14
8.346294947578365 3.7767027663641756e-14
8.35191724251983 3.566511918683436e-14
8.357547117234612 3.512313227940033e-14
8.363184587061209 3.85196621819155e-14
8.368829667379542 3.756096505505164e-14
8.374482373611077 9.185244399916566e-14
8.380142721218977 3.480670985504758e-14
8.385810725708245 4.976137877103723e-14
8.391486402625848 3.344678581994691e-14
8.397169767560886 3.414179007202298e-14
8.402860836144706 4.763568213110226e-14
8.408559624051072 3.7298091040924336e-14
8.414266146996288 5.258486629076084e-14
8.419980420739357 7.760452526803573e-13
8.425702461082114 4.068521307842986e-13
8.43143228386938 4.50878231118301e-14
8.437169904989108 4.213656288508758e-14
8.442915340372528 3.550432478838304e-14
8.448668605994285 4.168741480534157e-14
8.454429717872609 3.927189493088673e-14
8.460198692069445 5.331215715530964e-14
8.465975544690608 3.4025369892527826e-14
8.471760291885928 4.13788409178439e-14
8.47755294984942 3.461193554997338e-14
8.483353534819406 3.834388203927353e-14
8.489162063078686 3.4033531080228577e-14
8.49497855095469 3.72208463030298e-14
8.500803014819619 3.3400788932484385e-14
8.506635471090615 3.669665125609627e-14
8.512475936229897 4.2219331698135656e-14
8.518324426744936 4.29782748831784e-14
8.524180959188593 4.655462774518129e-14
8.530045550159283 4.851809608101552e-14
8.53591821630113 3.3180459712896834e-14
8.54179897430413 3.378786292972583e-14
8.547687840904302 7.782264994292791e-14
8.553584832883846 4.5387704353075555e-14
8.559489967071311 3.408024756197644e-14
8.565403260341744 3.8802734000157106e-14
8.571324729616864 1.5590861664461542e-13
8.57725439186521 3.3472822158548355e-14
8.58319226410231 3.5188056327015134e-14
8.589138363390845 3.481293794917056e-14
8.59509270684081 3.356518635960397e-14
8.601055311609672 3.803647591056929e-14
8.607026194902552 6.311568900344602e-14
8.613005373972372 3.76977204862914e-14
8.618992866120033 9.217046513547525e-14
8.624988688694568 4.277749611683985e-14
8.630992859093334 3.4187449733619244e-14
8.637005394762157 4.927816572241789e-14
8.643026313195508 3.9340084803821056e-14
8.649055631936678 3.5609087578722016e-14
8.655093368577944 3.4738395358893945e-14
8.661139540760738 5.245575332579132e-14
8.667194166175827 3.762131944799966e-14
8.673257262563473 3.503253543316424e-14
8.679328847713615 3.3734586602046456e-14
8.685408939466047 3.4617776855643924e-14
8.691497555710582 4.86350663576018e-14
8.69759471438723 3.49363622643248e-14
8.703700433486384 8.099442152815699e-14
8.709814731048983 4.567692744508313e-14
8.7159376251667 1.2237277835519292e-13
8.722069133982115 4.996697980381056e-14
8.728209275688895 4.8794299107988553e-14
8.734358068531977 6.909397865606871e-14
8.740515530807748 3.64723059383201e-14
8.746681680864219 4.7358748121515923e-14
8.75285653710122 4.807023117400857e-14
8.759040117970573 3.3746642421519356e-14
8.765232441976279 3.890335121546827e-14
8.771433527674702 4.166723630136822e-14
8.777643393674758 3.450352281910177e-14
8.783862058638094 3.368258123033752e-14
8.790089541279286 3.507063920370006e-14
8.79632586036601 3.9439978849901546e-14
8.80257103471925 3.424059752279965e-14
8.808825083213472 4.087680837839102e-14
8.81508802477682 3.0669670683224535e-13
8.82135987839131 3.997641041019259e-14
8.827640663093014 4.616848892668935e-14
8.833930397972264 4.176394109936853e-14
8.840229102173831 3.681123113952773e-14
8.846536794897133 4.277194435620322e-14
8.85285349539642 3.382412558449227e-14
8.859179222980973 6.179783844437171e-14
8.86551399701531 3.380895737679475e-14
8.87185783691936 3.475264803949221e-14
8.878210762168694 4.117316103193616e-14
8.884572792294692 3.4184285816336045e-14
8.89094394688477 4.107558641337832e-14
8.89732424558256 4.32581005308756e-14
8.903713708088125 1.4151065347865136e-13
8.910112354158159 3.2192484990578496e-14
8.916520203606186 4.545111992848866e-14
8.92293727630277 3.3247937737648253e-14
8.929363592175722 4.7973621156049455e-14
8.935799171210292 3.705102544784053e-14
8.942244033449397 4.916258066549243e-14
8.948698198993815 3.701500702170787e-14
8.955161688002399 4.781585113528341e-14
8.96163452069228 3.618811468330891e-14
8.968116717339093 4.036619563800366e-14
8.974608298277174 2.9893275095244556e-13
8.981109283899773 3.9834483082979755e-14
8.987619694659283 3.435456035145356e-14
8.994139551067436 3.898483432187152e-14
9.000668873695528 4.68683594738271e-14
9.007207683174634 3.77856805878186e-14
9.013756000195826 3.475290716659948e-14
9.020313845510389 3.8641232711689034e-14
9.02688123993004 4.784025057456352e-14
9.033458204327152 3.844809897688638e-14
9.040044759634972 5.18221208702935e-14
9.046640926847841 1.0155028600887512e-13
9.053246727021426 8.920954142384924e-14
9.05986218127293 5.480966285477025e-14
9.066487310781332 7.828047992753274e-14
9.073122136787598 3.919076514718633e-14
9.079766680594924 3.304655618041971e-14
9.086420963568953 3.249910787965233e-14
9.093085007138 3.5923716356045175e-14
9.099758832793304 3.27084552928967e-14
9.106442462089229 5.443669828104938e-14
9.113135916643516 3.5873352108714214e-14
9.119839218137516 4.382069696714822e-14
9.126552388316412 3.742588967983976e-14
9.133275448989465 3.578892035837001e-14
9.140008422030245 4.0969572701520305e-14
9.146751329376873 4.6771544003310924e-14
9.15350419303225 3.8032178928743023e-14
9.160267035064305 4.54724456919431e-14
9.167039877606237 5.4430761545512e-13
9.173822742856744 7.497295610243792e-14
9.180615653080281 6.922588694289026e-14
9.187418630607292 5.3384355883451664e-14
9.194231697834459 1.345327374856592e-13
9.20105487722495 5.092969333762134e-14
9.207888191308662 3.3060906549898586e-14
9.21473166268247 4.4792531251122e-14
9.221585314010477 5.0395981642630475e-14
9.228449168024268 1.9665070536493298e-13
9.23532324752315 5.39205864050026e-14
9.242207575374417 3.353941835613282e-14
9.249102174513594 4.3969664165505945e-14
9.256007067944699 4.383021099935148e-14
9.262922278740495 3.3435915508251726e-14
9.269847830042748 4.0790930777640664e-14
9.276783745062485 3.456550540378418e-14
9.28373004708025 5.627168310628737e-14
9.290686759446372 4.894974381331144e-14
9.29765390558122 3.462335819665323e-14
9.304631508975469 3.385525249161424e-14
9.311619593190361 3.115972036348149e-13
9.318618181857975 5.945238852779187e-14
9.32562729868149 3.418064602061648e-14
9.332646967435453 3.233174871137206e-14
9.339677211966048 8.500062264575975e-14
9.346718056191365 3.163499606282507e-14
9.353769524101676 3.247146493397994e-14
9.360831639759695 1.0093938139292788e-13
9.367904427300875 3.666610864050489e-14
9.374987910933658 3.188935556508707e-14
9.38208211493976 4.122208198077932e-14
9.38918706367446 4.389899256468301e-14
9.396302781566858 3.3193867826103476e-14
9.403429293120176 4.031976512879141e-14
9.410566622912022 4.1346702304684255e-14
9.41771479559468 3.9619574435303993e-14
9.424873835895399 3.279011013338889e-14
9.432043768616664 4.1950718288708864e-14
9.4392246186365 3.432041456723575e-13
9.446416410908746 3.3018141157404125e-14
9.45361917046335 3.5072485498940875e-14
9.460832922406656 5.573354177695038e-14
9.468057691921702 3.122752950246472e-14
9.475293504268503 3.725444270334455e-14
9.48254038478436 8.372181029366878e-14
9.489798358884139 3.749333998474902e-14
9.49706745206058 3.7984598763414333e-14
9.504347689884591 7.830872756346218e-14
9.51163909800555 5.825010946325976e-14
9.5189417021516 3.448245459839224e-14
9.526255528129964 4.029348824555908e-14
9.533580601827234 3.236245419183649e-14
9.540916949209688 3.8419300694639165e-14
9.548264596323591 5.883592021327632e-14
9.555623569295504 5.188743330140329e-14
9.562993894332598 4.5599687204386795e-14
9.570375597722958 3.37582282085335e-14
9.5777687058359 3.679350123817297e-14
9.585173245122286 3.240247114427995e-14
9.592589242114835 3.2644685077813204e-14
9.600016723428444 3.4690919647222994e-14
9.607455715760505 3.71938089186504e-14
9.614906245891223 3.2272073126212775e-14
9.622368340683943 3.2275148544272384e-14
9.629842027085466 3.6813403397617895e-14
9.637327332126375 3.239844912882925e-14
9.644824282921363 3.3927367180157555e-14
9.652332906669562 3.4362769338883725e-14
9.659853230654871 4.6875698645628096e-14
9.667385282246283 3.804658860394837e-14
9.67492908889821 3.4802454910077676e-14
9.682484678150843 3.3431012276502484e-14
9.690052077630456 4.3116598932101994e-14
9.697631315049764 3.6724228605993124e-14
9.705222418208248 1.4641523384110706e-13
9.712825414992505 3.906813859650021e-14
9.720440333376587 4.2111844996560925e-14
9.728067201422332 6.005389312002175e-14
9.73570604727973 3.9216465007801804e-14
9.743356899187258 3.848660882297634e-14
9.75101978547222 3.5268269424265204e-14
9.758694734551108 3.12380484001622e-14
9.766381774929954 3.871652574710161e-14
9.774080935204674 3.215623265287127e-14
9.781792244061432 4.729673992695225e-14
9.789515730276989 3.349502869353549e-14
9.797251422719064 3.1121797071158336e-14
9.804999350346696 3.415525668273658e-14
9.812759542210598 3.323040397736343e-14
9.820532027453531 1.0499576242591308e-13
9.828316835310659 3.143170992483954e-14
9.836113995109919 3.610490737787132e-14
9.843923536272392 3.3330543987155954e-14
9.851745488312668 5.45317491682297e-14
9.85957988083922 3.6525223719759775e-14
9.867426743554782 3.401538411074851e-14
9.875286106256718 4.005851352849554e-14
9.883157998837403 3.453782633092131e-14
9.891042451284596 3.446268133194278e-14
9.898939493681832 3.598769141981248e-14
9.906849156208793 3.129795493696369e-14
9.914771469141698 3.1436491735307925e-14
9.922706462853695 3.7318795202537615e-14
9.930654167815234 3.291586981756569e-14
9.938614614594469 3.201846113154338e-14
9.946587833857649 3.263481343360407e-14
9.954573856369509 3.156669106582072e-14
9.962572712993662 3.9651224849313816e-14
9.97058443469301 6.037785267152981e-14
9.978609052530125 5.0509798342440994e-14
9.986646597667665 7.276264495065927e-14
9.994697101368772 3.2512770250933913e-14
10.002760594997474 3.160508012411428e-14
10.0108371100191 3.274332527434083e-14
10.018926678000684 3.2586221458306415e-14
10.027029330611377 1.3775092100465509e-13
10.035145099622861 3.494145410011899e-14
10.043274016909765 3.395906236727344e-14
10.051416114450078 3.3002167698834325e-14
10.059571424325576 4.12388247420047e-14
10.067739978722233 3.2281736320672254e-14
10.075921809930659 3.1041182669696594e-14
10.084116950346507 3.372701534483239e-14
10.09232543247092 3.4473400525500024e-14
10.100547288910947 3.209893059441531e-14
10.108782552379974 4.8441926133066825e-14
10.117031255698171 4.4966979945926164e-14
10.125293431792917 3.310350358856179e-14
10.133569113699235 3.228496697503904e-14
10.141858334560245 4.0779931984535054e-14
10.1501611276276 3.418991522521501e-14
10.158477526261928 3.264942118143379e-14
10.166807563933276 3.650419202111899e-14
10.175151274221575 3.587810487428965e-14
10.18350869081707 3.1037014643477514e-14
10.19187984752079 3.1127231109143004e-14
10.200264778244994 3.0567514053704245e-14
10.208663517013635 3.2756899056083114e-14
10.217076097962819 3.2089193411642046e-14
10.225502555341256 3.0795858255813436e-14
10.233942923510751 3.2901989865185494e-14
10.242397236946639 3.0363440110058067e-13
10.25086553023828 3.327831372751525e-14
10.259347838089518 3.208835283253922e-14
10.267844195319162 3.02969107193826e-14
10.276354636861448 7.928279283407317e-14
10.284879197766541 3.247928604547288e-14
10.293417913200996 3.249499798778098e-14
10.301970818448252 3.0272953023850545e-14
10.310537948909111 3.345784490270879e-14
10.319119340102235 4.664039307104692e-14
10.327715027664631 3.0200561138257334e-14
10.336325047352142 3.019059141812192e-14
10.344949435039956 3.117258800786939e-14
10.353588226723083 3.397674534037795e-14
10.362241458516875 4.437746396898824e-14
10.370909166657517 3.077024980460281e-14
10.379591387502545 4.994386901935761e-14
10.388288157531338 3.0408243905932566e-14
10.396999513345646 5.825989550300663e-14
10.405725491670086 3.0099085390115244e-14
10.414466129352675 3.1275374755090035e-14
10.423221463365339 3.180391202172813e-14
10.431991530804433 3.653898816191874e-14
10.440776368891276 3.5795876413433835e-14
10.449576014972662 6.092226568234739e-14
10.458390506521402 4.295294223776111e-14
10.467219881136849 3.391353887059197e-14
10.476064176545432 3.8519087527432915e-14
10.4849234306012 3.5444523682974344e-14
10.493797681286356 3.620021278568526e-14
10.502686966711805 9.116968500251285e-14
10.511591325117694 3.496391604450584e-14
10.520510794873958 2.984433009361547e-14
10.529445414480884 2.9597350835382644e-14
10.538395222569655 6.670972508899992e-14
10.547360257902902 3.4529341211218054e-14
10.556340559375279 3.5110343805840546e-14
10.565336166014012 4.895167886541575e-14
10.57434711697947 3.007226586448976e-14
10.583373451565729 3.1250352921539565e-14
10.592415209201153 2.9873313280054305e-14
10.601472429448956 4.76087617394621e-14
10.610545152007791 5.462091320221858e-14
10.619633416712313 5.375718999040359e-13
10.628737263533784 2.922806693730928e-14
10.63785673258064 3.332657275468126e-14
10.646991864099094 4.908132679139444e-14
10.656142698473712 7.837089565551541e-14
10.665309276228028 2.8649345365999835e-13
10.674491638025124 3.6524072127386594e-14
10.683689824668248 4.149955903094803e-14
10.692903877101402 3.043752170165054e-14
10.702133836409958 3.406239201458278e-14
10.711379743821276 3.3413881658213e-14
10.720641640705294 1.4212877497283541e-13
10.729919568575177 3.236018401911031e-14
10.73921356908791 3.128432823494847e-14
10.748523684044937 3.222942440773654e-14
10.757849955392786 3.1898468426951956e-14
10.767192425223687 1.5022519980094988e-13
10.776551135776222 3.518294470974025e-14
10.785926129435953 3.382907805198218e-14
10.795317448736057 3.5240877180395655e-14
10.804725136357984 5.438498673648878e-14
10.814149235132085 7.409506370067108e-14
10.82358978803828 3.0097116920316454e-14
10.833046838206698 3.219486287031396e-14
10.842520428918338 3.057629819070224e-14
10.852010603605732 5.0551178793226353e-14
10.861517405853611 3.3176073772501095e-14
10.87104087939956 3.7429417204115445e-14
10.880581068134699 4.112271329947908e-14
10.890138016104359 4.0634496163623425e-14
10.899711767508753 3.7439257881211915e-14
10.909302366703656 3.5585042388761224e-14
10.918909858201104 4.717909805741292e-14
10.928534286670066 4.4498957851599346e-14
10.938175696937144 3.0326609200584824e-14
10.947834133987266 3.8750189370303e-14
10.957509642964395 3.107466001364194e-14
10.967202269172217 3.4577704000488014e-14
10.976912058074864 7.014236282174873e-13
10.986639055297609 5.262866941169768e-14
10.996383306627592 9.693584569955699e-14
11.006144858014537 1.0636524180259197e-13
11.015923755571473 4.644172457381255e-13
11.025720045575454 3.9905755250291173e-13
11.035533774468298 4.686149212137713e-14
11.045364988857322 3.552938332671727e-14
11.055213735516064 3.690416458001398e-14
11.06508006138505 3.5392169769431225e-14
11.07496401357251 3.104700644689867e-14
11.084865639355156 4.606958120945662e-14
11.094784986178919 3.042844930472974e-14
11.104722101659712 4.228582284928193e-14
11.114677033584188 4.294688860926644e-14
11.124649829910513 3.0397875754315777e-14
11.13464053876913 1.7469604136935922e-13
11.144649208463536 5.309236219693235e-14
11.154675887471058 4.085517447700926e-14
11.16472062444364 4.1650627656175516e-14
11.17478346820863 5.971957527444694e-13
11.184864467769561 1.123375127120797e-13
11.194963672306963 1.307363820462738e-13
11.205081131179146 3.238569851179991e-14
11.215216893923015 7.19837580930841e-14
11.22537101025488 5.100597253967427e-14
11.235543530071258 4.0008462499928056e-14
11.2457345034497 3.917446667552778e-14
11.255943980649606 2.387775547861224e-13
11.26617201211306 1.700731710395181e-13
11.276418648465652 3.571339037752362e-14
11.286683940517317 8.956453026331271e-14
11.29696793926317 3.872883798458875e-14
11.307270695884366 5.2723200160392505e-14
11.317592261748928 8.459971637837154e-14
11.327932688412611 9.859846185647334e-14
11.33829202761977 1.3168488932722596e-13
11.348670331304202 6.262851960299055e-14
11.35906765159003 2.942027504040514e-14
11.36948404079257 5.77715750864586e-14
11.379919551419208 3.2405233299957724e-14
11.390374236170285 4.1377725414716537e-14
11.400848147939985 6.830147713418462e-14
11.411341339817216 4.22083288642001e-14
11.421853865086529 2.7624323304725717e-13
11.432385777228992 3.376615414195341e-13
11.44293712992312 5.846600954062876e-14
11.453507977045778 1.9174874816234464e-13
11.464098372673092 3.8211804232800924e-14
11.474708371081391 5.863819055370569e-14
11.485338026748103 2.672829470337764e-13
11.49598739435272 2.952779448929285e-14
11.506656528777713 6.705326608357112e-14
11.517345485109484 7.777513604967696e-14
11.528054318639315 8.855390258740006e-14
11.538783084864312 1.9613476280717538e-13
11.549531839488383 4.8206871300359906e-14
11.560300638423177 7.892092687656505e-14
11.571089537789074 5.079966671217568e-14
11.581898593916147 5.516954318072667e-14
11.592727863345154 4.778780671897308e-14
11.603577402828508 3.6562251765171964e-14
11.614447269331286 6.408841015995605e-14
11.625337520032215 5.935280256159304e-14
11.636248212324675 3.269275521411966e-14
11.647179403817713 4.013142147998085e-14
11.658131152337049 5.1239898939352686e-14
11.669103515926105 3.958259875377123e-14
11.680096552847024 7.584231958452216e-14
11.691110321581698 4.024502638705959e-14
11.702144880832819 7.557885102944702e-14
11.713200289524904 9.892696411445506e-14
11.724276606805356 4.5019959997196036e-14
11.735373892045516 1.2488664982764966e-12
11.746492204841722 6.62341655204765e-14
11.757631605016382 1.0938130581576343e-13
11.768792152619032 1.0634946549310137e-12
11.779973907927435 3.4131259027769175e-14
11.791176931448648 6.568710486607591e-14
11.80240128392013 1.8024284108380728e-13
11.813647026310825 4.2658978040400886e-14
11.824914219822276 3.5993468898528355e-14
11.836202925889726 6.366554548132853e-14
11.847513206183246 6.817347682852407e-14
11.858845122608848 4.904358410125183e-14
11.870198737309623 1.1672578475464847e-13
11.881574112666867 1.0269319031152666e-13
11.892971311301235 7.871467392356732e-14
11.904390396073877 5.948863845838774e-14
11.915831430087605 7.050778443326349e-14
11.927294476688056 1.8326492972874116e-13
11.938779599464844 6.371939475911623e-14
11.950286862252758 6.886692093613493e-14
11.961816329132933 5.128552204661432e-14
11.973368064434036 3.2665068714138804e-13
11.984942132733476 4.4780100196201736e-14
11.996538598858592 3.835984706144615e-14
12.008157527887874 6.324203266355436e-14
12.019798985152176 6.027867461018341e-14
12.031463036235941 3.6372612489660666e-14
12.043149746978433 1.4341224159452823e-13
12.054859183474974 1.0148858660146492e-13
12.066591412078198 4.121274354107988e-14
12.078346499399286 3.611239032992437e-14
12.090124512309254 9.368343172886553e-14
12.101925517940192 3.005091100111548e-14
12.113749583686559 6.509462887253044e-14
12.125596777206464 4.604098082941902e-13
12.137467166422947 1.3055214850494507e-12
12.149360819525283 4.971751500514346e-14
12.161277804970288 6.426894101120939e-13
12.173218191483633 7.99850414999597e-14
12.185182048061167 1.0716687208549791e-13
12.197169443970235 7.006062457722836e-14
12.20918044875103 1.8750182028460767e-13
12.221215132217925 3.783025161002715e-14
12.233273564460834 6.955147833715504e-14
12.24535581584657 4.678687737367972e-14
12.257461957020215 4.0984576077200884e-14
12.269592058906492 3.9136792390391076e-13
12.281746192711148 1.2329894040764582e-12
12.293924429922368 6.482919373351903e-14
12.30612684231215 4.7920701932294194e-14
12.318353501937729 5.909654244953359e-14
12.330604481142991 7.595376151324176e-14
12.342879852559907 5.26298986964237e-14
12.355179689109958 9.963847175937574e-14
12.367504064005583 1.2809445837547318e-13
12.379853050751636 5.240635344495013e-14
12.392226723146845 2.976335217953906e-13
12.404625155285277 7.483662405144507e-14
12.417048421557821 9.7880183353308e-14
12.42949659665368 2.484375160240402e-13
12.441969755561853 6.772300613082281e-14
12.45446797357267 4.591813444742036e-14
12.466991326279274 1.3377845484157443e-13
12.479539889579156 6.061588686459427e-14
12.492113739675705 2.9687764905118167e-14
12.504712953079725 1.5068823863447259e-13
12.517337606611003 4.2741885055073943e-14
12.529987777399871 4.6182541310467476e-14
12.54266354288877 9.91900094065652e-14
12.555364980833826 7.177295916437693e-14
12.56809216930645 3.3948342154267315e-14
12.580845186694939 1.226683366545207e-13
12.593624111706069 3.576331363298391e-14
12.606429023366738 5.207990411108569e-14
12.619260001025571 5.3425480156816245e-14
12.632117124354581 5.802206688416078e-14
12.6450004733508 9.257823702972244e-14
12.657910128337944 6.254573189981265e-14
12.670846169968092 3.4949850950364266e-14
12.683808679223354 4.569256786948828e-14
12.696797737417562 6.335286075863227e-14
12.709813426197973 4.776222621625316e-14
12.722855827546981 7.08151421205191e-14
12.735925023783837 3.7680255248054095e-14
12.74902109756638 3.0673002478506487e-13
12.762144131892782 6.865370199467247e-14
12.775294210103295 4.852695084129706e-14
12.788471415882022 3.4982753017235534e-14
12.801675833258694 5.548934501888222e-14
12.814907546610451 7.925943622960234e-14
12.828166640663628 2.652736682299781e-13
12.841453200495597 2.5939469716596094e-13
12.854767311536548 3.950725068859977e-14
12.868109059571351 2.2712594013655075e-13
12.881478530741372 4.13619211501256e-14
12.894875811546347 3.2729034585953536e-14
12.908300988846243 9.443188395820912e-14
12.921754149863126 5.253690492836935e-14
12.935235382183066 5.954733726206314e-14
12.948744773758014 1.4780275853690672e-13
12.962282412907742 1.0819289280256121e-13
12.975848388321749 6.037254718501287e-14
12.9894427890612 6.143292679385082e-14
13.003065704560893 4.426147259646549e-14
13.016717224631183 8.7678635869303e-14
13.030397439460002 7.446654836742639e-14
13.0441064396148 5.204577064053495e-14
13.05784431604458 9.25507599031536e-14
13.071611160081886 3.8160004737663874e-14
13.085407063444844 3.062632034321362e-14
13.099232118239184 6.722354233305592e-14
13.11308641696029 3.528090016424802e-14
13.126970052495281 5.787656012267451e-14
13.140883118125068 8.009391240223952e-14
13.154825707526449 1.0572807940364552e-13
13.168797914774217 3.477341245328211e-14
13.182799834343262 9.792367167822017e-14
13.196831561110724 2.62479182572348e-14
13.210893190358101 8.91545827330641e-14
13.224984817773448 3.987353690738521e-14
13.239106539453509 1.6683603224532575e-13
13.253258451905927 4.6313712022631234e-14
13.267440652051425 6.083221367099257e-14
13.281653237226042 4.994212517208818e-14
13.295896305183325 4.093372064858303e-14
13.310169954096605 4.603679495124473e-14
13.324474282561232 5.06560264499269e-14
13.33880938959685 4.0583902384002867e-14
13.353175374649686 7.695457664518613e-14
13.367572337594845 3.4021457124975086e-14
13.38200037873862 1.0551609253047492e-13
13.39645959882084 4.7570752938079893e-14
13.410950099017187 4.0011233902200215e-14
13.425471980941582 4.80474296879305e-14
13.440025346648545 6.531793480662811e-13
13.454610298635584 6.156832304709799e-14
13.469226939845619 8.157040229446061e-14
13.483875373669385 4.937121135585746e-14
13.49855570394787 9.836793161834679e-14
13.513268034974793 3.4583147461007673e-13
13.528012471499038 7.651579347259239e-14
13.54278911872717 3.0786514828408084e-14
13.557598082325923 1.4124828967876758e-13
13.572439468424715 6.252071224063215e-14
13.587313383618195 4.2745211990386195e-14
13.602219934968792 4.2754783237523435e-14
13.617159230009278 4.6180835261323503e-14
13.632131376745354 5.595771634133157e-14
13.647136483658269 5.725428426263257e-14
13.662174659707407 2.9013447542998323e-14
13.677246014332955 3.4928204703287506e-14
13.692350657458553 3.922985703397676e-13
13.70748869949395 8.103743011875148e-14
13.722660251337711 2.7103446725246844e-14
13.73786542437992 2.7459566432703806e-14
13.753104330504899 3.886275629766526e-14
13.768377082093957 5.371494359960339e-14
13.783683792028167 5.968437965644023e-14
13.79902457369112 8.550469943672611e-14
13.81439954097175 3.562026858852973e-14
13.829808808267128 2.2863846213238435e-13
13.845252490485324 5.10699684192427e-14
13.860730703048244 3.203672089207521e-14
13.876243561894515 3.0730823635661904e-14
13.89179118348238 7.007164156071292e-14
13.90737368479261 4.403399687296093e-14
13.922991183331431 2.882855273117903e-14
13.938643797133494 3.3400179940462447e-14
13.954331644764833 6.10882936828194e-14
13.970054845325867 3.233071015474897e-14
13.985813518454412 4.291753874998726e-14
14.00160778432872 1.555671603558384e-13
14.017437763670515 4.663616114846184e-14
14.033303577748104 6.983483789292758e-14
14.04920534837943 7.23718206196705e-14
14.065143197935235 4.262067642165815e-14
14.081117249342162 6.611284137814633e-14
14.097127626085934 3.903686524065549e-14
14.113174452214531 3.095031615608812e-14
14.129257852341398 4.077434105485377e-14
14.145377951648667 4.110489857947209e-14
14.161534875890402 3.7049591552370795e-14
14.177728751395868 2.7925091559223263e-14
14.193959705072844 2.7269888634735882e-14
14.210227864410909 3.525541212042188e-13
14.226533357484794 2.8012909153366297e-14
14.242876312957746 2.298990499192584e-14
14.259256860084903 1.319863181932624e-13
14.275675128716719 3.6635563436718635e-14
14.292131249302367 3.972140022426257e-14
14.308625352893216 3.2490482569322005e-14
14.325157571146313 2.927514661352427e-14
14.341728036327861 6.098828547310359e-14
14.358336881316779 2.247838150376957e-14
14.374984239608217 1.164462236981024e-13
14.391670245317174 6.050132928621011e-14
14.408395033182066 4.368295267358131e-14
14.425158738568364 4.0982987126573374e-14
14.441961497472251 3.9540396087201794e-14
14.458803446524293 8.859275497135912e-14
14.475684722993153 3.0781445671688316e-14
14.492605464789296 3.317697922683727e-14
14.509565810468782 2.5907224778291953e-14
14.526565899237012 1.159291616246685e-13
14.54360587095255 2.964414785264884e-14
14.560685866130969 3.85061589109143e-14
14.577806025948698 5.465332882865483e-14
14.594966492246922 2.724631792164833e-14
14.612167407535493 2.9714871590585286e-14
14.629408914996871 6.896474031491997e-14
14.646691158490112 2.3680864281161338e-14
14.66401428255486 6.665154731224468e-14
14.681378432415366 3.0252413045876816e-14
14.698783753984571 2.5395995898714995e-14
14.716230393868173 2.2331273252777567e-14
14.733718499368743 3.931142642139241e-14
14.75124821848988 5.6685309167855706e-14
14.768819699940394 2.346924732537113e-14
14.786433093138484 2.852061698051769e-14
14.804088548215999 2.9806243363242006e-14
14.821786216022693 1.1764188022719303e-13
14.839526248130522 2.2454772902232228e-14
14.857308796837966 2.3463493507922004e-14
14.875134015174401 5.000435491362448e-14
14.893002056904479 4.4630398582116396e-14
14.91091307653255 2.7934943732402008e-14
14.928867229307109 3.2909397899474316e-14
14.946864671225297 1.4315753853306989e-13
14.964905559037415 5.117023454207784e-14
14.982990050251466 2.3957294595207623e-14
15.001118303137732 2.7123448970913284e-14
15.019290476733424 2.0844785605205855e-12
15.037506730847294 2.1845986820493606e-14
15.055767226064352 1.7555145411897135e-13
15.074072123750554 6.19682334339464e-14
15.092421586057583 2.233966400271332e-14
15.11081577592762 2.3202027878720325e-14
15.129254857098173 2.561353354862929e-14
15.14773899410694 2.6372511104242094e-14
15.16626835229669 5.357488328079323e-14
15.184843097820204 1.893224894388288e-13
15.203463397645244 4.7066650360677365e-14
15.222129419559534 3.131705211613095e-14
15.24084133217584 2.4850216803798837e-14
15.259599304937002 6.634195433584091e-13
15.278403508121082 2.1686895927465502e-14
15.297254112846499 2.221143426161233e-14
15.316151291077222 3.2305894066186204e-14
15.335095215628012 3.005630585733865e-14
15.354086060169667 3.731990865202143e-14
15.373123999234354 4.180261963699615e-14
15.392209208220939 7.179330479209707e-14
15.411341863400375 4.048499463939142e-14
15.43052214192114 2.984043800724066e-14
15.449750221814691 1.8289907826267592e-13
15.469026282000979 2.1948066507122428e-14
15.488350502293995 5.474114608576406e-14
15.507723063407372 4.7212279593842254e-14
15.527144146960005 2.7614796114518824e-14
15.546613935481727 2.3001880952147987e-14
15.566132612419047 2.2500197196924804e-14
15.58570036214088 2.2475800881091617e-14
15.605317369944384 2.2292081175374116e-14
15.624983822060779 1.1314770744284048e-13
15.644699905661266 4.144533328908977e-14
15.664465808862955 2.2913595327329262e-14
15.684281720734838 2.098053104585017e-14
15.704147831303832 2.63747841110605e-14
15.724064331560854 2.1305379342185686e-14
15.744031413466923 3.358822069946945e-14
15.764049269959347 3.7038080213576035e-14
15.784118094957932 2.256078588269688e-14
15.804238083371235 2.0489404093067717e-14
15.824409431102891 7.624791017245181e-14
15.84463233505795 2.5218254387945083e-14
15.864906993149305 5.771008328844171e-14
15.885233604304135 2.084144936541598e-14
15.905612368470413 2.2717256029388122e-14
15.926043486623467 4.093747621168294e-14
15.946527160772584 2.0644228371872628e-14
15.967063593967666 2.1536077184007112e-14
15.98765299030594 5.321115265913837e-14
16.008295554938723 5.274308851381856e-13
16.028991494078227 2.2639374690009396e-14
16.049741015004443 3.467333035658494e-14
16.070544326072042 1.6882444186395648e-13
16.091401636717354 2.1991937869452732e-14
16.11231315746541 5.3843245155074066e-14
16.133279099937 2.0127831259598707e-14
16.15429967685584 5.266678286017585e-14
16.175375102055742 2.034268978079641e-14
16.196505590487877 2.0319747578387348e-14
16.217691358228098 2.0973268274097745e-14
16.238932622484256 4.9287627597193064e-14
16.260229601603687 2.026888528922464e-14
16.281582515080643 3.5073147203556214e-14
16.30299158356386 2.0496942787983852e-14
16.324457028864146 3.363357099462628e-14
16.34597907396205 5.717449244136825e-14
16.367557943015573 2.176003529101445e-14
16.38919386136796 2.0770854048629463e-14
16.41088705555554 1.9621876759884254e-14
16.432637753315635 1.9719487281518388e-14
16.45444618359452 2.3518121158671685e-14
16.47631257655547 2.244364183700891e-14
16.498237163586836 2.032427191188679e-14
16.52022017731024 1.9539580773784235e-14
16.542261851588773 1.9480113944685093e-14
16.564362421535296 9.384121886813476e-14
16.58652212352081 2.0232867731008028e-14
16.608741195182862 2.0061340065698205e-14
16.63101987543407 6.313902051368481e-14
16.65335840447065 2.246201787699962e-14
16.675757023781085 4.463029353682341e-14
16.698215976154792 1.9986861057253056e-14
16.72073550569092 1.990615490449926e-14
16.743315857807186 2.3764389846413098e-14
16.765957279248788 2.161214773176274e-14
16.788660018097396 1.0887417501000558e-12
16.811424323780198 2.341877681408177e-14
16.834250447079068 2.208935036749737e-14
16.857138640139738 2.093627696266243e-14
16.88008915648111 2.4490721334574383e-14
16.90310225100459 2.246516180278663e-14
16.926178180003564 1.922013947327546e-14
16.94931720117287 2.5894955158131086e-14
16.972519573618413 2.2349361099032578e-14
16.99578555786683 2.594066408040367e-14
17.019115415875266 2.285382472774467e-14
17.042509411041145 1.3932161182691009e-12
17.065967808212157 2.4491390161112888e-14
17.089490873696196 1.2032469124941098e-12
17.11307887527147 1.950823902086006e-14
17.136732082196634 2.1949014140243254e-14
17.160450765221075 2.348868177825501e-14
17.184235196595203 2.183799980542667e-14
17.208085650080893 3.0374974357786666e-14
17.23200240096197 1.9260236453574116e-14
17.25598572605482 2.5057885762640164e-14
17.28003590371906 2.0106886233879892e-14
17.304153213868293 1.9435815435584537e-14
17.328337937981 2.0668037183417322e-14
17.352590359111467 2.2194829878165557e-14
17.37691076190082 1.94802462118657e-14
17.401299432588196 4.0204060187417337e-14
17.425756659021935 3.43212417867511e-14
17.450282730670935 1.959397949747309e-14
17.474877938636034 2.0575256091537846e-14
17.49954257566158 2.6810232779941675e-14
17.52427693614699 2.0338452471656094e-14
17.549081316158514 1.8694231991721125e-14
17.57395601344101 1.995314952886011e-14
17.59890132742987 2.3488128001761866e-14
17.62391755926305 8.186802379046078e-14
17.649005011793157 2.2786574894014712e-14
17.674163989599702 2.2173761020165007e-14
17.699394799001414 1.9945430174524307e-14
17.724697748068657 2.1639403791460647e-14
17.75007314663599 1.9532774582542958e-14
17.77552130631481 3.616242395274283e-14
17.8010425405061 2.181545011531512e-14
17.826637164413285 1.8008746875172217e-14
17.852305495055237 2.2486944788800685e-14
17.87804785127935 1.8087781811649482e-14
17.903864553774728 1.897593057199309e-14
17.92975592508552 1.8187053455698963e-14
17.95572228962435 1.8368710819117334e-14
17.981763973685858 1.893316395442674e-14
18.00788130546038 1.7936010413649978e-14
18.034074615047714 1.9684468058371944e-14
18.060344234471067 1.8457222679127715e-14
18.08669049769103 1.8070315304357114e-14
18.113113740619784 2.005031865518306e-14
18.139614301135328 1.8094290552389912e-14
18.16619251909592 1.9782335354178236e-14
18.192848736354577 1.7751791543642126e-14
18.219583296773763 1.8033935049365664e-14
18.24639654624013 1.8959337600913483e-14
18.273288832679487 1.816920187281685e-14
18.300260506071805 1.826200361782109e-14
18.327311918466417 1.8051201281764197e-14
18.354443423997356 1.741348124051261e-14
18.381655378898767 1.826901732733424e-14
18.408948141520526 1.7848534491993835e-14
18.43632207234397 2.234091710871492e-14
18.463777533997753 1.8508042856128508e-14
18.49131489127387 1.762345692122679e-14
18.51893451114382 2.2780534590577407e-14
18.546636762774884 1.993481978534009e-14
18.574422017546603 5.4529560615061026e-14
18.602290649067346 1.7037488924202297e-14
18.63024303319107 5.807715375312196e-14
18.658279548034226 1.7436219013509434e-14
18.68640057399279 2.472250771850227e-14
18.71460649375947 1.782370190966356e-14
18.74289769234108 2.889482048565212e-14
18.77127455707604 1.8041398092692137e-14
18.799737477652076 1.9607460704807568e-14
18.82828684612403 1.7334447269921546e-14
18.85692305693188 2.5390239186904553e-14
18.885646506918906 1.852397303091455e-14
18.914457595350015 1.7465401265822085e-14
18.943356723930236 2.7836560609635906e-14
18.972344296823398 1.832103767937353e-12
19.001420720670982 3.237819080564695e-14
19.030586404611107 3.2953781672398563e-14
19.059841760297754 3.031294316915097e-14
19.0891872019201 1.7525101827247792e-14
19.118623146222095 2.1945952121956625e-14
19.14815001252217 1.6743873866578222e-14
19.177768222733153 1.7295832209878446e-14
19.207478201382376 1.8442900811697195e-14
19.237280375631936 1.7106158247423203e-14
19.267175175299194 1.703107257611555e-14
19.297163032877414 1.987605985175954e-14
19.327244383556636 1.97524030512514e-14
19.35741966524472 1.9871285545218965e-14
19.3876893185886 2.0975698917824622e-14
19.41805378699573 1.7200026395051223e-14
19.448513516655744 1.686949106829528e-14
19.47906895656229 1.729466044025166e-14
19.509720558535125 1.6781807173686773e-14
19.540468777242342 1.7176518930281632e-14
19.5713140702229 2.1146610968046345e-14
19.602256897909278 1.8208046299415972e-14
19.63329772365041 2.1823899414346894e-14
19.664437013734798 1.7106950344746967e-14
19.69567523741387 1.7466617125021198e-14
19.727012866925545 1.6637733444388935e-14
19.75845037751804 1.6778301304629293e-14
19.789988247473882 2.6529578586849675e-14
19.82162695813417 2.309032285676711e-14
19.85336699392306 1.673675146414264e-14
19.885208842372503 2.006377922336979e-14
19.917152994147173 1.7996177964811363e-14
19.949199943069715 1.736910724101128e-14
19.98135018614616 1.670469292053469e-14
20.013604223591624 1.8494895408340034e-14
20.045962558856267 1.7810135682078007e-14
20.07842569865146 1.7301736509917527e-14
20.110994152976264 1.6828389268568524e-14
20.143668435144107 1.6707131274109438e-14
20.17644906180979 1.669377717269844e-14
20.209336552996675 1.9553020786753313e-14
20.24233143212422 1.6342177483521133e-14
20.275434226035735 1.67023010600666e-14
20.308645465026412 1.703316651984054e-14
20.341965682871667 1.7758686034381425e-14
20.375395416855703 1.5983146850816788e-14
20.40893520780043 1.7951005249139232e-14
20.44258560009459 1.8408737169484715e-14
20.47634714172325 1.725134209465835e-14
20.510220384297508 1.73321315054807e-14
20.54420588308456 1.757676504200888e-14
20.57830419703805 1.6728442263808167e-14
20.61251588882868 1.9545166460188316e-14
20.646841524875192 1.703203825603463e-14
20.68128167537561 1.8669407801717158e-14
20.71583691433882 1.7119400869416728e-14
20.750507819616463 1.6228927731828166e-14
20.78529497293513 1.6721847296739725e-14
20.820198959928923 1.6348263148381282e-14
20.855220370172294 1.8099064397671186e-14
20.890359797213264 1.808185752513713e-14
20.92561783860693 3.320783429941605e-14
20.96099509594936 3.0201610230172983e-14
20.996492174911797 1.704957208884408e-14
21.032109685275227 1.601656859283669e-14
21.0678482409653 1.5429070096213257e-14
21.103708460087596 1.6476459655665736e-14
21.139690964963265 2.045575508268774e-14
21.175796382165032 1.686530404363328e-14
21.21202534255355 1.5636026283178086e-14
21.24837848131416 2.927135506469309e-14
21.28485643799401 1.5646875872473588e-14
21.321459856539544 2.64725884488777e-14
21.358189385334423 1.6758580319736302e-14
21.395045677237793 1.6279482276115226e-14
21.432029389622947 2.5319101657354082e-14
21.469141184416458 1.64188407533623e-14
21.50638172813762 1.608185216735975e-14
21.54375169193839 1.570833694726721e-14
21.581251751643677 1.545967709683482e-14
21.618882587792093 1.720596081131773e-13
21.656644885677135 1.7541767063831476e-14
21.694539335388765 1.6210612382412398e-14
21.732566631855455 1.7486688895223822e-14
21.770727474886673 1.6527015455487682e-14
21.80902256921581 3.693337272596951e-14
21.847452624543543 1.534127393604595e-14
21.886018355581715 1.565667935602449e-14
21.924720482097612 1.5366621298213985e-14
21.96355972895875 1.583024281325261e-14
22.002536826178133 1.840013131078343e-14
22.04165250895999 1.8845650016214872e-14
22.080907517746002 9.572034622399826e-14
22.12030259826202 1.8340904214838245e-14
22.15983850156528 1.9420132260261936e-14
22.199515984092162 1.7607320656255545e-14
22.239335807706397 1.6696555845166546e-14
22.279298739747862 1.5055201350435232e-14
22.319405553081843 1.5345938391880426e-14
22.359657026148877 1.62174789725594e-14
22.40005394301511 1.604175523841228e-14
22.440597093423207 1.561766762923893e-14
22.481287272843826 1.500349867500583e-14
22.52212528252762 1.513868223844445e-14
22.563111929557856 1.4911532014380548e-14
22.604248026903576 1.516544119452049e-14
22.64553439347334 1.5521072979752896e-14
22.68697185416958 1.5619482304028535e-14
22.728561239943527 3.2533472702898475e-14
22.770303387850767 1.5351880285004715e-14
22.812199141107396 1.8945579242070846e-14
22.85424934914679 1.5522682297917965e-14
22.896454867677033 1.542124892658957e-14
22.938816558738942 1.492041547467443e-14
22.981335290764775 1.479814055469617e-14
23.024011938637553 2.1731292518193136e-14
23.0668473837511 1.4711293171732547e-14
23.109842514070692 1.4835733311129396e-14
23.15299822419443 1.5064453022424524e-14
23.196315415415295 1.4978960835191938e-14
23.239794995783864 1.586261444129897e-14
23.2834378801718 1.5555327619932004e-14
23.32724499033599 1.4778227656377682e-14
23.37121725498346 1.4810469994172555e-14
23.415355609836983 1.4497913383635622e-14
23.459660997701477 1.614160650752633e-14
23.504134368531123 2.2505197633912875e-14
23.548776679497244 1.8312770754554587e-14
23.593588895057017 1.85580171388113e-14
23.638571987022885 1.4362165394391394e-14
23.683726934632826 1.4194328240799514e-14
23.72905472462142 1.6090766886188947e-14
23.774556351291707 1.469418775874109e-14
23.820232816587907 1.7149379446110513e-14
23.866085130168948 1.4999366776861747e-14
23.912114309482877 1.509419410753816e-14
23.958321379842108 1.548289025919743e-14
24.004707374499556 1.4277300150274207e-14
24.051273334725654 1.760602260711115e-14
24.098020309886273 2.1345326711889387e-14
24.144949357521543 2.4756879387131265e-14
24.192061543425606 1.606861506401432e-14
24.239357941727295 1.6923249924990007e-14
24.28683963497178 1.892659379650562e-14
24.33450771420315 1.4450791059293348e-14
24.382363279047986 1.4211880664193196e-14
24.43040743779992 1.6894867428544842e-14
24.478641307505185 1.3502501546164388e-14
24.527066014049215 1.5472098477610118e-14
24.575682692244207 1.6007271820428438e-14
24.62449248591781 1.3613998958155854e-14
24.673496548002802 1.383935876550106e-14
24.72269604062789 2.0961663828692553e-14
24.77209213520956 8.706082590749028e-14
24.821686012545076 1.3979162006292497e-14
24.87147886290652 1.8431321092072136e-14
24.921471886136075 1.4959945202680263e-14
24.971666291742373 2.23944078858578e-14
25.022063298998027 1.495838889822656e-14
25.07266413703838 1.5301597310871173e-14
25.123470044961426 1.3450176554222099e-14
25.174482271928937 1.4218653698330143e-14
25.22570207726887 1.3302481797556322e-14
25.277130730578975 1.3053524001273483e-14
25.328769511831712 1.3502495126886957e-14
25.380619711480424 1.397176810730666e-14
25.432682630566852 1.300812297949347e-14
25.484959580829955 1.671364535063338e-14
25.53745188481607 1.7646730105493603e-14
25.59016087599044 1.468357681944087e-14
25.643087898850144 1.392394483855476e-14
25.696234309038413 1.7838807904654648e-14
25.74960147346036 1.50075579014995e-14
25.803190770400192 1.5341930864464038e-14
25.857003589639856 1.4751348064116586e-14
25.911041332579185 1.3903989837162561e-14
25.96530541235755 1.528447551674424e-14
26.01979725397705 1.884384192263329e-14
26.07451829442723 1.2509284765531713e-14
26.129469982811443 1.3371687782421836e-14
26.184653780474733 1.2565534482219362e-14
26.240071161133393 1.2482538260383812e-14
26.295723611006135 1.5355694445517286e-14
26.351612628946995 1.6410328474775425e-14
26.40773972657985 1.2859529059737052e-14
26.464106428434732 1.3588004359078792e-14
26.520714272085854 1.2840927158803974e-14
26.577564808291417 1.3500685093309687e-14
26.634659601135244 1.3873307649735982e-14
26.69200022817017 1.4136015592426558e-14
26.7495882805634 1.2388335429847376e-14
26.807425363243645 1.3130094201607887e-14
26.86551309505027 1.3014897861341077e-14
26.923853108884263 1.2497250309010513e-14
26.982447051861307 1.7784933309051664e-14
27.041296585466775 2.1170381802780088e-14
27.100403385712763 1.2113956454811368e-14
27.15976914329723 1.2702017532929738e-14
27.21939556376516 1.2630979342332284e-14
27.279284367671956 1.1798709447276601e-14
27.33943729074888 1.277103840320277e-14
27.39985608407078 1.3298084889907288e-14
27.46054251422599 1.9572521457874253e-14
27.521498363488526 1.4096183725335415e-14
27.582725429992557 1.258645290033025e-14
27.644225527909224 1.3307116148523778e-14
27.70600048762582 1.1703418275667891e-14
27.768052155927386 1.4190009871712146e-14
27.830382396180763 1.2237998510600371e-14
27.892993088521088 1.414534225170916e-14
27.95588613004086 1.5128332827246954e-14
28.019063434981547 1.2384370860214616e-14
28.082526934927795 1.1893719420021889e-14
28.146278579004306 1.1877460193679199e-14
28.210320334075362 1.3388589101628193e-14
28.274654184947092 1.2279030779914683e-14
28.339282134572564 1.688886775373504e-14
28.404206204259633 1.3318020383001146e-14
28.469428433881664 2.2743779654526757e-14
28.53495088209119 1.2331085587582876e-14
28.60077562653652 1.1133750972676568e-14
28.666904764081323 1.1479804504658854e-14
28.73334041102731 1.1152561679877024e-14
28.80008470333997 1.3038732514560275e-14
28.867139796877524 1.1653508166518544e-14
28.93450786762301 1.3130661714489945e-14
29.002191111919704 1.1362394850257671e-14
29.070191746709746 1.1489741220357325e-14
29.138512009776285 1.5603205770454273e-14
29.207154159988878 1.4146798487524293e-14
29.276120477552503 1.1059667995332353e-14
29.345413264260007 1.1104474714058065e-14
29.415034843748224 1.1467723348990468e-14
29.484987561757706 1.2414183784029822e-14
29.555273786396164 1.432773022736332e-14
29.625895908405735 1.2115172295098042e-14
29.69685634143401 1.0904061667003777e-14
29.768157522309057 1.0748517150952351e-14
29.839801911318332 1.2938730538350338e-14
29.911791992491683 1.0513641319597435e-14
29.98413027388846 1.1109564911677176e-14
30.05681928788874 1.0843347925706638e-14
30.12986159148889 1.0406086697536934e-14
30.203259766601366 1.0450687965826375e-14
30.277016420358976 1.039862926132028e-14
30.351134185423536 1.1084454916631085e-14
30.425615720299156 2.3380615831862445e-14
30.50046370965007 1.6597262983102647e-14
30.575680864623223 1.0383494525730189e-14
30.651269923175633 1.0335911086853913e-14
30.727233650406585 1.0813581491438408e-14
30.80357483889484 1.0652344837077874e-14
30.88029630904081 1.0889812914565227e-14
30.95740090941394 1.0733243016296675e-14
31.034891517105248 1.3438598707668226e-14
31.112771038085146 1.0353913748618505e-14
31.19104240756678 1.0116869158229169e-14
31.269708590374762 1.0299035812307389e-14
31.3487725813195 1.1058074600329435e-14
31.42823740557731 1.0106078013228016e-14
31.508106119076196 9.85849756440184e-15
31.588381808887654 9.628453749400365e-15
31.669067593624387 1.0751024264019687e-14
31.750166623844166 9.967584988736343e-15
31.831682082459935 9.721106560095607e-15
31.91361718515621 1.1313686422142969e-14
31.995975180811932 1.1835362310731593e-14
32.07875935192993 1.0513373117164952e-14
32.16197301507299 1.2610619336261848e-14
32.2456195213068 1.2996461392989839e-14
32.32970225664979 9.532470329689702e-15
32.41422464253002 1.9172626913505468e-14
32.49919013624931 1.1260989856643211e-14
32.584602231454596 2.4810139038906964e-14
32.67046445861684 1.0728862592715307e-14
32.75678038551742 9.437497267165255e-15
32.84355361774239 1.0761690558131029e-14
32.93078779918447 1.227916022402517e-14
33.018486612553176 1.0308762433626267e-14
33.10665377989303 9.255352441462922e-15
33.195293063110185 9.540563963205941e-15
33.28440826450746 1.119861347563973e-14
33.37400322732804 1.369440949732872e-14
33.46408183630799 1.0023832986186603e-14
33.55464801823773 1.6308170723395374e-14
33.64570574253267 1.0664184464987996e-14
33.73725902181315 5.4607506716010624e-14
33.829311912493836 1.1761572097824474e-14
33.92186851538287 1.1108182053799737e-14
34.01493297629081 9.255377234064712e-15
34.108509486649695 8.976242903949212e-15
34.20260228414225 8.820394859782526e-15
34.297215653341674 9.26326343465514e-15
34.39235392636194 9.658263315847673e-15
34.48802148351901 1.0022447856193431e-14
34.584222754003186 8.950199640822273e-15
34.680962216562584 1.0134475627382928e-14
34.77824440019826 8.745870609084009e-15
34.876073884871 1.0049893459076268e-14
34.97445530222008 9.238180872701026e-15
35.07339333629421 1.1999131983492399e-14
35.17289272429498 8.873952355443963e-15
35.272958257332924 1.0786301734366305e-14
35.37359478119656 8.76297326182898e-15
35.474807197134645 9.066269953627162e-15
35.57660046265189 1.0014483804853398e-14
35.67897959231837 9.879279655620454e-15
35.781949658593035 9.020153152342115e-15
35.88551579266145 8.441541674453962e-15
35.98968318528815 9.816009791881913e-15
36.09445708768389 8.56281087778154e-15
36.19984281238809 8.218240682004426e-15
36.30584573416677 8.581799293444287e-15
36.41247129092632 1.0487320053840122e-14
36.51972498464339 9.760475448333603e-15
36.627612382311334 9.277201392553102e-15
36.73613911690339 1.6137880518811494e-14
36.8453108883531 1.0101338800962864e-14
36.95513346455221 8.754683502306058e-15
37.065612682366584 8.567722617553381e-15
37.17675444867021 9.675651091797757e-15
37.288564741398005 8.85788416170662e-15
37.401049610617676 7.93326101097007e-15
37.514215179620955 8.798800230949086e-15
37.62806764603479 8.418053731666649e-15
37.74261328295275 1.1562429235990076e-14
37.85785844008724 8.696962847201967e-15
37.973809544942846 8.14276719391552e-15
38.0904731040113 7.839265076922879e-15
38.20785570398858 7.795341131204367e-15
38.325964013014534 7.962551197521058e-15
38.44480478193564 7.566124296738645e-15
38.5643848455912 7.805012677219304e-15
38.68471112412381 7.897402828626895e-15
38.805790624314234 7.824143319043861e-15
38.9276304409416 7.83308904137946e-15
39.05023775816913 7.72610899648443e-15
39.17361985095633 7.216366193929508e-15
39.29778408649787 7.467940130557618e-15
39.42273792569 7.360905469996497e-15
39.54848892462503 7.203263254217217e-15
39.67504473611451 7.634224371059322e-15
39.802413111241634 9.895987375958631e-15
39.93060190094386 7.264791218476796e-15
40.05961905762604 7.398322466369406e-15
40.18947263680492 1.426671070549528e-14
40.32017079878588 7.98534396914591e-15
40.451721810372334 7.928555422967201e-15
40.58413404660878 7.789136240034505e-15
40.717415992558216 7.686342397039134e-15
40.85157624511462 1.3458601272783623e-14
40.98662351485146 1.0698479045021736e-14
41.12256662790695 7.227464717031677e-15
41.259414527906955 7.060811115512562e-15
41.3971762779264 7.189054475303542e-15
41.535861062490156 7.251229041111668e-15
41.675478189614246 6.917149790249718e-15
41.81603709288832 6.612008569228238e-15
41.95754733360053 7.835448556591073e-15
42.10001860290554 6.44268745594007e-15
42.243460724037035 8.853567614098545e-15
42.38788365456541 6.6024438881631714e-15
42.53329748870214 6.805824540392683e-15
42.6797124596516 6.604628496934358e-15
42.82713894201167 6.5814171005992425e-15
42.97558745422432 6.405122792490931e-15
43.125068661077215 6.431533889998459e-15
43.275593376257866 7.187241539726513e-15
43.42717256496133 7.000476353997042e-15
43.57981734655298 6.4226902346829625e-15
43.73353899728759 7.947785280639324e-15
43.888348953086215 6.564276022011404e-15
44.044258812372206 1.0568998861050217e-14
44.20128033896795 1.3195554992145715e-14
44.35942546505375 6.980433097662778e-15
44.51870629419043 5.9968695992134915e-15
44.67913510440743 5.942543823860011e-15
44.84072435135769 6.164010072847485e-15
45.00348667154148 5.9156025867754976e-15
45.16743488560051 5.94728307587334e-15
45.33258200168442 5.9660947977160045e-15
45.498941218891375 7.579288571830081e-15
45.66652593078465 8.922293351355664e-15
45.83534972898727 5.884611616691227e-15
46.00542640685665 5.724399789771426e-15
46.17676996324139 7.76952636789416e-15
46.3493946063223 7.106676032163645e-15
46.52331475753989 6.419161238276707e-15
46.6985450556107 1.2071136535388286e-14
46.875100360634626 7.091743176622563e-15
47.052995758295864 6.0950924146483816e-15
47.23224656415985 6.049912120215851e-15
47.41286832806877 5.4331144695710565e-15
47.59487683863835 5.7058907796816126e-15
47.7782881278586 5.451196805074078e-15
47.96311847580135 5.612499900356387e-15
48.149384415437495 5.281560194505263e-15
48.33710273756686 5.642532356710689e-15
48.52629049586395 5.640920663770528e-15
48.71696501204259 5.1735747577433e-15
48.9091438811428 5.741705183694096e-15
49.102844976943324 5.891746120434282e-15
49.298086457503295 6.5614924685605446e-15
49.49488677083663 5.401691774217507e-15
49.69326466072287 5.219701843313749e-15
49.89323917265835 6.243030872787524e-15
50.09482965995165 5.4590099892971395e-15
50.29805578996738 1.3514149677239591e-14
50.50293755052262 9.963940005179176e-15
50.70949525644024 6.2640269968874246e-15
50.91774955626389 5.839478054944805e-15
51.12772143913884 5.6395951363390035e-15
51.3394322418641 4.975967040379668e-15
51.5529036561203 4.7774416276470175e-15
51.76815773587863 4.6979453017871255e-15
51.98521690499628 4.678902595972025e-15
52.204103965003696 5.116433742127582e-15
52.424842103089425 4.980574635286626e-15
52.647454900288466 5.56735880890145e-15
52.87196633987995 6.272609443980078e-15
53.09840081600085 4.8742571501037614e-15
53.326783142481844 4.669756977470569e-15
53.55713856191219 4.492611994295161e-15
53.78949275494069 4.458211324573761e-15
54.023871849819606 9.115283246839284e-15
54.26030243219947 4.454295673090859e-15
54.49881155518198 4.473295475361748e-15
54.739426749639364 1.3121175456716071e-14
54.98217603480823 4.807932384687441e-15
55.227087929166636 4.2985431150070225e-15
55.474191461603105 4.1829952768746045e-15
55.72351618288689 4.342636879453605e-15
55.97509217744891 4.39680094553567e-15
56.22895007548331 4.294437181509028e-15
56.48512106537979 4.107282752707605e-15
56.74363690649739 4.293055688455604e-15
57.00452994229059 4.009690889989694e-15
57.26783311379925 4.109934345764193e-15
57.53357997351417 4.0815965189358595e-15
57.80180469963048 6.5841649655147814e-15
58.07254211070156 4.027971136542719e-15
58.34582768070685 4.118465354173434e-15
58.621697554547055 3.8771291200843286e-15
58.900188563981004 4.2473657079174406e-15
59.1813382440191 4.340270475746103e-15
59.46518484978834 5.266864243048436e-15
59.751767373885144 3.795189787157033e-15
60.04112556423242 3.711645750843137e-15
60.333299942457934 3.594827994551672e-15
60.628331822812015 3.818516888736699e-15
60.92626333164297 3.607057580549766e-15
61.22713742744961 3.70880169690298e-15
61.530997921530926 3.5565263315908304e-15
61.837889499253706 3.5700984920964425e-15
62.147857741959776 3.523771223315377e-15
62.46094914953553 3.4021580675379825e-15
62.777211163667104 7.1051326991693396e-15
63.09669219180562 3.9729765023457015e-15
63.4194416318681 4.6450740417235384e-15
63.74550989770021 1.0689141971078795e-14
64.07494844532876 3.932367042230732e-15
64.40780980003235 3.2098112313137036e-15
64.74414758426045 3.2821845338431217e-15
65.08401654643149 3.1558341416277288e-15
65.42747259064325 3.61737220959997e-15
65.77457280732858 4.180890162568065e-15
66.12537550489245 7.272392474072042e-15
66.47994024236671 9.09389018773602e-15
66.83832786312115 3.0400779507949027e-15
67.20060052967094 3.2437920048175154e-15
67.56682175962221 3.224256871356418e-15
67.93705646279946 3.2125940626045486e-15
68.31137097960047 2.8503539401485973e-15
68.68983312062612 2.941179268542608e-15
69.07251220763497 2.870693073806169e-15
69.45947911587467 2.7790541773154e-15
69.85080631784419 5.125428478314795e-15
70.24656792854388 2.8716158950122438e-15
70.6468397522727 2.8159937797718207e-15
71.05169933103444 2.6879459110761e-15
71.46122599461826 2.8939105972405803e-15
71.87550091242099 2.653103683179597e-15
72.29460714708279 2.596505387779236e-15
72.71862971001029 2.5390245984737576e-15
73.14765561886526 2.573336850232563e-15
73.58177395710055 3.482768296205084e-15
74.02107593562872 2.456943831384213e-15
74.46565495671305 2.7634224985848733e-15
74.91560668017522 2.5761302644867173e-15
75.37102909201771 2.5094833380571493e-15
75.83202257556484 2.9999737688116266e-15
76.2986899852306 3.1354930676118804e-15
76.77113672302734 2.6510950857659517e-15
77.24947081793475 2.2949651268726122e-15
77.73380300825468 2.3741803953748188e-15
78.2242468270838 2.377814152406156e-15
78.72091869104246 2.2187058246762445e-15
79.22393799240565 2.1921788154647995e-15
79.73342719478906 2.1302738789704926e-15
80.24951193255129 2.2348112140953445e-15
80.77232111408196 2.1952010947745945e-15
81.30198702915375 2.113513783554682e-15
81.83864546052628 2.185898669327392e-15
82.38243579999997 1.999448734922775e-15
82.9335011691275 2.371558460034208e-15
83.49198854480316 2.0724773747736145e-15
84.05804888996137 1.9579010225098134e-15
84.63183728962815 1.8747340590462234e-15
85.21351309258381 1.822835369422398e-15
85.80324005890802 1.8936573804729317e-15
86.40118651369461 1.8469130305761526e-15
87.00752550723921 1.7611744035315386e-15
87.62243498201974 1.891895654533472e-15
88.24609794680848 3.0896977273300262e-15
88.87870265827335 1.9038066298159247e-15
89.52044281044726 1.7682105387626136e-15
90.17151773246586 1.9464014559254076e-15
90.83213259499783 2.142866424906435e-15
91.50249862581697 2.310082875134811e-15
92.18283333499168 2.4322199694446304e-15
92.87336075019637 1.565430046381112e-15
93.57431166267939 6.963352892096733e-15
94.28592388445522 1.5913130168440476e-15
95.00844251732235 1.426748495542463e-15
95.74212023434703 1.787804203307914e-15
96.48721757449125 1.5329990381099092e-15
97.24400325110726 1.399884202045952e-15
98.01275447506559 2.8417473571983725e-15
98.79375729333331 1.4588205696245304e-15
99.58730694387096 1.3246495755993363e-15
100.39370822777339 1.8370295129767006e-15
101.21327589964012 1.930107446329011e-15
102.04633507722528 3.715847368647118e-15
102.89322167148758 1.8013515262936965e-15
103.75428283823527 2.5486784297422615e-15
104.62987745264205 1.1614784681665644e-15
105.5203766079965 1.1080896415166674e-15
106.42616414014145 1.5744348234994802e-15
107.34763717916039 1.086908436959706e-15
108.28520672997709 2.614654066353686e-15
109.23929828365159 1.113301837832775e-15
110.21035246128316 1.3838890316500723e-15
111.19882569256755 9.548203837794684e-16
112.20519093120393 1.5496968630719818e-15
113.2299384095079 1.0919538906494321e-15
114.27357643476043 2.4872588360578577e-15
115.33663223001035 9.477158554158714e-16
116.41965282225355 1.2087024687215772e-15
117.52320598113208 1.0090543290572329e-14
118.64788121153846 1.6647606004942318e-15
119.79429080377145 1.0414601048105367e-15
120.96307094517418 8.750510611105002e-16
122.15488289749563 1.800912518947302e-15
123.37041424455447 8.896933039926286e-16
