WAVELENGTH FLUX
5.000441551208496 4.866490486467899e-18
5.002439022064209 4.878985049620512e-18
5.0044379234313965 4.891445698368011e-18
5.006438732147217 4.904410927289167e-18
5.008440971374512 4.929190363309112e-18
5.010444641113281 4.985993269563435e-18
5.012449741363525 5.06855003059929e-18
5.014456748962402 5.000975991998608e-18
5.016465663909912 4.9719345078724834e-18
5.018475532531738 5.1613059285879234e-18
5.020487308502197 5.098937751172344e-18
5.022500991821289 5.0377975233760994e-18
5.0245161056518555 5.058084955079575e-18
5.0265326499938965 6.229112554152014e-18
5.02855110168457 5.807803411989462e-18
5.030570983886719 5.107774108065942e-18
5.032592296600342 5.083857835015196e-18
5.034615516662598 5.691529942005333e-18
5.036640167236328 8.364470206470917e-18
5.038666725158691 9.479264164986593e-17
5.040694713592529 2.630651069239117e-17
5.042724132537842 5.989915247494953e-17
5.044755458831787 1.4554975759893244e-17
5.046788692474365 1.6255071801067356e-17
5.048823356628418 6.125714481274518e-17
5.050859451293945 5.249957769967375e-18
5.0528974533081055 5.258593535562429e-18
5.05493688583374 5.2832948030144874e-18
5.05697774887085 7.959810969268138e-18
5.059020519256592 1.0423768601465569e-17
5.061065196990967 2.016049587539562e-17
5.063111305236816 2.1153584103408408e-17
5.065158843994141 2.3095266514284757e-17
5.067208290100098 4.042384007943363e-17
5.0692596435546875 8.394869093982241e-18
5.071312427520752 7.427882550198563e-18
5.073366641998291 5.9634845935362295e-18
5.075422763824463 5.740344351493925e-18
5.077480316162109 5.7809051528304625e-18
5.079539775848389 5.867239647723847e-18
5.081601142883301 5.504274449296804e-18
5.083663463592529 1.651912935929021e-17
5.085728168487549 2.1095702967225622e-17
5.087794303894043 1.8532855892797477e-17
5.089861869812012 5.508177087426829e-18
5.091931343078613 2.3418666009652164e-17
5.094002723693848 5.4055471344661496e-18
5.096075534820557 5.4173902928863776e-18
5.09814977645874 8.72594681066761e-17
5.100225925445557 6.962386660484347e-18
5.102303981781006 1.763438686982116e-16
5.10438346862793 5.460520317205505e-18
5.106464862823486 5.4582004891776e-18
5.108547687530518 5.4716388654091365e-18
5.110632419586182 5.488080320854547e-18
5.1127190589904785 5.508829732930133e-18
5.11480712890625 5.5221047409906904e-18
5.116897106170654 5.5278664675474286e-18
5.118988513946533 5.5422461753160504e-18
5.121081829071045 5.7411367905207506e-18
5.123176574707031 6.102493949836991e-18
5.12527322769165 6.750489043737557e-18
5.127371788024902 9.293370046130203e-18
5.129471778869629 6.5674592031882545e-18
5.131573677062988 6.8680218962042975e-18
5.133677005767822 9.581069253440434e-18
5.135782241821289 6.8991375357163985e-18
5.137889385223389 5.7515245246531915e-18
5.139997959136963 5.683610101230444e-18
5.14210844039917 5.690871919828047e-18
5.144220352172852 6.016872898221933e-18
5.146334648132324 7.036799828389617e-18
5.148449897766113 5.887077093174094e-18
5.150567531585693 5.742436704853378e-18
5.152686595916748 5.756985984647573e-18
5.1548075675964355 5.774658284844462e-18
5.156929969787598 5.7838772127713655e-18
5.159054279327393 5.794580102717189e-18
5.16118049621582 6.1691369966582444e-18
5.163308620452881 7.884745983040176e-18
5.165438175201416 6.1821679864380986e-18
5.167569637298584 5.8637894773888884e-18
5.169702529907227 5.86148784733446e-18
5.171837329864502 5.8732172684204616e-18
5.17397403717041 5.9787531068730396e-18
5.176112651824951 6.4742409112372036e-18
5.178252696990967 6.046536835759004e-18
5.180394649505615 6.07178486959596e-18
5.1825385093688965 6.110568473386427e-18
5.1846842765808105 6.168123286817561e-18
5.186831474304199 9.871435291045536e-18
5.188980579376221 6.276839634725405e-18
5.191131591796875 5.985922281242037e-18
5.193284034729004 5.996186765463207e-18
5.195438385009766 6.007959613531368e-18
5.19759464263916 6.0225105476867885e-18
5.1997528076171875 6.036193355789334e-18
5.2019124031066895 6.05041383129004e-18
5.204073905944824 6.065078502779686e-18
5.206237316131592 6.1541021618444806e-18
5.208402633666992 7.231561157976453e-18
5.210569858551025 6.6226338044067665e-18
5.212738513946533 8.039495759217209e-18
5.214909076690674 6.873494523136948e-18
5.217081546783447 6.320804697872905e-18
5.2192559242248535 6.315119899113134e-18
5.221431732177734 8.012418829045898e-18
5.223609447479248 1.1660564917451793e-17
5.2257890701293945 6.29710266460081e-18
5.227970600128174 6.244434007048028e-18
5.230154037475586 6.244624258588915e-18
5.232339382171631 6.272072179264956e-18
5.23452615737915 6.28998270747826e-18
5.236714839935303 6.289534789176563e-18
5.238905429840088 6.296339176895424e-18
5.241097927093506 6.3098478634790274e-18
5.243292331695557 6.325115963225531e-18
5.24548864364624 6.340920489599276e-18
5.247686386108398 6.357023628174152e-18
5.249886512756348 6.373132143423009e-18
5.2520880699157715 6.389425533538773e-18
5.254291534423828 6.4054744917835265e-18
5.256496906280518 6.42143576888335e-18
5.25870418548584 6.438016190671669e-18
5.260913372039795 6.4547649437146426e-18
5.263123989105225 6.471515351118841e-18
5.265336990356445 6.488838167506927e-18
5.267551422119141 6.507174693735696e-18
5.269767761230469 6.5229568862329016e-18
5.271986484527588 6.538962831085803e-18
5.274206638336182 6.557197614099228e-18
5.276428699493408 6.574911686917051e-18
5.278652667999268 6.590377069239649e-18
5.28087854385376 6.604731961589894e-18
5.283106327056885 9.331759498358789e-18
5.285336017608643 1.9473141873588555e-17
5.287567615509033 6.888345310264419e-18
5.289800643920898 6.792574752533336e-18
5.292036056518555 6.692339073855691e-18
5.294273376464844 6.715707339750621e-18
5.296512126922607 6.760186082058516e-18
5.298753261566162 6.790838500427587e-18
5.30099630355835 6.77968727858976e-18
5.303240776062012 6.783298749144166e-18
5.305487632751465 6.8146766049104465e-18
5.307735919952393 6.8421278343089375e-18
5.309986591339111 6.8388910765720175e-18
5.312238693237305 6.856985652471615e-18
5.314493179321289 6.875409859845315e-18
5.316749572753906 6.898264860170155e-18
5.319007396697998 6.921446596836954e-18
5.321267604827881 6.931618436829518e-18
5.323529243469238 6.966329830464387e-18
5.325793266296387 7.005042710312481e-18
5.328059196472168 6.996649308636906e-18
5.330327033996582 7.002692690192218e-18
5.332596778869629 7.026335166460209e-18
5.33486795425415 7.053389762754981e-18
5.337141513824463 7.057208855643138e-18
5.339416980743408 7.074770727228251e-18
5.341694355010986 7.091450824280383e-18
5.3439741134643555 7.109060672341025e-18
5.346255302429199 7.128241336384904e-18
5.348538398742676 7.152819353925692e-18
5.350823879241943 7.174070451042792e-18
5.3531107902526855 7.180101424888916e-18
5.355400085449219 7.19656480062056e-18
5.357690811157227 7.213813170753515e-18
5.359983921051025 7.231088010666072e-18
5.362278938293457 7.248253662737773e-18
5.3645758628845215 7.266032255643375e-18
5.366875171661377 7.285090496956597e-18
5.369175910949707 7.302281791627286e-18
5.37147855758667 7.327207225025347e-18
5.373783588409424 7.33635501541957e-18
5.3760905265808105 7.356060111971809e-18
5.37839937210083 7.369657306880956e-18
5.380710124969482 7.389258178676012e-18
5.383022785186768 7.404872867099176e-18
5.3853373527526855 7.420165782264056e-18
5.3876543045043945 7.436630812356924e-18
5.389973163604736 7.452541631439382e-18
5.392293930053711 7.699877733579475e-18
5.394616603851318 9.19336970033683e-18
5.396941184997559 9.3537691200976e-18
5.39926815032959 8.03885800296493e-18
5.401597023010254 7.584425653943611e-18
5.403927803039551 4.2652999186035436e-17
5.4062604904174805 7.977467966623695e-18
5.408595085144043 7.674846421063008e-18
5.4109320640563965 7.599163530917468e-18
5.413270950317383 7.615275354888776e-18
5.415611743927002 7.631340029565169e-18
5.417954444885254 7.64745929816199e-18
5.420299530029297 7.665179988424713e-18
5.422646522521973 7.685787539025247e-18
5.424995422363281 7.74652244832134e-18
5.427346706390381 8.352949234899279e-18
5.429699420928955 1.2762102314034572e-17
5.43205451965332 1.1855044178449748e-17
5.434412002563477 7.791160422897152e-18
5.436770915985107 7.798351931142688e-18
5.439132213592529 7.816631795499497e-18
5.441495418548584 7.835595738222888e-18
5.44386100769043 7.855082459093412e-18
5.44622802734375 7.908881458953248e-18
5.4485979080200195 8.530041159421369e-18
5.450969219207764 1.3617969550230938e-17
5.453342914581299 2.6112083543771805e-17
5.455718517303467 1.284470870590718e-17
5.458096027374268 8.413358235034026e-18
5.460475921630859 8.011521338081278e-18
5.462857723236084 8.003997303229496e-18
5.4652419090271 8.02523351109557e-18
5.467628002166748 8.042265159908037e-18
5.470016002655029 8.05920168295006e-18
5.472406387329102 8.077266480347605e-18
5.474798679351807 8.09527585664411e-18
5.4771928787231445 8.113377049988608e-18
5.479589462280273 8.13181986892609e-18
5.481987953186035 8.150861566627061e-18
5.484388828277588 8.181944532504966e-18
5.486791610717773 8.215879617134954e-18
5.489196300506592 8.220685536493887e-18
5.491603374481201 8.247146217108846e-18
5.494012355804443 8.261013072897685e-18
5.496423721313477 8.2627997830208e-18
5.498836994171143 8.283667068333675e-18
5.5012526512146 8.303115738896021e-18
5.5036702156066895 9.802561751702533e-18
5.506089687347412 9.730856773122761e-18
5.508511543273926 8.357129805715122e-18
5.5109357833862305 8.376855581782674e-18
5.513361930847168 8.396628507145141e-18
5.515789985656738 8.416279836957563e-18
5.5182204246521 8.435825287651579e-18
5.520652770996094 8.45549233389564e-18
5.523087501525879 8.47713551462309e-18
5.525524616241455 8.499781238252954e-18
5.527963161468506 8.522351688447076e-18
5.530404567718506 8.556721870079267e-18
5.532847881317139 8.588924011325956e-18
5.535293102264404 8.596797943576848e-18
5.537740707397461 8.946184972248834e-18
5.540190696716309 1.154761092326584e-17
5.542642593383789 2.5414705767301823e-17
5.5450968742370605 8.742344508258616e-18
5.547553062438965 8.700102048736758e-18
5.55001163482666 8.721821330080563e-18
5.552472114562988 8.74361588486011e-18
5.554934978485107 9.312486190086304e-18
5.557399749755859 1.0692808268517829e-17
5.5598673820495605 1.2557935113702396e-17
5.562336444854736 4.5692937568004565e-17
5.564808368682861 1.9405304791553082e-17
5.567281723022461 1.085813603036819e-17
5.56975793838501 9.456516532705262e-18
5.572236061096191 8.945098056923939e-18
5.574716567993164 8.944342013844066e-18
5.5771989822387695 8.966493083467623e-18
5.579683780670166 8.988563916571763e-18
5.5821709632873535 9.010561130601386e-18
5.584660053253174 9.032494651723842e-18
5.587151527404785 9.054335528617692e-18
5.5896453857421875 9.076135873661527e-18
5.592141151428223 9.09797757773599e-18
5.594639301300049 9.120409061587203e-18
5.597139835357666 9.142908374248645e-18
5.599642276763916 9.165233151800839e-18
5.602147102355957 9.192013124132243e-18
5.604654312133789 9.226784488361522e-18
5.607163906097412 9.233746040396768e-18
5.609675407409668 9.25407731267271e-18
5.612189292907715 9.276100169301321e-18
5.6147050857543945 9.29808993870543e-18
5.617223739624023 9.320016842382986e-18
5.619744300842285 9.3418618551799e-18
5.622267246246338 9.36362497709617e-18
5.624792098999023 9.385330196369561e-18
5.627319812774658 9.406984130444974e-18
5.629849433898926 9.42855782800097e-18
5.632381439208984 9.450050461856935e-18
5.634915828704834 9.471462859193483e-18
5.637452125549316 9.492793365649387e-18
5.63999080657959 9.5140452899471e-18
5.642531871795654 9.535217804906007e-18
5.64507532119751 9.556318355151622e-18
5.647621154785156 9.577749777642259e-18
5.6501688957214355 9.60140548880005e-18
5.652719497680664 9.619838381570182e-18
5.655272006988525 9.639947142261346e-18
5.657826900482178 9.660658917619061e-18
5.660384178161621 9.681290456457359e-18
5.662943363189697 9.702543207935684e-18
5.665505409240723 9.727009556093777e-18
5.668069362640381 9.751899420725498e-18
5.670636177062988 9.776704912934738e-18
5.6732048988342285 9.801418588095985e-18
5.67577600479126 9.826041273389851e-18
5.678349494934082 9.853024732151943e-18
5.680925369262695 1.2781246747567621e-16
5.683503150939941 9.910620491023398e-18
5.686083793640137 1.0021298911344218e-17
5.688666820526123 1.1535271042887774e-17
5.691251754760742 1.0554767540714367e-17
5.693839073181152 9.997816908115063e-18
5.696429252624512 1.0022341158916035e-17
5.699021339416504 1.0046777728572077e-17
5.701615810394287 1.0071091048316848e-17
5.704212665557861 1.0095320822819751e-17
5.706812381744385 1.0119468706442011e-17
5.709414005279541 1.0143536353544854e-17
5.712018013000488 1.0167513010780316e-17
5.714624404907227 1.0191400332509623e-17
5.717233180999756 1.0215199973093998e-17
5.719844341278076 1.0238980588524285e-17
5.7224578857421875 1.0262560199065722e-17
5.72507381439209 1.028604302947549e-17
5.727692127227783 1.0309479537770955e-17
5.730312824249268 1.0332827537740877e-17
5.732936382293701 1.0356478285814993e-17
5.735561847686768 1.0381102625470084e-17
5.738189697265625 1.0436844672588807e-17
5.740819931030273 1.0452432891232369e-17
5.743453025817871 1.0456543151696145e-17
5.746088027954102 1.0482161762447525e-17
5.748725891113281 1.0507429648619182e-17
5.751365661621094 1.0533383267518646e-17
5.7540082931518555 1.0560533816764474e-17
5.756653308868408 1.1224635771552672e-17
5.759300231933594 1.9668639393920563e-17
5.7619500160217285 1.448247668792542e-17
5.764602184295654 1.4558906522164096e-17
5.767257213592529 1.3144718015093425e-17
5.769914150238037 1.227484164804286e-17
5.772573471069336 1.358796440069119e-17
5.775235652923584 1.2061860838283931e-17
5.777900218963623 1.0794454703730182e-17
5.780567169189453 1.081532943366857e-17
5.783236503601074 1.1095564163131123e-17
5.785908222198486 1.1750161812681087e-17
5.788582801818848 1.2075874105041192e-17
5.791259288787842 1.3796932557298623e-17
5.793938636779785 1.5508478432511695e-17
5.7966203689575195 2.1774859609162286e-17
5.799304485321045 1.496398183121499e-17
5.8019914627075195 1.1107526021969252e-17
5.804680347442627 1.3209906464807504e-17
5.807372093200684 3.224683877826928e-17
5.8100666999816895 1.425105967667391e-17
5.812763214111328 1.1185801296154533e-17
5.815462589263916 1.4274175404327828e-16
5.818163871765137 2.19181885026218e-17
5.820868492126465 1.2105866846871753e-17
5.823575019836426 1.155595386692405e-17
5.826284408569336 1.1934049853115913e-17
5.828996181488037 1.1325080313334987e-17
5.831710338592529 1.2797116042183329e-17
5.834427356719971 2.1726138671082912e-17
5.837146759033203 1.8465430746707055e-17
5.839868545532227 1.1738998183134071e-17
5.842592716217041 1.1397115336979167e-17
5.845319747924805 1.1423775368121751e-17
5.848049640655518 1.1450394040233707e-17
5.850781440734863 1.3467668351388215e-17
5.853516101837158 1.6286206879323852e-17
5.856253147125244 1.4261755121994222e-17
5.858993053436279 1.1843291596306595e-17
5.8617353439331055 1.1846751692808904e-17
5.864480495452881 1.1664896862319734e-17
5.867228031158447 1.1748538884319258e-17
5.869977951049805 1.171558235435392e-17
5.872730255126953 1.1760347714744065e-17
5.875485420227051 1.192763672182679e-17
5.878243446350098 1.1935757153900222e-17
5.8810038566589355 1.27783406966396e-17
5.8837666511535645 1.319342654546361e-17
5.886532306671143 1.1997956172880535e-17
5.889300346374512 1.185628577654919e-17
5.89207124710083 1.188256199588755e-17
5.8948445320129395 1.1908896117868788e-17
5.897620677947998 1.1936263388435105e-17
5.900399208068848 1.1962571867817354e-17
5.9031805992126465 1.1986914966064177e-17
5.905964374542236 1.2013120047869857e-17
5.908751010894775 1.2038421021266016e-17
5.9115400314331055 1.2064128967523552e-17
5.914331436157227 1.2090078450519953e-17
5.917126178741455 1.2115592836514151e-17
5.919922828674316 1.2143343918884693e-17
5.922722816467285 1.2169085779547343e-17
5.925525188446045 1.2202107656781072e-17
5.928329944610596 1.22276898715855e-17
5.931137561798096 1.2258427075967358e-17
5.933948040008545 1.2290326469109853e-17
5.936760902404785 1.2323388051012985e-17
5.939576625823975 1.2351424510694857e-17
5.942394733428955 1.237181782151674e-17
5.945215702056885 1.2391145723709653e-17
5.948039531707764 1.2419745493388674e-17
5.950865745544434 1.245123046904428e-17
5.953694820404053 1.248258392298249e-17
5.956526279449463 1.2513826534718618e-17
5.9593610763549805 1.2544957477072051e-17
5.962197780609131 1.257976441006767e-17
5.965037822723389 1.2672727930390055e-17
5.9678802490234375 1.267016697921359e-17
5.9707255363464355 1.2785830817086268e-17
5.973573207855225 1.2746179087242926e-17
5.976424217224121 1.2729234292394777e-17
5.979277610778809 1.2759713416425518e-17
5.982133388519287 1.2790260369266489e-17
5.984992504119873 1.282006203237555e-17
5.98785400390625 1.2849890992444824e-17
5.990718364715576 1.287992757484785e-17
5.993585109710693 1.2909821882185516e-17
5.996455192565918 1.294021084352949e-17
5.999327659606934 1.2971502258921758e-17
6.002202987670898 1.3006707892972627e-17
6.0050811767578125 1.319588575342473e-17
6.007961750030518 1.3167855084007145e-17
6.010845184326172 1.3102975999842161e-17
6.013731479644775 1.3135441184523642e-17
6.016620635986328 1.3170922269718492e-17
6.01951265335083 1.3415954673852625e-17
6.022407531738281 1.3390734764156496e-17
6.025304794311523 1.3270365095779004e-17
6.028204917907715 1.3303468863893377e-17
6.031108379364014 1.3336075496459604e-17
6.0340142250061035 1.3369413356687329e-17
6.036922454833984 1.3699697476293015e-17
6.039834022521973 1.3707093298149852e-17
6.04274845123291 1.3470406319215766e-17
6.045665264129639 1.3499644672327678e-17
6.048585414886475 1.3532012249696878e-17
6.051507949829102 1.3650462859053246e-17
6.054433822631836 1.3690968239288743e-17
6.057362079620361 1.3628886679955413e-17
6.060293197631836 1.3663527349647909e-17
6.06322717666626 1.3696091796002896e-17
6.066164016723633 1.4105280674240016e-17
6.069103717803955 1.426016693521812e-17
6.072046279907227 1.3794670218323291e-17
6.074991703033447 1.3821614799596593e-17
6.077939987182617 1.385092594460241e-17
6.080891132354736 1.388206267722013e-17
6.083845138549805 1.3913450872744068e-17
6.086802005767822 1.3944710028092447e-17
6.089762210845947 1.3975825254014242e-17
6.092724800109863 1.4006823020289054e-17
6.0956902503967285 1.4037686783304632e-17
6.098658561706543 1.4068423160505878e-17
6.101629734039307 1.409909667198057e-17
6.104604244232178 1.4130428619222853e-17
6.10758113861084 1.461919806265186e-17
6.110561370849609 1.5172691080290694e-17
6.11354398727417 1.4265043992109732e-17
6.116529941558838 1.4250469069716548e-17
6.119518756866455 1.4279953095470388e-17
6.1225104331970215 1.4309658805628393e-17
6.125504970550537 1.4339237129972064e-17
6.12850284576416 1.4369482161889453e-17
6.131503105163574 1.4400638746841875e-17
6.134506702423096 1.443183834518615e-17
6.137512683868408 1.4462851000711988e-17
6.140522003173828 1.4493332606284567e-17
6.1435346603393555 1.4523706678377514e-17
6.146549701690674 1.4554146924919466e-17
6.1495680809021 1.4584512725206287e-17
6.152588844299316 1.4614757757123676e-17
6.155612945556641 1.4644891946838983e-17
6.158640384674072 1.467487393532158e-17
6.161670207977295 1.4709145682460877e-17
6.164703369140625 1.475442554919203e-17
6.167739391326904 1.480332019520004e-17
6.170778274536133 1.5137987544871644e-17
6.173820495605469 1.7592568257645173e-17
6.176865577697754 1.530234171514103e-17
6.179913520812988 1.676859048842395e-17
6.182964324951172 1.5260246493768206e-17
6.186018466949463 1.5669659537951327e-17
6.189075469970703 1.533551000334318e-17
6.192135810852051 1.5180481467299718e-17
6.195199012756348 1.5109961011357122e-17
6.198265075683594 1.5256092392731965e-17
6.201333999633789 1.522926692546687e-17
6.204406261444092 1.5189510970866347e-17
6.207481861114502 1.518699137872051e-17
6.210559844970703 1.5216486985002926e-17
6.21364164352417 1.5247461590220587e-17
6.216725826263428 1.5288820620848238e-17
6.219813346862793 1.5324786433882044e-17
6.222903728485107 1.5362118749287787e-17
6.225997447967529 1.5429021117231076e-17
6.229094505310059 1.5655746360048186e-17
6.232193946838379 1.553732883791632e-17
6.235297203063965 1.5515625273004153e-17
6.238402843475342 1.5552247867444326e-17
6.241512298583984 1.5603822578637007e-17
6.244624137878418 1.5790530477780026e-17
6.247739791870117 1.5837499447322012e-17
6.250857830047607 1.5768957607404643e-17
6.253979682922363 1.581195445564515e-17
6.25710391998291 1.580175531869237e-17
6.260231971740723 1.5858900264129984e-17
6.263362884521484 1.650547260737696e-17
6.266496658325195 1.6131931077637812e-17
6.269633769989014 1.5931424151516183e-17
6.2727742195129395 1.5968574487187165e-17
6.2759175300598145 1.6005944852901086e-17
6.279064178466797 1.6045674337722007e-17
6.282214164733887 1.6086115197869725e-17
6.285367012023926 1.612738158426877e-17
6.288523197174072 1.6168495769435106e-17
6.291682243347168 1.6209490840593234e-17
6.294844627380371 1.6250700978710626e-17
6.298010349273682 1.6291591825111572e-17
6.301178932189941 1.6332320544112458e-17
6.304350852966309 1.6373613400291105e-17
6.307526111602783 1.641385904581426e-17
6.310704708099365 1.6485410168800097e-17
6.3138861656188965 2.228220256606556e-17
6.317070960998535 1.7973848889195366e-17
6.320259094238281 1.6636431841956354e-17
6.323450088500977 1.6608086016725387e-17
6.3266448974609375 1.664890737995488e-17
6.329842567443848 1.6690349128643785e-17
6.333043098449707 1.6731918263147025e-17
6.336247444152832 1.6773403025227785e-17
6.339454650878906 1.6837620364902726e-17
6.342665672302246 1.687510819026363e-17
6.345879554748535 1.6896929214822778e-17
6.349096775054932 1.6937950755760508e-17
6.352316856384277 1.6998688973779052e-17
6.355540752410889 1.709163760485041e-17
6.358767509460449 1.754635202246061e-17
6.361998081207275 1.7556261646198996e-17
6.365231513977051 1.7141107968564757e-17
6.368468284606934 1.7181128620961297e-17
6.371708393096924 1.7221299820229323e-17
6.3749518394470215 1.7261234445842158e-17
6.378198623657227 1.7394501514330576e-17
6.381448268890381 1.7502915114134226e-17
6.384701728820801 1.8484576669165207e-17
6.387958526611328 1.9000697666728894e-17
6.391218662261963 1.761312535022834e-17
6.394481658935547 1.762084956278836e-17
6.3977484703063965 1.772025847444376e-17
6.4010186195373535 1.7580225068544657e-17
6.40429162979126 1.761652671690716e-17
6.407568454742432 1.765531983327467e-17
6.410848617553711 1.7693977292021724e-17
6.4141316413879395 1.7891248287587046e-17
6.417418479919434 1.8077688180211598e-17
6.420708656311035 1.7817663954655554e-17
6.424002170562744 1.7846883282613377e-17
6.4272990226745605 1.788617601607087e-17
6.430599212646484 1.792571028626723e-17
6.433902740478516 1.7960959760890565e-17
6.4372100830078125 1.808035831922892e-17
6.440520286560059 1.823291358524085e-17
6.44383430480957 1.8080948926186282e-17
6.4471516609191895 1.8297997810197746e-17
6.450472354888916 1.865853606070756e-17
6.45379638671875 1.821193463054528e-17
6.457123756408691 1.8217073076510458e-17
6.460454940795898 1.825315469483002e-17
6.463789463043213 1.8289062605220948e-17
6.467127323150635 1.832480673385059e-17
6.470468521118164 1.8360815560276248e-17
6.473813056945801 1.8397274372955135e-17
6.477161407470703 1.8431666888463865e-17
6.480513095855713 1.8489008702887266e-17
6.48386812210083 1.8956304537614398e-17
6.487226963043213 2.001894707461432e-17
6.490589141845703 1.873958156276428e-17
6.493954658508301 1.8824496615726523e-17
6.497323513031006 1.9565657062018936e-17
6.500696182250977 1.8803200023675733e-17
6.504072189331055 1.8761822795074605e-17
6.507452011108398 1.900405932873831e-17
6.51083517074585 1.9761356414420407e-17
6.514221668243408 2.2069663470753734e-17
6.517611980438232 1.9550461754166337e-17
6.521005630493164 1.8994503738302097e-17
6.524402618408203 1.8948937667079e-17
6.527803421020508 1.8973599229861657e-17
6.531208038330078 1.9008719664309433e-17
6.534615993499756 1.9050045607712582e-17
6.538027286529541 1.9095047541757917e-17
6.541442394256592 1.9140368767519698e-17
6.54486083984375 1.918550305046304e-17
6.548283100128174 1.923066545754721e-17
6.551708698272705 1.9275937052472238e-17
6.555138111114502 1.932102170457883e-17
6.558570861816406 1.9366117937213995e-17
6.562007427215576 1.9411167847734858e-17
6.5654473304748535 1.9457845649701225e-17
6.5688910484313965 1.9506626144784702e-17
6.572338581085205 1.955519653599259e-17
6.575789451599121 1.966615288899923e-17
6.5792436599731445 2.168641911242934e-17
6.582702159881592 1.994135257007317e-17
6.5861639976501465 1.9756945887394274e-17
6.589629173278809 1.9809245208803552e-17
6.5930986404418945 1.986133442633724e-17
6.596571445465088 1.9913256553387195e-17
6.600047588348389 1.9964827955857426e-17
6.603528022766113 2.0016189254452068e-17
6.607011795043945 2.0067355338422148e-17
6.610498905181885 2.011829477490439e-17
6.613990306854248 2.0169005909537565e-17
6.617485046386719 2.021955822549313e-17
6.620983600616455 2.02697945584547e-17
6.624485492706299 2.0320414703220496e-17
6.627991676330566 2.0375668713777813e-17
6.631501197814941 2.042762392805227e-17
6.635014533996582 4.216421154463295e-17
6.638531684875488 2.0537428845646233e-17
6.64205265045166 2.109162000372206e-17
6.6455769538879395 5.200422968883311e-17
6.649105548858643 1.197368632974876e-15
6.652637481689453 3.2405079752939657e-16
6.656173229217529 2.939374262957465e-16
6.659712791442871 1.0713995341855517e-16
6.6632561683654785 3.4368618591705373e-16
6.666803359985352 2.1297549925939587e-17
6.670353889465332 2.1091297403283165e-17
6.673908710479736 2.1149585512327326e-17
6.677467346191406 6.227147338452711e-17
6.681029319763184 9.987316511983192e-17
6.684595584869385 1.0285656736129428e-16
6.688165187835693 4.056042414217839e-16
6.691739082336426 4.9858956622511534e-17
6.695316314697266 2.931274973620489e-17
6.698897838592529 2.3944003453600917e-17
6.702483177185059 2.3752625292719423e-17
6.706071853637695 2.4152176689639687e-17
6.709664821624756 2.1899533925447503e-17
6.713261604309082 2.182041906294048e-17
6.716862201690674 6.499375125021872e-17
6.720466613769531 1.4293815980792287e-16
6.724074840545654 2.821681814263338e-17
6.727686882019043 7.377526606920418e-17
6.7313032150268555 2.2038970106944342e-17
6.734922885894775 2.4754592477427356e-17
6.738546848297119 1.0740704937660405e-15
6.7421746253967285 4.357356385753427e-16
6.7458062171936035 2.2059176474947787e-17
6.749441623687744 2.209774625254991e-17
6.753081321716309 2.2142554626331907e-17
6.7567243576049805 2.2230402861746264e-17
6.760371685028076 2.231238307789517e-17
6.764023303985596 2.2295126435956088e-17
6.767678260803223 2.2338416106133438e-17
6.771337509155273 2.238766147672117e-17
6.77500057220459 4.155422870860165e-17
6.77866792678833 2.3914130652959177e-17
6.782339096069336 2.595868786225752e-17
6.786014080047607 2.476456000380862e-17
6.7896928787231445 3.5863040805779605e-17
6.7933759689331055 2.385161234226242e-17
6.797062873840332 2.4204421417128536e-17
6.800754070281982 2.3550644330746225e-17
6.804449081420898 3.445609922805551e-17
6.80814790725708 2.3580004279408182e-17
6.8118510246276855 2.2943563244303757e-17
6.815558433532715 2.2950327927353216e-17
6.81926965713501 2.299890989908968e-17
6.82298469543457 2.3068040691603187e-17
6.826704025268555 2.315521725636015e-17
6.830427169799805 2.315349672068604e-17
6.8341546058654785 2.3191687649567614e-17
6.837885856628418 2.322751118753606e-17
6.841621398925781 2.3267449121871345e-17
6.845361232757568 2.336179899690037e-17
6.849104881286621 2.3669692164504857e-17
6.8528523445129395 2.3862115881680617e-17
6.85660457611084 2.357800084796458e-17
6.860360622406006 2.351802859919326e-17
6.8641204833984375 2.356864047215293e-17
6.867884635925293 2.3692899543770644e-17
6.871653079986572 2.3634424491908046e-17
6.875425815582275 2.366240304894704e-17
6.879202365875244 2.3707249473037214e-17
6.882983207702637 2.376786195960265e-17
6.886767864227295 2.3894961569443873e-17
6.890557289123535 2.3995637721797702e-17
6.894350528717041 2.3947777051555384e-17
6.898148059844971 2.4014371708310803e-17
6.901949405670166 2.9337935731495903e-17
6.905755519866943 3.345746723557739e-17
6.909565448760986 2.4194053535330797e-17
6.913379669189453 2.4213636209152377e-17
6.917198181152344 2.4274476997566877e-17
6.921020984649658 2.4335997728444896e-17
6.924847602844238 2.439931509561338e-17
6.9286789894104 2.445943954561741e-17
6.932514190673828 2.451825539589238e-17
6.936354160308838 2.4586391917309598e-17
6.940197944641113 2.4726630464000613e-17
6.9440460205078125 2.472860577130339e-17
6.9478983879089355 2.4792940570625314e-17
6.951755046844482 2.4832469877737998e-17
6.955615997314453 2.488410910901846e-17
6.959481716156006 2.4953051304352303e-17
6.963351249694824 2.5013316375060467e-17
6.967225074768066 2.5168462370750913e-17
6.971103191375732 2.5163160143024448e-17
6.974985599517822 2.5220247185819182e-17
6.978872776031494 2.5310734127387583e-17
6.982763767242432 2.5321715777199837e-17
6.986659049987793 2.5367392690625015e-17
6.990559101104736 2.5418980636707498e-17
6.9944634437561035 2.5472077360227276e-17
6.9983720779418945 2.5530279442487733e-17
7.002285003662109 2.559193252226376e-17
7.006202220916748 2.56537642730521e-17
7.010124206542969 2.5715213866397438e-17
7.014050006866455 2.577812260634332e-17
7.017980575561523 2.5921147097337415e-17
7.021915435791016 2.5945383489285218e-17
7.02585506439209 2.595882351987798e-17
7.02979850769043 2.6026180837158173e-17
7.033746719360352 2.6102210315980372e-17
7.0376996994018555 2.5932133710233344e-17
7.041656494140625 2.5604411368984735e-17
7.045618057250977 2.55067527715055e-17
7.049583911895752 2.5567608449171026e-17
7.053554534912109 2.562812994586908e-17
7.057529449462891 2.5688398325299694e-17
7.061508655548096 2.5748400352573065e-17
7.065492630004883 2.5808016913680987e-17
7.069481372833252 2.586732907232349e-17
7.073473930358887 2.592638149625365e-17
7.077471733093262 2.5989344830119962e-17
7.081473350524902 2.6048473354666477e-17
7.085479736328125 2.610411448575047e-17
7.08949089050293 2.6163358815582742e-17
7.093506336212158 2.622228385369857e-17
7.097526550292969 2.6280942539657155e-17
7.101551055908203 2.7346481863162238e-17
7.1055803298950195 4.1445954075140906e-17
7.109614372253418 2.708572144686102e-17
7.11365270614624 3.381297622796288e-17
7.1176958084106445 2.660518741361059e-17
7.121743202209473 2.6626887669800307e-17
7.125795364379883 2.670367980914728e-17
7.129852294921875 3.70625585730999e-17
7.133913516998291 2.6796147021102133e-17
7.137979507446289 2.6852400265839414e-17
7.142050266265869 2.6907935517805e-17
7.146125793457031 2.6963374816819528e-17
7.150205612182617 4.3205327533371793e-17
7.154290199279785 2.7146180077832522e-17
7.158379554748535 2.7148420082931316e-17
7.162473678588867 2.7232400421801375e-17
7.166572093963623 2.739137295500549e-17
7.170675754547119 2.847495143330913e-17
7.174783706665039 2.7587537182911216e-17
7.178896427154541 2.7833267727482344e-17
7.183013916015625 5.247231134514217e-17
7.187136173248291 2.7670108006017484e-17
7.191263198852539 2.7605683871189404e-17
7.195394992828369 2.7703402025672744e-17
7.199531078338623 2.7704565041613993e-17
7.203672409057617 2.7726225593134307e-17
7.207818508148193 2.7778045149788304e-17
7.211969375610352 2.783066045419158e-17
7.216124534606934 2.7884430502729974e-17
7.220284938812256 2.7936076351455335e-17
7.22445011138916 2.799047836598172e-17
7.2286200523376465 2.80595479471299e-17
7.232794761657715 2.820676955255209e-17
7.236974239349365 6.952751495273207e-17
7.241158962249756 2.8207514015103386e-17
7.24534797668457 2.839792106594574e-17
7.249542236328125 2.893681269141179e-17
7.253741264343262 2.845687257384117e-17
7.2579450607299805 2.841959319799463e-17
7.262153625488281 2.850849526150938e-17
7.266367435455322 2.8708672969747213e-17
7.270585536956787 2.864905971736174e-17
7.274808883666992 2.9115185918702723e-17
7.2790374755859375 2.951569022768865e-17
7.283270835876465 2.8880911825615455e-17
7.287508964538574 2.8879839799541586e-17
7.291751861572266 2.917873655080395e-17
7.296000003814697 2.902729963298019e-17
7.300252914428711 2.90656973570149e-17
7.304510593414307 2.912931747228758e-17
7.308773517608643 1.1163989536018245e-16
7.313041687011719 2.986655708247649e-17
7.317314147949219 2.9612807849047274e-17
7.321592330932617 2.944739488759382e-17
7.3258748054504395 2.948714257038822e-17
7.33016300201416 2.9559309115749795e-17
7.334455966949463 2.9631373090715414e-17
7.338753700256348 2.970275877757874e-17
7.343056678771973 2.977387314920115e-17
7.347364902496338 2.984467980963569e-17
7.351677894592285 2.991519530249461e-17
7.355996131896973 2.998541962777791e-17
7.360319137573242 3.005530646337129e-17
7.364647388458252 3.01255969631036e-17
7.368980884552002 3.0204172503851235e-17
7.373319149017334 3.0266118405564106e-17
7.3776631355285645 3.0331148036600575e-17
7.382011890411377 3.039942683308315e-17
7.3863654136657715 3.046915484999892e-17
7.3907246589660645 3.053888286691469e-17
7.3950886726379395 3.060824030691604e-17
7.399457931518555 3.067722055255806e-17
7.40383243560791 3.074583353000811e-17
7.408212184906006 3.0814075930543733e-17
7.412596702575684 3.0881947754164934e-17
7.41698694229126 3.094944569214926e-17
7.421381950378418 3.101663591894572e-17
7.425782680511475 3.10833728507665e-17
7.430188179016113 3.11497425143953e-17
7.43459939956665 3.1215771379611735e-17
7.4390153884887695 3.1281429667913744e-17
7.443436622619629 3.134872577382861e-17
7.4478631019592285 3.141766962352368e-17
7.452295303344727 3.1486395097537033e-17
7.456732273101807 3.1554561397456303e-17
7.461174964904785 3.1622307489624396e-17
7.465622425079346 3.1690172695800697e-17
7.470075607299805 3.180756947705667e-17
7.474534034729004 2.070009556746601e-16
7.478997707366943 3.232727712975639e-17
7.483467102050781 3.1963903304106745e-17
7.487941265106201 3.473893874926699e-17
7.4924211502075195 3.4384088192649094e-17
7.496906280517578 3.2814807456627793e-17
7.501396656036377 3.224692811377544e-17
7.505892276763916 3.230981700138662e-17
7.5103936195373535 3.2381053795739687e-17
7.514900207519531 3.244740691575624e-17
7.519412517547607 3.250883665676688e-17
7.523930072784424 3.257364129467673e-17
7.5284528732299805 3.2643266741196546e-17
7.5329813957214355 3.2712647342255044e-17
7.537515163421631 3.285847597552569e-17
7.542054176330566 3.384166616032867e-17
7.5465989112854 4.599590404788069e-17
7.551149368286133 3.300946952454112e-17
7.5557050704956055 3.3053945371716874e-17
7.560266494750977 3.3120903987941816e-17
7.564833164215088 3.318759790637074e-17
7.5694050788879395 3.326109124943485e-17
7.573983192443848 3.3865141546112927e-17
7.578566551208496 4.391271254089244e-17
7.583155155181885 5.613825339724653e-17
7.587749481201172 3.5426739428604835e-17
7.592349529266357 3.368641759424227e-17
7.596955299377441 3.3764999752434807e-17
7.601566314697266 3.371328772926044e-17
7.606183052062988 3.377367191397681e-17
7.610805511474609 3.391528192612344e-17
7.615433692932129 3.407298887299035e-17
7.620067119598389 3.396969386681718e-17
7.624706745147705 3.4025955383360586e-17
7.629351615905762 3.4089102351322884e-17
7.634002208709717 3.427354708430996e-17
7.63865852355957 3.8207283896644686e-17
7.643320083618164 3.429790920771087e-17
7.6479878425598145 3.4355858172703885e-17
7.652661323547363 3.439245264300323e-17
7.6573405265808105 3.44504843260575e-17
7.662024974822998 3.451020345756138e-17
7.666715621948242 3.4573942686842265e-17
7.671411991119385 3.4772538825748897e-17
7.676114082336426 3.5166260253711887e-17
7.680821895599365 3.482175938091825e-17
7.685535430908203 3.5149369225603554e-17
7.6902546882629395 3.6274050308544953e-17
7.694979667663574 4.729515994474018e-17
7.699710845947266 4.980400866878086e-17
7.7044477462768555 3.513616742302721e-17
7.709190368652344 3.5225066177819507e-17
7.7139387130737305 3.531343222829732e-17
7.718693256378174 3.5775071801995816e-17
7.723453044891357 4.409113539902013e-17
7.728219509124756 8.29026548808001e-17
7.7329912185668945 4.303683084259474e-17
7.73776912689209 3.744361752024593e-17
7.742552757263184 3.606687134360247e-17
7.747342586517334 3.619191127371844e-17
7.752138137817383 3.8640269933924343e-17
7.756939888000488 2.1221362290184268e-16
7.761747360229492 6.57841984261295e-17
7.7665605545043945 7.864175490131085e-17
7.7713799476623535 4.6192392530586534e-17
7.776205539703369 6.738902807615588e-17
7.781036853790283 3.685443000481421e-17
7.785874366760254 3.6607261820338464e-17
7.790717601776123 3.702481597611033e-17
7.795567035675049 4.104904634745836e-17
7.800422668457031 4.304977456481997e-17
7.80528450012207 8.626008172547933e-17
7.810152053833008 4.537233228874636e-17
7.815025806427002 3.961345454203788e-17
7.8199052810668945 3.774979676962121e-17
7.824791431427002 3.745654469885891e-17
7.829683303833008 3.7743831143043476e-17
7.83458137512207 3.8912041778539866e-17
7.8394856452941895 3.799034750919653e-17
7.844396114349365 3.765871425801177e-17
7.849312782287598 5.829533264701495e-16
7.8542351722717285 3.849308803317156e-17
7.859164237976074 4.1486360193702896e-17
7.864099502563477 4.2040964942085e-17
7.869040489196777 3.853115488496125e-17
7.873988151550293 2.1155215634448607e-16
7.878942012786865 3.8492131812383447e-17
7.883901596069336 3.821829863368144e-17
7.8888678550720215 3.829793958305805e-17
7.893840312957764 3.8377140472348775e-17
7.8988189697265625 3.845603695917408e-17
7.903804302215576 3.8534198909615444e-17
7.908795356750488 3.863271281184806e-17
7.913793087005615 3.9586677051248314e-17
7.918797016143799 3.9284984429515524e-17
7.923807144165039 3.895253061516311e-17
7.928823947906494 3.9026966944125533e-17
7.933846950531006 3.9610880355971616e-17
7.938876152038574 3.94780219147058e-17
7.943912029266357 3.918513380341302e-17
7.948954105377197 3.9322621147386687e-17
7.954002857208252 3.9390162098762866e-17
7.959057807922363 3.9427904695752436e-17
7.964118957519531 3.95037538492011e-17
7.969186782836914 3.958212424915682e-17
7.974261283874512 4.0140739169148583e-17
7.979341983795166 4.047758034946998e-17
7.984428882598877 4.010648065689909e-17
7.989522933959961 3.9903963681888954e-17
7.994622707366943 4.0024526910529783e-17
7.999729633331299 4.010339361885304e-17
8.004842758178711 4.0130478820830476e-17
8.009963035583496 4.019668966578167e-17
8.01508903503418 4.0268211010265455e-17
8.020221710205078 4.343175995425206e-17
8.025361061096191 4.171443704964092e-17
8.03050708770752 4.107225372672415e-17
8.035659790039062 4.713373068511678e-17
8.04081916809082 5.2016286673441683e-17
8.045985221862793 4.0706567104081807e-17
8.05115795135498 4.077291360665346e-17
8.056337356567383 7.503176665456203e-17
8.0615234375 4.644551310675021e-17
8.066715240478516 4.1034133935375256e-17
8.071914672851562 1.9789169866209135e-16
8.077120780944824 4.1634538019913196e-17
8.0823335647583 4.167918922937881e-17
8.087553024291992 4.132757460331722e-17
8.092779159545898 4.1420648965841684e-17
8.09801197052002 4.14949926505755e-17
8.103251457214355 4.153694063379929e-17
8.108498573303223 4.1617044804318924e-17
8.113751411437988 4.170389215119209e-17
8.119011878967285 4.179634447389592e-17
8.124279022216797 4.221019286052355e-17
8.129552841186523 5.1443225871232296e-17
8.134833335876465 4.20643179051386e-17
8.140120506286621 4.210503504361091e-17
8.145415306091309 4.2187984715437725e-17
8.150715827941895 4.227919295850027e-17
8.156023979187012 4.238244826000404e-17
8.16133975982666 4.245094874089078e-17
8.166661262512207 4.252035250300643e-17
8.171990394592285 4.3066060096719915e-17
8.177326202392578 4.476268032496008e-17
8.182668685913086 4.291588711087214e-17
8.188018798828125 4.288597295119977e-17
8.193375587463379 4.2989794044242526e-17
8.198740005493164 4.309345631860767e-17
8.204110145568848 4.3196625593327736e-17
8.209488868713379 4.329920591545166e-17
8.214873313903809 4.3401246915816203e-17
8.22026538848877 4.3503152258560286e-17
8.225665092468262 4.3606563070019215e-17
8.231070518493652 4.372460505215298e-17
8.23648452758789 4.3895136607236915e-17
8.241905212402344 4.3915442236913866e-17
8.247332572937012 4.399987752512083e-17
8.252767562866211 4.4097620495022545e-17
8.258209228515625 4.4194354304576946e-17
8.26365852355957 4.429109473157625e-17
8.26911449432373 4.438739178976722e-17
8.274578094482422 4.448312305641921e-17
8.280049324035645 4.4583840567803665e-17
8.285527229309082 4.4712053562749384e-17
8.291011810302734 4.482521517926909e-17
8.296504974365234 4.6195373689514175e-17
8.30200481414795 4.517618460445289e-17
8.307511329650879 4.508105552528684e-17
8.313026428222656 4.514547635139247e-17
8.318548202514648 4.528211666241888e-17
8.324076652526855 4.5344631664393187e-17
8.32961368560791 4.5469112420415067e-17
8.33515739440918 4.553486997039058e-17
8.340707778930664 4.5620572499295976e-17
8.346266746520996 4.572113450072527e-17
8.351832389831543 4.5813537192592347e-17
8.357406616210938 4.59071707292109e-17
8.362987518310547 4.60023229694341e-17
8.368575096130371 4.609638333124873e-17
8.374171257019043 4.61887198486668e-17
8.37977409362793 4.628097364802361e-17
8.385385513305664 4.6380675381615854e-17
8.391003608703613 4.6627754230585443e-17
8.396629333496094 4.7034263870818503e-17
8.402262687683105 4.776394305020868e-17
8.407903671264648 4.9561644749302825e-17
8.413552284240723 5.614581713676771e-17
8.419208526611328 1.3901466349157155e-16
8.424872398376465 9.291312847946784e-17
8.430543899536133 5.4097532651629205e-17
8.436223030090332 5.217861921429399e-17
8.441908836364746 4.897128925484618e-17
8.447603225708008 5.2855994109191214e-17
8.4533052444458 4.996293322550945e-17
8.459015846252441 5.953760175536995e-17
8.464733123779297 4.9091342940229675e-17
8.470458030700684 4.7630151549211904e-17
8.476190567016602 4.769316285955374e-17
8.481931686401367 4.789323137995072e-17
8.487680435180664 4.793256547243884e-17
8.493436813354492 5.231791973817037e-17
8.499200820922852 4.806704187898281e-17
8.504972457885742 4.81277106138299e-17
8.510751724243164 5.1614171016622505e-17
8.516539573669434 4.975480134850131e-17
8.522335052490234 5.3900693444343636e-17
8.528139114379883 4.9881125062927956e-17
8.533949851989746 4.9453866424209616e-17
8.539769172668457 4.9555073626516704e-17
8.5455961227417 4.9609548432936996e-17
8.551431655883789 6.267978296977308e-17
8.55727481842041 5.010630016927714e-17
8.563125610351562 5.030390369144871e-17
8.568984985351562 4.905645577071464e-17
8.574851989746094 4.914958969024321e-17
8.580726623535156 5.0364668379246854e-17
8.586609840393066 5.2452591359338903e-17
8.592501640319824 4.9418317510204537e-17
8.598401069641113 4.949773015773208e-17
8.604308128356934 4.958826342141478e-17
8.610223770141602 4.967794965215023e-17
8.616147994995117 5.826161279478035e-17
8.622079849243164 4.9863039586015096e-17
8.628019332885742 5.631464139106734e-17
8.633968353271484 5.0070046497390167e-17
8.639924049377441 5.0249547999036624e-17
8.645889282226562 5.0432407853970046e-17
8.651862144470215 5.035541388255361e-17
8.657843589782715 5.0472949630152495e-17
8.663832664489746 5.074070799443591e-17
8.669830322265625 5.10883885495042e-17
8.675836563110352 5.083839802477842e-17
8.681851387023926 5.112048977471616e-17
8.687873840332031 6.138615190107895e-17
8.693904876708984 5.100679545388197e-17
8.699944496154785 5.1135249985566553e-17
8.705992698669434 5.113312909447597e-17
8.712048530578613 5.123113345345125e-17
8.71811294555664 5.131473494360076e-17
8.724186897277832 5.1541293095934133e-17
8.730268478393555 5.190645694042934e-17
8.736358642578125 5.170703362091016e-17
8.742456436157227 5.877459712346124e-17
8.748563766479492 5.192532989328535e-17
8.754679679870605 5.209201340415969e-17
8.760804176330566 5.2164974042909315e-17
8.766937255859375 5.229636672012969e-17
8.773077964782715 5.239830184137582e-17
8.779228210449219 5.250756909157163e-17
8.78538703918457 7.258087682168171e-17
8.79155445098877 5.2798002130806346e-17
8.797730445861816 5.2863339473030685e-17
8.803915023803711 5.297180601239354e-17
8.810108184814453 5.309331553565513e-17
8.816309928894043 5.3229118739901634e-17
8.822521209716797 5.334383214725049e-17
8.828741073608398 5.342874389149028e-17
8.834968566894531 5.353855377216792e-17
8.841206550598145 5.365939162477212e-17
8.847452163696289 6.681391917474981e-17
8.853707313537598 5.394126499902814e-17
8.859970092773438 5.3987739314563816e-17
8.866243362426758 5.408312316535853e-17
8.87252426147461 5.4192208435819574e-17
8.878814697265625 5.429931839897784e-17
8.885113716125488 5.4406881657111786e-17
8.891422271728516 5.4512793862743076e-17
8.89773941040039 5.4620734315236345e-17
8.904065132141113 5.471505606612454e-17
8.910400390625 5.482090871475173e-17
8.916744232177734 5.497347721565346e-17
8.923097610473633 5.503388787014943e-17
8.929459571838379 5.5120182660373413e-17
8.935831069946289 5.522631655040887e-17
8.942212104797363 5.533180193084408e-17
8.948601722717285 5.544116513399094e-17
8.954999923706055 5.554780525856128e-17
8.961407661437988 5.564455892045038e-17
8.967824935913086 5.574455513034069e-17
8.974250793457031 5.585160553649485e-17
8.98068618774414 9.69995132020431e-17
8.987131118774414 5.615072066343893e-17
8.993584632873535 5.618265645252837e-17
9.00004768371582 5.624869193518971e-17
9.00652027130127 5.639731974765324e-17
9.013002395629883 5.646528752422549e-17
9.019493103027344 5.655992360374646e-17
9.025994300842285 5.701560085958967e-17
9.032504081726074 5.693046743094571e-17
9.039023399353027 5.684494357305263e-17
9.045552253723145 5.693348498582031e-17
9.05208969116211 5.702493145689927e-17
9.058637619018555 5.711635145819863e-17
9.065195083618164 5.724180497862087e-17
9.071761131286621 5.73186136615801e-17
9.078337669372559 5.739109453557444e-17
9.084922790527344 5.748433433422142e-17
9.09151840209961 5.776210820136163e-17
9.098122596740723 5.786707411237216e-17
9.104737281799316 5.643072460951058e-17
9.111361503601074 5.553765409808403e-17
9.117995262145996 5.56260896317333e-17
9.124638557434082 5.569722716441286e-17
9.131291389465332 5.576608829604667e-17
9.137953758239746 6.060475077234706e-17
9.14462661743164 5.79924614583454e-17
9.151308059692383 7.459795343666982e-17
9.157999992370605 5.67602866004415e-17
9.164702415466309 1.002580952722447e-16
9.17141342163086 3.935536572059186e-15
9.17813491821289 9.7664815230464e-16
9.184865951538086 5.921648362413196e-17
9.191607475280762 5.954508211508539e-16
9.198358535766602 5.711776759140732e-17
9.205119132995605 5.729072774876971e-17
9.21189022064209 5.760641957518935e-17
9.218670845031738 1.455562857083267e-16
9.225461959838867 2.0794531800150985e-16
9.23226261138916 9.435810448350161e-16
9.239073753356934 1.2312607240653458e-16
9.245894432067871 9.978157306496515e-17
9.252725601196289 8.592806466249035e-17
9.259567260742188 6.271848178755076e-17
9.26641845703125 5.846307428732886e-17
9.273280143737793 5.95415391350857e-17
9.2801513671875 9.363755340760708e-17
9.287033081054688 2.0774903135087347e-16
9.293925285339355 1.2233905968452713e-16
9.300827026367188 8.976516361822173e-17
9.307740211486816 7.142455111722648e-17
9.31466293334961 2.8287474190021988e-15
9.321596145629883 3.8937453428701985e-16
9.32853889465332 5.924271517571724e-17
9.335493087768555 5.904429770782292e-17
9.342456817626953 5.973739565180356e-17
9.349431991577148 5.921466382678435e-17
9.356416702270508 5.92997046111997e-17
9.363411903381348 1.6259006533805148e-16
9.370417594909668 5.996984663882076e-17
9.377433776855469 6.045674499970417e-17
9.384461402893066 6.080019700748109e-17
9.391498565673828 6.647098332767512e-17
9.39854621887207 6.343216660261662e-17
9.40560531616211 6.025892971929579e-17
9.412673950195312 6.086618616802812e-17
9.419754028320312 6.055653606880257e-17
9.426844596862793 6.093808470687123e-17
9.433945655822754 1.7936822630616267e-16
9.441057205200195 6.099029634713558e-17
9.448180198669434 6.202410005925945e-17
9.455313682556152 6.166943148237631e-17
9.462457656860352 6.129532085237573e-17
9.469612121582031 6.185552726786604e-17
9.476778030395508 6.150161969714646e-17
9.483954429626465 2.469486441237286e-16
9.491142272949219 6.18017539106052e-17
9.498340606689453 6.199271351809674e-17
9.505550384521484 6.204497809792029e-17
9.512770652770996 6.22167537326455e-17
9.520001411437988 6.226077959356802e-17
9.527243614196777 6.236280074159786e-17
9.534497261047363 6.248253017218124e-17
9.54176139831543 6.260344412540179e-17
9.549036979675293 6.276759646360171e-17
9.556323051452637 6.357640043166626e-17
9.563620567321777 6.305208703731585e-17
9.570929527282715 6.316629090140737e-17
9.57824993133545 7.36571512951765e-17
9.585580825805664 6.337055819059367e-17
9.592923164367676 6.354903729700301e-17
9.600276947021484 6.479569774179393e-17
9.60764217376709 6.436331389200021e-17
9.615017890930176 6.389231063376761e-17
9.622406005859375 6.396101956416872e-17
9.629804611206055 6.407515063636634e-17
9.637214660644531 6.423228186552691e-17
9.644637107849121 6.554284035827632e-17
9.652070045471191 6.470392039846994e-17
9.659514427185059 6.894369749383704e-17
9.666970252990723 6.612535418052597e-17
9.6744384765625 6.538970606583561e-17
9.681917190551758 6.783905403405413e-17
9.689408302307129 6.592749257800328e-17
9.696910858154297 6.718075723280482e-17
9.704424858093262 3.357486401683337e-16
9.711950302124023 1.9967797203384246e-16
9.719488143920898 8.135642932281188e-17
9.727036476135254 6.610161740566815e-17
9.734597206115723 6.646842899394356e-17
9.742170333862305 6.587957565947931e-17
9.749754905700684 6.595815120022695e-17
9.75735092163086 6.609194931866863e-17
9.764958381652832 6.623564713468134e-17
9.772578239440918 6.639246734393159e-17
9.780210494995117 6.650214487571122e-17
9.787854194641113 6.898019931990778e-17
9.795509338378906 6.747040279609639e-17
9.803177833557129 6.723985763321051e-17
9.810856819152832 6.71132526773756e-17
9.818549156188965 6.708606159627975e-17
9.826252937316895 6.688500376787017e-17
9.833968162536621 6.687383352087825e-17
9.841696739196777 6.70774192132398e-17
9.84943675994873 6.782033328243083e-17
9.857189178466797 7.055196821521164e-17
9.864953994750977 6.805527904617549e-17
9.872730255126953 6.751409116732899e-17
9.88051986694336 6.764295928931986e-17
9.888320922851562 6.775728226741958e-17
9.896134376525879 6.79556335608649e-17
9.903960227966309 6.895274354101592e-17
9.911799430847168 6.89758185713837e-17
9.919650077819824 6.86982366101456e-17
9.927513122558594 6.833604399841069e-17
9.935389518737793 6.846930610381543e-17
9.943277359008789 6.866415015146352e-17
9.951178550720215 6.877201450334043e-17
9.959091186523438 6.876955281383748e-17
9.96701717376709 6.889233950396485e-17
9.974956512451172 1.3700768509750149e-16
9.98290729522705 6.91551711805199e-17
9.99087142944336 6.940397387388605e-17
9.998847961425781 7.574533897306457e-17
10.006837844848633 7.074022790518381e-17
10.014840126037598 7.25011895501908e-17
10.022854804992676 1.352732792588799e-16
10.030882835388184 1.0327930959386808e-16
10.038923263549805 7.346531818495811e-17
10.046977043151855 7.254981453531912e-17
10.05504322052002 7.19972909733582e-17
10.063122749328613 7.476602330225079e-17
10.071215629577637 7.1083196839483e-17
10.079320907592773 7.116345982868024e-17
10.08743953704834 7.097273183176022e-17
10.095571517944336 7.11238875081757e-17
10.103715896606445 7.32765158645041e-17
10.1118745803833 1.482268879467909e-16
10.12004566192627 1.9102785981824473e-16
10.128230094909668 7.15465635663005e-17
10.13642692565918 7.187812402559136e-17
10.144638061523438 7.241620832277955e-17
10.152862548828125 7.359063935648234e-17
10.161100387573242 7.355301918222343e-17
10.169350624084473 1.0562070718342598e-16
10.17761516571045 7.239767947705836e-17
10.185893058776855 7.452664385042284e-17
10.194184303283691 7.758936278646168e-17
10.202488899230957 7.452891363402369e-17
10.210807800292969 7.315508575058132e-17
10.219139099121094 7.279194022678074e-17
10.227484703063965 7.291045204750244e-17
10.235843658447266 1.2470142928046346e-15
10.244216918945312 7.311783615323683e-17
10.252603530883789 7.321324647381115e-17
10.261003494262695 7.332876059199295e-17
10.269417762756348 7.344226962436993e-17
10.27784538269043 7.369367297358195e-17
10.286287307739258 7.561872078233985e-17
10.294742584228516 7.411006245905134e-17
10.30321216583252 7.409363134336359e-17
10.311695098876953 1.0016838918917455e-16
10.32019329071045 8.791570688256137e-17
10.328704833984375 7.475566038353673e-17
10.33722972869873 7.542173929998893e-17
10.345769882202148 7.479139458599902e-17
10.354323387145996 9.212657897860341e-17
10.36289119720459 1.188911988378387e-16
10.37147331237793 7.221976285346556e-17
10.380069732666016 6.982066776182086e-17
10.388679504394531 6.946419262247991e-17
10.39730453491211 3.8735788118850537e-16
10.405943870544434 6.96122711870167e-17
10.414597511291504 6.974095402055035e-17
10.42326545715332 6.993152981623767e-17
10.431947708129883 7.26525768371778e-17
10.440644264221191 7.114163549539864e-17
10.449356079101562 1.0802926522127828e-16
10.458081245422363 7.106899580272669e-17
10.466822624206543 8.400187865320957e-17
10.475577354431152 7.75646929518729e-17
10.484347343444824 1.3932021739240374e-16
10.493131637573242 7.176036659358831e-17
10.501931190490723 7.493577135185851e-16
10.51074504852295 1.5369067397305478e-16
10.519573211669922 7.629861030629924e-17
10.528417587280273 7.152209887250363e-17
10.537275314331055 3.034169425853838e-16
10.546149253845215 7.773903615521948e-17
10.555037498474121 8.343405555863887e-17
10.56394100189209 2.9334235918052076e-16
10.572858810424805 7.488953129387231e-17
10.581792831420898 8.173401411138518e-17
10.590741157531738 7.389302350120722e-17
10.59970474243164 8.239055728973587e-17
10.608683586120605 7.634409862254475e-17
10.617677688598633 7.654415721677438e-17
10.626687049865723 7.353979090986748e-17
10.635712623596191 7.319475071531446e-17
10.644752502441406 3.887125780387406e-16
10.653807640075684 6.115848400323578e-16
10.66287899017334 7.387585784913552e-17
10.671964645385742 7.443793700153266e-17
10.681066513061523 7.682270532496794e-17
10.690183639526367 7.406904091811361e-17
10.69931697845459 7.543761455030504e-17
10.708465576171875 7.626707156390382e-17
10.717629432678223 7.486645626350453e-17
10.72680950164795 7.715088426991468e-17
10.736004829406738 7.647804232477424e-17
10.745216369628906 7.507932623106137e-17
10.754444122314453 7.479141443833372e-17
10.763687133789062 6.484882126596555e-16
10.77294635772705 1.0605488833125465e-15
10.782220840454102 8.307878479426979e-17
10.791511535644531 7.587580851672133e-17
10.80081844329834 7.563879149272284e-17
10.810141563415527 8.101794701615518e-17
10.819480895996094 8.050864198683893e-17
10.828836441040039 7.541309691694897e-17
10.838208198547363 7.585710761743274e-17
10.84759521484375 8.187196136777943e-17
10.856999397277832 8.263876441306098e-17
10.866419792175293 7.603304562500031e-17
10.875856399536133 7.645308132260984e-17
10.885309219360352 7.622337657522632e-17
10.894779205322266 7.637612043841791e-17
10.904265403747559 7.650140190527274e-17
10.91376781463623 7.726620648219437e-17
10.923286437988281 7.681510849822225e-17
10.932822227478027 7.689130837625063e-17
10.942375183105469 7.72338537940762e-17
10.951944351196289 7.755321830241557e-17
10.961529731750488 7.742841990903847e-17
10.971132278442383 7.776095313272968e-17
10.980751991271973 7.821138937221176e-17
10.990388870239258 8.18917541454766e-17
11.000041961669922 1.9473306515617678e-15
11.009712219238281 1.4716412629578278e-16
11.019399642944336 1.4959076981054794e-16
11.029104232788086 4.2186915336341817e-16
11.038825035095215 1.208987066275008e-16
11.048563957214355 1.3102589871932222e-16
11.058320045471191 8.008873202068251e-17
11.068092346191406 8.87882236101272e-17
11.077882766723633 9.055166017952695e-17
11.087690353393555 2.5136660915792944e-16
11.097516059875488 8.503531178841902e-17
11.1073579788208 8.0019983385612e-17
11.117218017578125 7.983633605473543e-17
11.127096176147461 1.7650622903233248e-15
11.136990547180176 7.963201582598993e-17
11.146903991699219 7.988879254046109e-17
11.15683364868164 1.000429489036421e-16
11.16678237915039 8.050683542438111e-17
11.17674732208252 8.434123446259312e-17
11.186731338500977 5.932027427692818e-16
11.196732521057129 1.2654468414676314e-16
11.206751823425293 8.065979766325442e-17
11.216789245605469 8.409927420725401e-17
11.226844787597656 8.100002697536483e-17
11.236918449401855 1.270166403170614e-16
11.24700927734375 1.2002311278805626e-16
11.257119178771973 2.372302327792301e-15
11.267247200012207 8.247908546761375e-17
11.277393341064453 8.156082896089618e-17
11.287557601928711 9.426550922398793e-17
11.29773998260498 8.795557037064153e-17
11.307941436767578 1.7986121271635448e-16
11.318160057067871 8.547060731396892e-17
11.328398704528809 2.6718272598641696e-16
11.338654518127441 8.204057386384224e-17
11.348930358886719 8.222206390768127e-17
11.359223365783691 8.233891474973296e-17
11.369536399841309 8.249963925147447e-17
11.379867553710938 8.32817881514801e-17
11.390216827392578 9.450993116883e-17
11.400586128234863 1.1586394278902123e-16
11.41097354888916 8.321446226706319e-17
11.421380043029785 2.233825199349991e-16
11.431805610656738 1.0330578599091467e-16
11.44225025177002 2.1804086547181744e-16
11.452713966369629 1.4197577156116437e-16
11.463197708129883 9.091759164763061e-17
11.473699569702148 8.401987148589382e-17
11.484220504760742 8.393117787189344e-17
11.49476146697998 8.405042422899908e-17
11.505321502685547 8.418573774232296e-17
11.515901565551758 8.451739746328732e-17
11.526500701904297 2.599920250691588e-16
11.537118911743164 1.153469350538409e-16
11.547757148742676 3.215220177230603e-15
11.558414459228516 8.495279225051073e-17
11.569091796875 1.1903256069580156e-16
11.579789161682129 8.523134035870429e-17
11.590506553649902 8.770185091571436e-17
11.601243019104004 9.164359814510105e-17
11.61199951171875 8.61426022261621e-17
11.62277603149414 8.5573144622701e-17
11.633573532104492 8.575620961842633e-17
11.644390106201172 9.97387449615696e-17
11.655226707458496 8.605849450147771e-17
11.666084289550781 8.84215642230845e-17
11.676960945129395 9.024161303360738e-17
11.687858581542969 8.77570205538492e-17
11.698777198791504 8.684484547899512e-17
11.709715843200684 8.678823323787199e-17
11.720674514770508 8.919775742267976e-17
11.731654167175293 8.844895382752736e-17
11.742653846740723 9.352057021665738e-17
11.753674507141113 9.180841884523592e-17
11.764716148376465 9.114803754884298e-17
11.775777816772461 8.851711351000172e-17
11.786861419677734 8.781216372220443e-17
11.797965049743652 8.791135922126179e-17
11.809089660644531 8.794458541210682e-17
11.820235252380371 8.771519830207852e-17
11.831402778625488 9.229065190746453e-17
11.84259033203125 9.018304864623862e-17
11.853799819946289 8.859706547928865e-17
11.865030288696289 1.0195580076144853e-16
11.87628173828125 1.0384927012314162e-16
11.887555122375488 9.709606834058519e-17
11.898849487304688 8.876843744987494e-17
11.910165786743164 1.3768412031522285e-16
11.921503067016602 1.0480591442772654e-16
11.932862281799316 2.6191812505165586e-16
11.944242477416992 1.0247485990454801e-16
11.955645561218262 8.952934435175022e-17
11.967069625854492 9.124219055488622e-17
11.978515625 9.033659322026317e-17
11.989983558654785 9.102390751740083e-17
12.001473426818848 9.052358897825935e-17
12.012986183166504 9.208558390744529e-17
12.024519920349121 9.034356138974331e-17
12.036076545715332 9.501791270916617e-17
12.04765510559082 9.683312416746684e-17
12.059255599975586 9.0745776308236e-17
12.070878982543945 9.106810543189076e-17
12.082525253295898 1.0271400774580444e-16
12.094193458557129 1.0644536654947194e-16
12.105883598327637 1.6065223924319086e-16
12.117597579956055 1.0455136117474192e-16
12.12933349609375 1.0305506820899434e-14
12.141092300415039 2.5658400388774887e-15
12.152873992919922 3.612223884333983e-16
12.164678573608398 1.098765249652317e-16
12.176506042480469 2.3697019895837894e-16
12.188356399536133 1.596094358060024e-16
12.20022964477539 9.310203667904025e-17
12.212126731872559 9.405178560603893e-17
12.22404670715332 9.330908329508472e-17
12.235989570617676 9.315011241624183e-17
12.247956275939941 9.884342451887691e-17
12.259946823120117 1.5386526863930757e-16
12.271960258483887 4.6579625024429066e-15
12.283997535705566 9.389607051008705e-17
12.29605770111084 9.408027370633526e-17
12.30814266204834 2.214689401582536e-16
12.320250511169434 1.0626739698631993e-16
12.332383155822754 1.5170735956194863e-16
12.344538688659668 9.467481804341387e-17
12.356719017028809 2.8085203781008845e-16
12.36892318725586 9.480203842162453e-17
12.38115119934082 1.907856613348892e-16
12.393403053283691 1.3214223255726622e-15
12.405679702758789 9.55830160338828e-17
12.417981147766113 1.170941257960101e-16
12.430306434631348 6.07885529514343e-16
12.442656517028809 9.583671563647526e-17
12.455031394958496 2.1349978949268913e-16
12.467430114746094 9.745839991866302e-17
12.479853630065918 9.642496016600867e-17
12.492302894592285 9.641362448289424e-17
12.504776000976562 9.678024416526755e-17
12.517273902893066 1.586765878332794e-16
12.529797554016113 9.867192681683751e-17
12.542346000671387 1.1596032455050693e-15
12.554920196533203 5.113817952842397e-16
12.567519187927246 9.817059580862628e-17
12.580142974853516 1.4577380112220365e-16
12.592792510986328 1.065601792184943e-16
12.605467796325684 1.0281060920646083e-16
12.618167877197266 9.863231479166357e-17
12.630894660949707 9.837911811488354e-17
12.643646240234375 2.0517982160317357e-16
12.656424522399902 2.6643408120994216e-16
12.669227600097656 9.910513784724379e-17
12.68205738067627 9.87387299231073e-17
12.694912910461426 5.447904687898438e-16
12.707794189453125 9.870310821720831e-17
12.720702171325684 9.936931286511362e-17
12.733635902404785 1.0313169425047431e-16
12.746596336364746 1.0962329520122717e-16
12.75958251953125 1.038130660820914e-16
12.77259635925293 1.0312638705966417e-16
12.785635948181152 1.0002379140065538e-16
12.798702239990234 1.2547947404114185e-16
12.811795234680176 1.2290364684854153e-16
12.824915885925293 1.0602339194050659e-16
12.838062286376953 1.217565260099428e-16
12.851236343383789 1.0678926192605719e-16
12.864437103271484 1.024482974807177e-16
12.877665519714355 1.280383605747971e-16
12.890920639038086 1.0179119181955048e-16
12.904203414916992 1.0253881089206571e-16
12.917512893676758 1.0354500662406501e-16
12.930850982666016 1.0488597889357678e-16
12.944215774536133 1.063870073028951e-16
12.957608222961426 1.0819251096952685e-16
12.971029281616211 1.0578671902364292e-16
12.984477043151855 1.0251177862964747e-16
12.997953414916992 1.0729834196224682e-16
13.011458396911621 1.1427259287425702e-16
13.02499008178711 1.0461158654078069e-16
13.03855037689209 1.0395027218465679e-16
13.052139282226562 1.0482119410800162e-16
13.065756797790527 1.0369682404497054e-16
13.079401969909668 1.0497305123357656e-16
13.093076705932617 1.0340572926124578e-16
13.106779098510742 1.0834799445490721e-16
13.12051010131836 1.0930421524301851e-16
13.134270668029785 1.0412296102677826e-16
13.148059844970703 4.820272861619907e-16
13.161877632141113 1.047397002740529e-16
13.175724983215332 1.0403107118689097e-16
13.189600944519043 1.0407440883354385e-16
13.203507423400879 1.0398138079313369e-16
13.21744155883789 1.0448806531426937e-16
13.231406211853027 1.1287418118300957e-16
13.245400428771973 1.048629832725478e-16
13.259424209594727 1.0619578961505244e-16
13.273477554321289 1.06023563994074e-16
13.28756046295166 1.1238918864625748e-16
13.30167293548584 1.0551078480618503e-16
13.315816879272461 1.0773858733658225e-16
13.329989433288574 1.606606566331042e-16
13.344192504882812 1.0614073909092581e-16
13.358427047729492 1.3625030529375813e-16
13.372690200805664 1.0631714693708132e-16
13.386984825134277 1.54018819830777e-16
13.401309967041016 1.340550870620506e-16
13.415666580200195 1.1108328883471796e-16
13.430052757263184 1.7554265493944783e-16
13.444470405578613 1.7206010650538256e-14
13.458918571472168 1.191449354981226e-15
13.473398208618164 1.0491459140183723e-15
13.487909317016602 8.931974075499622e-16
13.502450942993164 1.3010960759374007e-16
13.517024993896484 1.498925650026767e-16
13.53162956237793 1.7652721162662275e-16
13.546266555786133 3.5311696075453246e-15
13.560934066772461 2.2284978915073533e-16
13.575634956359863 1.4976082490959905e-16
13.59036636352539 1.1202847172473536e-16
13.605130195617676 1.161363432909023e-16
13.619926452636719 2.429188319376071e-16
13.63475513458252 1.1357748322702666e-16
13.649615287780762 3.8632156284731933e-16
13.664508819580078 1.10609718007864e-16
13.679433822631836 1.6505743260873386e-16
13.694392204284668 1.1130612626248162e-14
13.709383010864258 5.856820431097292e-16
13.724407196044922 1.0986212540512838e-16
13.739463806152344 1.1075121221472488e-16
13.75455379486084 1.158196456128578e-16
13.76967716217041 1.1147133580367884e-16
13.784832954406738 3.0329719330246573e-16
13.800023078918457 1.4359033547263928e-16
13.815245628356934 1.186836492959818e-16
13.8305025100708 2.7036940157684156e-15
13.845793724060059 1.2932266104618163e-16
13.86111831665039 1.1351306901836593e-16
13.876476287841797 2.2369250752391455e-16
13.891868591308594 7.860161348054488e-16
13.907295227050781 1.1944568778093505e-16
13.92275619506836 1.135392608652818e-16
13.938251495361328 1.2830149665381756e-16
13.953782081604004 2.289317504098172e-16
13.969346046447754 1.3389546105616257e-16
13.984946250915527 1.4758343407445326e-16
14.000579833984375 2.1960218542162353e-16
14.016249656677246 3.1446029345388936e-16
14.031953811645508 1.2217828224322643e-16
14.047693252563477 3.6356618153801016e-16
14.063467979431152 2.0263211855140004e-16
14.079277992248535 3.0458889207724894e-16
14.095124244689941 1.596343968081668e-16
14.111005783081055 2.4462020349128575e-16
14.126923561096191 1.3358937775973835e-16
14.142876625061035 1.7465076895065845e-16
14.158865928649902 2.0899538739319897e-16
14.17489242553711 1.165449969832831e-16
14.190954208374023 1.3563468439467167e-16
14.207052230834961 1.5017757570756e-15
14.223187446594238 1.0515136490386339e-16
14.239358901977539 7.790958756263811e-17
14.25556755065918 3.600245514970827e-16
14.27181339263916 7.821097909062793e-17
14.288095474243164 7.472707302156689e-17
14.304415702819824 7.072149391867071e-17
14.320773124694824 7.036930026618033e-17
14.337166786193848 2.2557546176566086e-16
14.353599548339844 6.993956339434678e-17
14.37006950378418 6.210913554971888e-16
14.386576652526855 7.024273501501482e-17
14.403122901916504 4.3292100103117586e-16
14.419706344604492 1.4167240141714933e-16
14.436327934265137 1.41514390067817e-16
14.452988624572754 6.515889355817575e-16
14.469687461853027 8.506530204870774e-17
14.486424446105957 7.630248812901089e-17
14.50320053100586 7.423949306385874e-17
14.520015716552734 7.852880041081653e-16
14.536870002746582 3.4680512004752167e-16
14.553763389587402 1.372605111973671e-16
14.570695877075195 2.254017670719145e-16
14.587668418884277 7.216783576333193e-17
14.604680061340332 7.165183387977645e-17
14.621731758117676 1.0820690391218527e-16
14.638822555541992 1.2463126318869528e-15
14.655953407287598 1.1304357453757063e-16
14.673125267028809 7.24607172571798e-17
14.690337181091309 1.0279726182009668e-16
14.707589149475098 7.909853727045243e-17
14.724882125854492 7.787565330518874e-17
14.742215156555176 1.0535651893066634e-16
14.759589195251465 9.414279532575447e-17
14.77700424194336 7.630754385691481e-17
14.794461250305176 7.301898476131429e-17
14.811958312988281 2.2858594391514473e-15
14.829497337341309 7.529051536761351e-17
14.847078323364258 7.287897286211112e-17
14.864701271057129 9.408413167671221e-17
14.882365226745605 8.714797739499375e-17
14.90007209777832 1.2502271152433497e-16
14.91781997680664 8.482842399105216e-17
14.9356107711792 9.250886877050092e-17
14.953444480895996 3.175837592106251e-15
14.971320152282715 1.0793946649397952e-16
14.989239692687988 9.424257977740796e-17
15.007201194763184 3.0792100640109066e-14
15.025205612182617 7.912129466346499e-17
15.043253898620605 3.704659107560187e-15
15.061345100402832 2.416273978606199e-16
15.079480171203613 8.962216725136847e-17
15.09765911102295 8.431841089513156e-17
15.11588191986084 9.109466123827616e-17
15.134148597717285 7.509254788597242e-17
15.152459144592285 9.138475017037606e-17
15.170814514160156 5.220956503362633e-15
15.189214706420898 9.697679551369995e-17
15.207658767700195 7.657515994613287e-17
15.22614860534668 3.3740612482743273e-16
15.244683265686035 4.14319786932557e-16
15.263262748718262 9.651454237051028e-15
15.28188705444336 7.901575965219303e-17
15.300558090209961 1.2172625781696825e-16
15.319273948669434 2.4459818063465714e-16
15.338035583496094 8.816053910898727e-17
15.356843948364258 2.4034581054164453e-16
15.37569808959961 5.897668594978631e-16
15.394598007202148 1.6179015389244412e-15
15.413544654846191 5.479305258044339e-16
15.432538986206055 2.748535092963111e-16
15.451579093933105 3.423395888193766e-15
15.470666885375977 1.4007215765643894e-16
15.489801406860352 9.288852349583908e-16
15.508983612060547 5.297983032607979e-16
15.528213500976562 3.1639894011191764e-16
15.547491073608398 1.4280182720808433e-16
15.566816329956055 1.4873326806546117e-16
15.586190223693848 1.344636613450926e-16
15.605611801147461 9.77529225388462e-17
15.625082015991211 6.132479362847324e-16
15.644600868225098 7.378621529353642e-16
15.664168357849121 1.3607401656161083e-16
15.683785438537598 9.366232912131427e-17
15.703451156616211 1.1133001365038538e-16
15.723166465759277 9.672906484640766e-17
15.742931365966797 5.005774135859783e-16
15.762746810913086 2.501538167961389e-16
15.782610893249512 1.0641405941764804e-16
15.802525520324707 9.018961315157984e-17
15.822490692138672 3.675772531201737e-16
15.842506408691406 9.911194719804632e-17
15.86257266998291 2.7620547975924737e-16
15.882689476013184 8.502604074811352e-17
15.902857780456543 8.131350857518773e-17
15.923077583312988 2.0018763440518333e-16
15.94334888458252 8.581083000863443e-17
15.963671684265137 8.375879343223739e-17
15.98404598236084 8.451783421465074e-17
16.004472732543945 1.3354311282015932e-14
16.024951934814453 8.110755383755182e-17
16.045482635498047 1.4656888712698962e-16
16.06606674194336 8.447125004952972e-16
16.08670425415039 8.434626372071745e-17
16.107393264770508 1.0482476752824785e-16
16.128137588500977 8.049830553790447e-17
16.14893341064453 2.2017143126684783e-16
16.169784545898438 7.860406193515803e-17
16.190689086914062 8.139467815433633e-17
16.211647033691406 8.279319572470218e-17
16.2326602935791 4.851863484783348e-16
16.25372886657715 9.459594471764572e-17
16.274850845336914 8.199865896784295e-17
16.29602813720703 8.516586735885949e-17
16.317258834838867 1.270309207631565e-16
16.338546752929688 8.257024077111709e-17
16.35988998413086 6.536284321000682e-16
16.381290435791016 8.132133701250493e-17
16.40274429321289 8.21180641436262e-17
16.424257278442383 7.89733153606017e-17
16.445825576782227 8.684383962737026e-17
16.467449188232422 9.217769212301429e-17
16.489131927490234 1.0827156296630731e-16
16.5108699798584 7.994555698281693e-17
16.53266716003418 7.90715910348179e-17
16.554519653320312 1.2529037393566733e-16
16.576431274414062 2.157299531274268e-15
16.59840202331543 9.351039258640053e-17
16.62042999267578 1.3054569191872211e-15
16.64251708984375 9.648377601628364e-17
16.664661407470703 1.2186404625468488e-16
16.686866760253906 5.446191563762616e-16
16.709129333496094 9.472809509230719e-17
16.73145294189453 8.406033054401502e-17
16.753835678100586 1.129337911266726e-16
16.77627944946289 1.8176361430517415e-14
16.798782348632812 8.290957011072104e-17
16.821346282958984 2.1559061091364756e-16
16.843969345092773 8.43798340186973e-17
16.866655349731445 2.1662204558049709e-16
16.889402389526367 1.828472420834423e-16
16.91221046447754 9.276775644989532e-17
16.93507957458496 7.588280315598108e-17
16.958009719848633 2.1169541079169046e-16
16.98100471496582 1.491269133928078e-16
17.004060745239258 4.3530926336551856e-16
17.027179718017578 1.0352560427561697e-16
17.05035972595215 2.3140899461406017e-14
17.073604583740234 3.488523457414761e-16
17.096914291381836 2.043011789745145e-14
17.12028694152832 1.256894190980527e-16
17.143722534179688 1.6173314592811595e-16
17.16722297668457 1.7675470614740953e-16
17.190786361694336 6.069989507163638e-16
17.21441650390625 2.6499600455396157e-16
17.23811149597168 1.8803105725085902e-16
17.261871337890625 1.455296041704882e-16
17.28569793701172 9.984197048457132e-17
17.309589385986328 8.841964516406338e-17
17.333545684814453 1.478321573584806e-16
17.35757064819336 1.7092619302801388e-16
17.38166046142578 1.3448802677721596e-16
17.405818939208984 1.1662436661741878e-15
17.430044174194336 2.440217747140506e-16
17.454336166381836 1.3972163160006347e-16
17.478696823120117 1.2658876956468977e-16
17.503124237060547 3.0223670805250335e-16
17.527620315551758 9.024788637137298e-17
17.552186965942383 1.0183659410901229e-16
17.576820373535156 9.796781082709768e-17
17.601524353027344 2.272018179639483e-16
17.626296997070312 4.521646631505075e-16
17.651140213012695 9.113471663225843e-17
17.676054000854492 1.3620210382510344e-16
17.70103645324707 1.1460275043522898e-16
17.726091384887695 9.655752743969887e-17
17.751216888427734 9.054856983275845e-17
17.776412963867188 1.514910591109554e-15
17.801681518554688 1.04117263406719e-16
17.8270206451416 8.081779577769695e-17
17.852434158325195 1.1880772638786475e-16
17.877918243408203 8.067532218899081e-17
17.90347671508789 1.041766020351411e-16
17.929107666015625 8.566613295844176e-17
17.954811096191406 8.318154047868358e-17
17.9805908203125 8.190488315615904e-17
18.00644302368164 8.104750052508047e-17
18.03236961364746 8.81174463077957e-17
18.05837059020996 8.322522223247128e-17
18.084447860717773 8.295393346133349e-17
18.110599517822266 9.09658725256241e-17
18.13682746887207 8.13192789871409e-17
18.163131713867188 8.84854755059328e-17
18.189512252807617 8.079798976510998e-17
18.21596908569336 8.008280940749663e-17
18.242504119873047 8.68038834950615e-17
18.269115447998047 8.31989509762166e-17
18.295804977416992 7.841752939830488e-17
18.322572708129883 7.630346089341125e-17
18.34941864013672 8.427429238998043e-17
18.3763427734375 8.354092729378072e-17
18.40334701538086 9.869281147294325e-17
18.430429458618164 1.460773036151167e-16
18.457592010498047 1.0014554576937828e-16
18.48483657836914 8.105176215959635e-17
18.51215934753418 7.697433083997136e-17
18.53956413269043 1.5576451503039872e-16
18.56705093383789 1.0221855964610968e-15
18.59461784362793 8.066239170165539e-17
18.622268676757812 3.621223397640323e-15
18.649999618530273 7.395866855461943e-17
18.677814483642578 8.069893323239553e-17
18.705711364746094 8.794955511322704e-17
18.733694076538086 2.4892413671496246e-16
18.76175880432129 8.686183907749941e-17
18.789907455444336 1.0078432110817133e-16
18.81814193725586 8.822462906284787e-17
18.846460342407227 7.40096228803527e-17
18.87486457824707 3.0895254112370707e-16
18.90335464477539 1.1914608958051324e-16
18.931930541992188 2.623037897404526e-16
18.960594177246094 6.17706027387227e-14
18.989343643188477 6.190160718368566e-16
19.018178939819336 9.505467261558802e-16
19.047103881835938 4.683347338718289e-16
19.07611656188965 4.157628134373231e-16
19.1052188873291 2.0269497104306427e-16
19.134408950805664 8.316234327102745e-17
19.16368865966797 1.0338345494171095e-16
19.193058013916016 8.883317591333579e-17
19.222517013549805 1.9994281541364724e-16
19.252065658569336 8.360872301678556e-17
19.281707763671875 8.504104911314769e-17
19.311439514160156 3.244632231653706e-16
19.341264724731445 1.2376297500842081e-16
19.371179580688477 1.9564489082994011e-16
19.40118980407715 3.9567950343924604e-16
19.431291580200195 1.2478533054086695e-16
19.46148681640625 8.679643225210362e-17
19.491777420043945 9.553716375816776e-17
19.52216148376465 9.444673457003095e-17
19.552640914916992 9.807526489739076e-17
19.583215713500977 9.959401482415243e-17
19.6138858795166 1.2714740102829378e-16
19.644651412963867 9.943741299058389e-17
19.675514221191406 8.917579412305525e-17
19.70647430419922 9.646303694396571e-17
19.737533569335938 9.089842090975408e-17
19.768688201904297 1.0250168702617433e-16
19.799943923950195 1.1717874968139672e-16
19.831296920776367 3.054618124689537e-16
19.862749099731445 9.68248523613413e-17
19.894302368164062 1.2865361089696914e-16
19.925954818725586 1.1217817156327275e-16
19.95771026611328 9.090196786022071e-17
19.989564895629883 1.0087379558066997e-16
20.021522521972656 1.0895738172089748e-16
20.05358123779297 9.345666555125398e-17
20.085744857788086 1.0477536830206618e-16
20.118009567260742 9.736778724564151e-17
20.150379180908203 9.622084507805508e-17
20.18285369873047 1.0301355300666704e-16
20.21543312072754 9.845321364543359e-17
20.24811553955078 9.712326603912594e-17
20.280906677246094 9.989514165434623e-17
20.31380271911621 1.0389634000871833e-16
20.346805572509766 1.0917250161972047e-16
20.37991714477539 9.642116837008073e-17
20.413135528564453 1.319817356956293e-16
20.446462631225586 1.1511879202345387e-16
20.47989845275879 9.470295541913048e-17
20.513442993164062 1.2233901997985773e-16
20.547100067138672 1.417764805905432e-16
20.58086585998535 9.794134104749598e-17
20.614744186401367 1.298354071468461e-16
20.648733139038086 1.0834431515554258e-16
20.68283462524414 1.513635303598124e-16
20.71704864501953 1.1600161211272966e-16
20.751375198364258 1.0224791463168796e-16
20.785818099975586 1.0457024074504283e-16
20.82037353515625 1.147793700396213e-16
20.855045318603516 1.6711649029417026e-16
20.88983154296875 1.663589119670799e-16
20.924734115600586 6.906256665658336e-16
20.959754943847656 4.638554648280706e-16
20.994892120361328 1.5930001731734837e-16
21.030147552490234 1.0632287102692019e-16
21.065521240234375 9.645017924852419e-17
21.101015090942383 1.2158175929012258e-16
21.136627197265625 1.083337140088121e-16
21.172361373901367 1.1070132329762058e-16
21.208215713500977 1.0783904676761559e-16
21.244192123413086 1.0933342464480899e-16
21.280288696289062 4.658574801384653e-16
21.316511154174805 3.7044197148734695e-16
21.352855682373047 1.605904455427107e-16
21.389324188232422 1.1658810301936446e-16
21.425918579101562 1.039597086610848e-16
21.462636947631836 1.569825616434402e-16
21.499483108520508 1.0412329851646818e-16
21.536453247070312 1.03649410052259e-16
21.57355308532715 1.1394191915258282e-16
21.610780715942383 1.557040019378557e-14
21.648136138916016 4.694267181595173e-16
21.68562126159668 2.3713920850113577e-16
21.723237991333008 1.4511192428326322e-16
21.760982513427734 1.2176639923773422e-16
21.798860549926758 2.30782109764962e-15
21.836870193481445 1.31690210777986e-16
21.87501335144043 1.0263975339657678e-16
21.913288116455078 1.1997120555025734e-16
21.951698303222656 1.1693440714589346e-16
21.990243911743164 1.2968226623696048e-16
22.0289249420166 1.555067523166374e-16
22.06774139404297 1.3761261220562887e-16
22.1066951751709 9.14384772055226e-15
22.14578628540039 1.7395182118538585e-16
22.185016632080078 1.3744861868610655e-16
22.22438621520996 1.1092053277739203e-16
22.26389503479004 1.0510887429015776e-16
22.303544998168945 1.2337991759291486e-16
22.343338012695312 1.045244347914421e-16
22.383270263671875 1.3230134504942998e-16
22.42334747314453 1.109232326949114e-16
22.46356773376465 1.0631643225303208e-16
22.50393295288086 1.1133230328632093e-16
22.544445037841797 1.0619268603339414e-16
22.585100173950195 1.055071055068204e-16
22.625904083251953 1.1458218341647847e-16
22.666854858398438 1.0584019459588325e-16
22.70795440673828 1.1204373155267573e-16
22.749204635620117 2.8873243530464843e-16
22.790603637695312 1.1498734309795184e-16
22.8321533203125 1.4628650751819872e-16
22.873855590820312 2.7403559310661867e-16
22.91571044921875 1.3833435045113853e-16
22.957717895507812 1.2077275018126612e-16
22.999879837036133 2.548645905322937e-16
23.04219627380371 1.231124537049295e-16
23.084671020507812 1.0589972513020746e-16
23.127300262451172 1.1331119724423359e-16
23.170087814331055 1.6168490475479186e-16
23.213035583496094 1.1466486177306437e-16
23.256141662597656 1.5001351866056665e-16
23.299407958984375 1.1602276146663142e-16
23.342836380004883 1.3463240619005342e-16
23.386425018310547 1.1263691931354976e-16
23.430179595947266 1.194372306863523e-16
23.474096298217773 2.370525729124994e-16
23.518178939819336 1.4032973508174305e-16
23.56242561340332 1.383820754637604e-16
23.606840133666992 1.5681218890703388e-16
23.65142250061035 1.0409627287149485e-16
23.69617462158203 1.0690605321110478e-16
23.7410945892334 1.15607569738689e-16
23.78618621826172 1.243726534419867e-16
23.831449508666992 1.3986941237957974e-16
23.87688636779785 1.0954932540213023e-16
23.922494888305664 1.226694422386257e-16
23.968278884887695 1.2572545770298042e-16
24.014238357543945 2.0891583247060607e-16
24.060375213623047 1.2290978783740912e-16
24.106687545776367 3.070123592184619e-16
24.153181076049805 3.423087515261406e-16
24.199851989746094 1.6639677698680012e-16
24.2467041015625 1.5701110930074064e-16
24.293739318847656 2.6250104253804443e-16
24.340957641601562 1.1242881390632122e-16
24.388357162475586 1.1682250615262728e-16
24.435943603515625 1.796540602211916e-16
24.48371696472168 1.1063359374906474e-16
24.531675338745117 1.5159837024443864e-16
24.579824447631836 2.2165696823765426e-16
24.62816047668457 1.2596250781420342e-16
24.676687240600586 1.34251572236034e-16
24.725406646728516 2.233643616661923e-16
24.77431869506836 2.8921232711487128e-15
24.82342529296875 1.3597623719576216e-16
24.872726440429688 1.4014262020973866e-16
24.922222137451172 1.7606228318280874e-16
24.9719181060791 2.2926436966029214e-16
25.02181053161621 1.3169452535206108e-16
25.071903228759766 1.5084509325653355e-16
25.122196197509766 1.1583027322936788e-16
25.172693252563477 1.3455443945423662e-16
25.223392486572266 1.1026768875074068e-16
25.274295806884766 1.0849001143991522e-16
25.32540512084961 1.5506649370741217e-16
25.37672233581543 1.1987594081347083e-16
25.42824935913086 1.1459140813466966e-16
25.479984283447266 1.4068722269015377e-16
25.53192901611328 2.1138154538006334e-16
25.584087371826172 1.9608992723438344e-16
25.636459350585938 1.5082590266632232e-16
25.68904685974121 1.829283587230317e-16
25.741849899291992 1.552555276384377e-16
25.79486846923828 1.4577973035283443e-16
25.848108291625977 1.583491037200472e-16
25.901567459106445 2.015302213312508e-16
25.955249786376953 2.4399429908282403e-16
26.009153366088867 3.742555255741226e-16
26.063282012939453 1.2671836560561967e-16
26.11763572692871 1.2849922590744224e-16
26.172216415405273 1.1863477284794726e-16
26.227025985717773 1.138543968263298e-16
26.282066345214844 1.7883483377740888e-16
26.337337493896484 1.915843604645908e-16
26.392841339111328 1.7234519820779145e-16
26.44858169555664 1.479678017440495e-16
26.50455665588379 1.2253068765395362e-16
26.560768127441406 1.4226357747477362e-16
26.617219924926758 1.569637151603638e-16
26.67391014099121 1.1068539510774526e-16
26.730844497680664 2.1578530937750785e-16
26.788021087646484 1.2406401581183091e-16
26.845443725585938 1.594020186130435e-16
26.903112411499023 1.3476658150285442e-16
26.961030960083008 3.146232149473378e-16
27.019197463989258 3.18638759922254e-16
27.07761573791504 1.0357195285969954e-16
27.136287689208984 1.4678132034318304e-16
27.195215225219727 1.46259640691903e-16
27.254398345947266 1.0633690662755399e-16
27.313838958740234 1.4772701939390267e-16
27.3735408782959 2.0428208579309221e-16
27.433504104614258 1.6403142424670268e-16
27.493728637695312 4.672052154366653e-16
27.55422019958496 1.3837154049147892e-16
27.614978790283203 1.926716066617305e-16
27.67600440979004 1.0231970729141266e-16
27.737300872802734 1.1191946917233557e-16
27.798870086669922 1.7334518677647416e-16
27.8607120513916 1.2311794618419686e-16
27.92283058166504 2.9563837433295155e-16
27.985227584838867 3.821123120252779e-16
28.047903060913086 1.3912813943672402e-16
28.11086082458496 1.720575114081904e-16
28.174100875854492 1.0373085756409342e-16
28.237625122070312 2.1711104828885883e-16
28.301437377929688 1.402898583587731e-16
28.36553955078125 2.036515756429798e-16
28.429931640625 1.2644773857897193e-16
28.494617462158203 6.02899575949449e-16
28.559598922729492 1.1047175751657996e-16
28.624876022338867 1.3470977735582918e-16
28.690452575683594 1.215447280684598e-16
28.756330490112305 3.2541216476409144e-16
28.822513580322266 1.2855391247209934e-16
28.888999938964844 2.0166020118398493e-16
28.955793380737305 1.4298012764348136e-16
29.022897720336914 1.1108114478257023e-16
29.090312957763672 1.1966133707535007e-16
29.15804100036621 6.368482858984869e-16
29.22608757019043 3.007304452442688e-16
29.294450759887695 1.0811887204267493e-16
29.363134384155273 1.2561394052151847e-16
29.43214225769043 1.3728995882717398e-16
29.501474380493164 2.9984209297105623e-16
29.57113265991211 1.4887584753328571e-16
29.641122817993164 1.43046275622706e-16
29.711444854736328 9.581057672911858e-17
29.782100677490234 1.1315289472732564e-16
29.853092193603516 2.184472692329321e-16
29.92442512512207 1.1500576606455462e-16
29.9960994720459 1.644794385013512e-16
30.068117141723633 1.4568971986729886e-16
30.14048194885254 9.494023052348009e-17
30.21319580078125 1.1630924389126058e-16
30.2862606048584 1.0094859256037946e-16
30.35968017578125 1.508645220747612e-16
30.433456420898438 7.420735478095534e-16
30.507593154907227 1.0588245359901736e-16
30.582090377807617 9.465448925267977e-17
30.656953811645508 1.291461208511281e-16
30.7321834564209 9.523178191090298e-17
30.807783126831055 1.2845750953478996e-16
30.883756637573242 1.6195185248207497e-16
30.960105895996094 1.3501142696417011e-16
31.036832809448242 2.529802598620081e-16
31.113941192626953 1.5632020834846695e-16
31.19143295288086 9.680850727243726e-17
31.26931381225586 1.8237406830328237e-16
31.34758186340332 2.325942149946264e-16
31.426244735717773 2.8438712981545427e-16
31.50530242919922 1.0160506294683625e-16
31.584758758544922 1.1974507422312004e-16
31.66461753845215 2.011307791221714e-16
31.74488067626953 1.1850972960910885e-16
31.825551986694336 1.0671379658441275e-16
31.906635284423828 1.145717940279848e-16
31.98813247680664 1.712710148468852e-16
32.070045471191406 1.0239633730335957e-16
32.152381896972656 2.7148771800127773e-16
32.235137939453125 3.876223142867263e-16
32.31832504272461 1.6827887096070937e-16
32.401939392089844 3.6058981364047696e-16
32.48598861694336 1.523293596779191e-16
32.57047653198242 5.616250897978454e-16
32.65540313720703 2.2828347903759206e-16
32.74077606201172 1.0799468907167356e-16
32.826595306396484 1.5739988418864056e-16
32.912864685058594 1.2597441921502418e-16
32.99959182739258 2.190134578186124e-16
33.08677291870117 8.882589672394532e-17
33.17441940307617 9.208680813475187e-17
33.26253128051758 2.0512183955095605e-16
33.35110855102539 2.1436111612092835e-16
33.440162658691406 1.0305016071185619e-16
33.529693603515625 3.645835475170014e-16
33.61970138549805 1.3142577767976505e-16
33.71019744873047 1.7700568200968098e-15
33.80118179321289 2.0313591786655914e-16
33.89265823364258 1.2058298833130156e-16
33.9846305847168 1.838628213523104e-16
34.07710266113281 1.3230918010419208e-16
34.170082092285156 8.920194626530173e-17
34.26356506347656 1.3675724127780003e-16
34.357566833496094 1.3224001457009285e-16
34.452083587646484 8.30758731185136e-17
34.547119140625 1.5862846577396352e-16
34.64268493652344 1.4129109100709708e-16
34.73877716064453 9.877677361383984e-17
34.83540725708008 1.7859444847395607e-16
34.93257522583008 1.1968011738397748e-16
35.0302848815918 8.560089818661338e-17
35.128543853759766 1.8270647579552048e-16
35.22735595703125 1.7076366858125947e-16
35.326725006103516 9.54722929458089e-17
35.426658630371094 1.329897313726415e-16
35.527156829833984 1.3200864222659442e-16
35.62822723388672 9.645428206436245e-17
35.72987365722656 1.6153070505372217e-16
35.83210372924805 8.0278963709235e-17
35.93491744995117 9.725251797292102e-17
36.038326263427734 1.2163385181637872e-16
36.142330169677734 8.093630098097375e-17
36.2469367980957 1.1078806476537534e-16
36.352149963378906 4.500340047112485e-16
36.457977294921875 8.71392754549497e-17
36.56441879272461 2.0548988860142784e-16
36.671485900878906 5.55989885478881e-16
36.77918243408203 2.5292369394299926e-16
36.88751220703125 1.3395853854095342e-16
36.996482849121094 1.1297100763679258e-16
37.106101989746094 8.665021980702874e-17
37.21636962890625 7.694115758868553e-17
37.327293395996094 1.0109948353899894e-16
37.438880920410156 1.0012487287150936e-16
37.55113983154297 1.1569149217491618e-16
37.6640739440918 4.555954112846834e-16
37.777687072753906 9.59901741837161e-17
37.89198684692383 8.114852905637525e-17
38.00698471069336 8.654602151962666e-17
38.1226806640625 7.815995859044566e-17
38.23908233642578 8.706308881181111e-17
38.356197357177734 9.848941768648381e-17
38.474029541015625 9.361084539998897e-17
38.592594146728516 1.0051664546194917e-16
38.71188735961914 1.1118736800811184e-16
38.8319206237793 1.3747502229125925e-16
38.952701568603516 1.4970468250706385e-16
39.07423400878906 8.467974323902942e-17
39.196529388427734 1.9511875102079719e-16
39.3195915222168 1.2827758120794743e-16
39.44342803955078 9.27331803002906e-17
39.568050384521484 7.814099961080595e-17
39.69346237182617 9.580855840842395e-17
39.81966781616211 1.6339093498968043e-16
39.94668197631836 7.172765656344551e-17
40.07450866699219 7.29427451786165e-17
40.203155517578125 3.6050548092266595e-16
40.3326301574707 8.727753373125426e-17
40.46294021606445 7.018301919223339e-17
40.59409713745117 1.5978968177020016e-16
40.72610855102539 7.286495711381202e-17
40.858978271484375 3.0004961604313354e-16
40.99271774291992 1.917886542235567e-16
41.12733840942383 7.991491821292797e-17
41.26284408569336 7.226743492652821e-17
41.39924621582031 7.016627043919042e-17
41.536556243896484 9.253060707699882e-17
41.674774169921875 9.612694353491806e-17
41.81391906738281 6.622320633826854e-17
41.95399475097656 1.2182169460732217e-16
42.09501266479492 7.088588448488705e-17
42.23698425292969 1.8437068377863836e-16
42.379913330078125 7.092062607061427e-17
42.52381134033203 1.1093992189095027e-16
42.66869354248047 6.775528379905966e-17
42.8145637512207 6.623087595690813e-17
42.9614372253418 6.835170087304509e-17
43.10932159423828 6.484218529221941e-17
43.25822830200195 7.616987453320639e-17
43.408164978027344 6.585807558099783e-17
43.559146881103516 1.0059877457060834e-16
43.711177825927734 1.9279229562182444e-16
43.864280700683594 7.035902337424997e-17
44.018455505371094 2.4073144876066166e-16
44.1737174987793 3.5188191789600873e-16
44.330081939697266 7.93242847857855e-17
44.487552642822266 6.603092324179691e-17
44.646148681640625 7.783370532196495e-17
44.80588150024414 7.689439210557423e-17
44.966758728027344 6.851949280594025e-17
45.1287956237793 6.129504291968991e-17
45.29200744628906 8.736052310775048e-17
45.45640182495117 1.2422695054016916e-16
45.62199401855469 1.8752416097148652e-16
45.788795471191406 5.891259731941468e-17
45.95682144165039 6.47875251973419e-17
46.1260871887207 8.817924662572077e-17
46.29660415649414 1.570276926176611e-16
46.468387603759766 7.64134825323257e-17
46.641448974609375 2.6713267163319015e-16
46.81580352783203 7.761505832501003e-17
46.9914665222168 7.4945508260285e-17
47.168453216552734 7.328358991310266e-17
47.346778869628906 7.531559548378612e-17
47.52645492553711 8.11305031364665e-17
47.70750427246094 6.566738067130231e-17
47.88993453979492 6.21340356713902e-17
48.073768615722656 5.699870652275889e-17
48.25901794433594 8.939285293323407e-17
48.445701599121094 5.683325054791358e-17
48.63383483886719 5.739488633150239e-17
48.82343292236328 6.964128868290506e-17
49.01451873779297 7.402740395480014e-17
49.20710372924805 1.441928803006025e-16
49.401206970214844 7.641413104192594e-17
49.59684753417969 5.670483902962085e-17
49.79404830932617 6.295414223534467e-17
49.992820739746094 7.472506131831716e-17
50.19318389892578 7.492003109741836e-17
50.395164489746094 3.6247718833541675e-16
50.59877395629883 2.1877456805770708e-16
50.80403518676758 7.561068058678584e-17
51.01097106933594 8.07296249418437e-17
51.21959686279297 6.02934529293413e-17
51.429935455322266 5.606809524641223e-17
51.64201354980469 5.307349297945591e-17
51.85584259033203 5.01173678458731e-17
52.07145309448242 4.980711225043916e-17
52.28886413574219 9.638836569570932e-17
52.508094787597656 7.492011712420207e-17
52.72917556762695 6.226005167462898e-17
52.952125549316406 2.0388170390683695e-16
53.17696762084961 6.968955632600876e-17
53.403724670410156 4.8970415752119323e-17
53.63242721557617 4.885653945155037e-17
53.86309814453125 5.0752010590325835e-17
54.095760345458984 2.342369824562669e-16
54.330440521240234 5.919859005312122e-17
54.56716537475586 5.248041440642274e-17
54.805965423583984 4.049139095697716e-16
55.04685974121094 8.36810781593268e-17
55.28988265991211 5.319847004384532e-17
55.535064697265625 5.660068706433307e-17
55.78242874145508 6.562969432259439e-17
56.032005310058594 5.68070785533324e-17
56.2838249206543 6.665735042840577e-17
56.53791809082031 6.243078837050482e-17
56.79431915283203 4.789950471771632e-17
57.05305099487305 4.562673995794317e-17
57.31415557861328 4.9767728527114286e-17
57.577659606933594 4.92399111956891e-17
57.843597412109375 1.3589035599584446e-16
58.112003326416016 7.80341808152233e-17
58.382911682128906 5.07569703652787e-17
58.65635681152344 6.123016548988615e-17
58.932376861572266 6.586606945443754e-17
59.21100616455078 5.2140171859422525e-17
59.492286682128906 1.877311281781922e-16
59.776248931884766 4.5722246231468544e-17
60.06293487548828 4.592718519131223e-17
60.35238265991211 4.3484630030284e-17
60.64463424682617 5.036757674628059e-17
60.93973159790039 4.980254621345787e-17
61.23771286010742 5.011987585749036e-17
61.53862380981445 4.372888653900356e-17
61.84251022338867 4.452561367012483e-17
62.14940643310547 4.787374300471897e-17
62.45936965942383 4.7368709536085943e-17
62.77243423461914 2.1818783892305586e-16
63.08865737915039 6.946698518422789e-17
63.4080810546875 1.0018444311050298e-16
63.73075485229492 3.969208566932268e-16
64.05673217773438 9.027041877125892e-17
64.38606262207031 3.8064704428820146e-17
64.71878814697266 4.8208403736945673e-17
65.05497741699219 4.12016942576989e-17
65.3946762084961 4.011542082495956e-17
65.73794555664062 7.958042622554622e-17
66.08483123779297 2.2093953133132987e-16
66.4354019165039 2.9129079244271164e-16
66.78971099853516 3.544478189212584e-17
67.14781951904297 3.904115805471449e-17
67.5097885131836 4.8752552922385107e-17
67.87567901611328 4.621132504044665e-17
68.24555969238281 3.38983048712314e-17
68.61949157714844 3.7601384024116944e-17
68.99754333496094 3.946217644289173e-17
69.3797836303711 3.5813889733781704e-17
69.76628875732422 2.8244948900905086e-16
70.15711975097656 6.430093123892391e-17
70.55235290527344 4.171209447414617e-17
70.95207214355469 3.3012447374746313e-17
71.35633850097656 7.416228071676059e-17
71.7652359008789 3.431525022207243e-17
72.1788558959961 3.3627376750840684e-17
72.5972671508789 3.1593402490299343e-17
73.02055358886719 3.097527688831807e-17
73.44880676269531 1.2664930595063885e-16
73.88211822509766 3.000852774537019e-17
74.32057189941406 3.793512493150249e-17
74.76425170898438 3.548639569438216e-17
75.21327209472656 7.643492967124798e-17
75.66770935058594 3.8350002330812135e-17
76.12767791748047 4.666481853947272e-17
76.59326934814453 7.430182939482073e-17
77.06459045410156 3.125455622417312e-17
77.54175567626953 3.183657373805523e-17
78.02485656738281 3.1868281225295615e-17
78.51402282714844 2.910295026308184e-17
79.00935363769531 2.824252029862663e-17
79.51097869873047 3.671049726950753e-17
80.01901245117188 2.7757762681168504e-17
80.53358459472656 2.965186070012713e-17
81.05481719970703 2.939808830564076e-17
81.58283233642578 3.6521479882094265e-17
82.11778259277344 2.7022405734053763e-17
82.6597900390625 2.9086952590035063e-17
83.20899963378906 3.1176460448180765e-17
83.76555633544922 2.6824420054439195e-17
84.32960510253906 2.4423017128885475e-17
84.90130615234375 2.2993399221848852e-17
85.4808120727539 2.3564605485124895e-17
86.06828308105469 2.83380199547071e-17
86.66387939453125 2.1986722070733042e-17
87.26778411865234 2.240452272632745e-17
87.88015747070312 4.945643068410853e-17
88.50119018554688 2.584634350018302e-17
89.13106536865234 2.2406048047377e-17
89.76996612548828 2.206040235661559e-17
90.41809844970703 2.7125502216879922e-17
91.07565307617188 2.7625534551529452e-17
91.74283599853516 3.1938032403268536e-17
92.41987609863281 2.5717094875110384e-17
93.10697937011719 1.9709677478470544e-17
93.80437469482422 6.014179432711338e-17
94.51229858398438 1.8088381971170683e-17
95.23099517822266 1.9067791940574295e-17
95.960693359375 2.0563225300229312e-17
96.70166778564453 1.92796180061981e-17
97.45417785644531 1.8297549478305742e-17
98.2184829711914 4.5239622739990805e-17
98.99488067626953 1.6675195179821814e-17
99.78364562988281 1.737757409027529e-17
100.58507537841797 2.281595078248275e-17
101.39949035644531 1.670844618608522e-17
102.22720336914062 3.957821003049822e-17
103.06853485107422 2.6100509632640963e-17
103.92383575439453 2.449007666114515e-17
104.79344940185547 1.4810012086355593e-17
105.677734375 1.3865993866640676e-17
106.57707977294922 1.7159271200455196e-17
107.49185180664062 1.3398027188436763e-17
108.42247772216797 1.4234226551208457e-17
109.36934661865234 1.2876232559051576e-17
110.3329086303711 1.2772270845304686e-17
111.31359100341797 1.1872036949773425e-17
112.31187438964844 1.1558275762903486e-17
113.32821655273438 1.142179840645775e-17
114.36312866210938 1.1188569869664748e-17
115.41710662841797 1.2631407777251193e-17
116.4906997680664 1.1052049499827158e-17
117.58445739746094 1.1379900881251326e-17
118.69894409179688 9.860748117531351e-18
119.83476257324219 1.5219696445779632e-17
