WAVELENGTH FLUX
5.000441551208496 3.5427546038249335e-25
5.002439022064209 3.5785587816416193e-25
5.0044379234313965 3.6151076934566403e-25
5.006438732147217 3.651565639748528e-25
5.008440971374512 3.687929662288888e-25
5.010444641113281 3.72419976107772e-25
5.012449741363525 3.7616425509059693e-25
5.014456748962402 3.8020297640629563e-25
5.016465663909912 3.8424869886252817e-25
5.018475532531738 3.8829747815476843e-25
5.020487308502197 3.9241131381978615e-25
5.022500991821289 3.9656091939647497e-25
5.0245161056518555 4.0070391826308258e-25
5.0265326499938965 4.048423318756786e-25
5.02855110168457 4.089700712141508e-25
5.030570983886719 4.130873334937256e-25
5.032592296600342 4.17205507893722e-25
5.034615516662598 4.215317690093738e-25
5.036640167236328 4.266736629972175e-25
5.038666725158691 4.318854697827864e-25
5.040694713592529 4.370864297309085e-25
5.042724132537842 4.422780712595877e-25
5.044755458831787 4.474565979757176e-25
5.046788692474365 4.526285672855729e-25
5.048823356628418 4.577902320998537e-25
5.050859451293945 4.629385848863589e-25
5.0528974533081055 4.680751047592858e-25
5.05493688583374 4.731993479843752e-25
5.05697774887085 4.783104270931087e-25
5.059020519256592 4.834093774654244e-25
5.061065196990967 4.884953609366106e-25
5.063111305236816 4.935680323800212e-25
5.065158843994141 4.986275397070759e-25
5.067208290100098 5.036741787406141e-25
5.0692596435546875 5.087122882156147e-25
5.071312427520752 5.138835672721779e-25
5.073366641998291 5.191104117187526e-25
5.075422763824463 5.243235497070991e-25
5.077480316162109 5.295229812372173e-25
5.079539775848389 5.3471146732227565e-25
5.081601142883301 5.40257899043078e-25
5.083663463592529 5.460550406203209e-25
5.085728168487549 5.518549925145387e-25
5.087794303894043 5.576481897872555e-25
5.089861869812012 5.635411286606762e-25
5.091931343078613 5.694769125420117e-25
5.094002723693848 5.754048571181015e-25
5.096075534820557 5.8132377909758795e-25
5.09814977645874 5.872272196818094e-25
5.100225925445557 5.931160170354777e-25
5.102303981781006 5.990060962881169e-25
5.10438346862793 6.053989264564149e-25
5.106464862823486 6.128383778307148e-25
5.108547687530518 6.202934092078928e-25
5.110632419586182 6.277357695067807e-25
5.1127190589904785 6.3515949296678275e-25
5.11480712890625 6.425715807284328e-25
5.116897106170654 6.499729695640558e-25
5.118988513946533 6.573549326998877e-25
5.121081829071045 6.64718702731093e-25
5.123176574707031 6.720660545947083e-25
5.12527322769165 6.793944737965984e-25
5.127371788024902 6.8670386172915e-25
5.129471778869629 6.939927392781658e-25
5.131573677062988 7.012629799882958e-25
5.133677005767822 7.085141894290873e-25
5.135782241821289 7.1574631829673385e-25
5.137889385223389 7.229586270341367e-25
5.139997959136963 7.301852831792532e-25
5.14210844039917 7.376287774656924e-25
5.144220352172852 7.451006214409129e-25
5.146334648132324 7.525547653495726e-25
5.148449897766113 7.599881523556636e-25
5.150567531585693 7.674773019669924e-25
5.152686595916748 7.756238685352098e-25
5.1548075675964355 7.839344195641e-25
5.156929969787598 7.922314120461817e-25
5.159054279327393 8.00525199780836e-25
5.16118049621582 8.089501356409832e-25
5.163308620452881 8.17433200689084e-25
5.165438175201416 8.2590615845683655e-25
5.167569637298584 8.343650646397149e-25
5.169702529907227 8.427979877165275e-25
5.171837329864502 8.512155280056883e-25
5.17397403717041 8.59649141335793e-25
5.176112651824951 8.692352804484256e-25
5.178252696990967 8.798607438036868e-25
5.180394649505615 8.905278195716985e-25
5.1825385093688965 9.011726100191377e-25
5.1846842765808105 9.117791407126737e-25
5.186831474304199 9.223690067195868e-25
5.188980579376221 9.32940827533293e-25
5.191131591796875 9.434860242914481e-25
5.193284034729004 9.54007851045286e-25
5.195438385009766 9.645036453892515e-25
5.19759464263916 9.749714351710817e-25
5.1997528076171875 9.854113189983897e-25
5.2019124031066895 9.958256634538912e-25
5.204073905944824 1.0062148629680388e-24
5.206237316131592 1.0165763537428905e-24
5.208402633666992 1.0269103329936726e-24
5.210569858551025 1.0372162090747062e-24
5.212738513946533 1.047613297197906e-24
5.214909076690674 1.0583030527169428e-24
5.217081546783447 1.069080273188846e-24
5.2192559242248535 1.079661658941028e-24
5.221431732177734 1.0903701499065637e-24
5.223609447479248 1.1030834322551056e-24
5.2257890701293945 1.114439676631441e-24
5.227970600128174 1.1255290888065853e-24
5.230154037475586 1.1370533605557328e-24
5.232339382171631 1.149262264962999e-24
5.23452615737915 1.1614585475957815e-24
5.236714839935303 1.1731006554426464e-24
5.238905429840088 1.1849462894030582e-24
5.241097927093506 1.1969977174521196e-24
5.243292331695557 1.2090440179052971e-24
5.24548864364624 1.2210694135444862e-24
5.247686386108398 1.2331537765363406e-24
5.249886512756348 1.2473720082768178e-24
5.2520880699157715 1.262647215022678e-24
5.254291534423828 1.2778801191024957e-24
5.256496906280518 1.2930746648207971e-24
5.25870418548584 1.308248897370789e-24
5.260913372039795 1.3233909838388932e-24
5.263123989105225 1.3385158139746957e-24
5.265336990356445 1.3557133761389663e-24
5.267551422119141 1.3755691037309923e-24
5.269767761230469 1.388458597884238e-24
5.271986484527588 1.3993160849532473e-24
5.274206638336182 1.4194750309557177e-24
5.276428699493408 1.441463049574556e-24
5.278652667999268 1.4533564096197338e-24
5.28087854385376 1.4606583033736858e-24
5.283106327056885 1.4728679966418572e-24
5.285336017608643 1.48763064101455e-24
5.287567615509033 1.5025834008654012e-24
5.289800643920898 1.5177439269571649e-24
5.292036056518555 1.5329935943312185e-24
5.294273376464844 1.548135878014549e-24
5.296512126922607 1.5633207601867614e-24
5.298753261566162 1.5796626054840936e-24
5.30099630355835 1.5966802087543607e-24
5.303240776062012 1.6136699060701057e-24
5.305487632751465 1.6305615874183769e-24
5.307735919952393 1.6474998115600561e-24
5.309986591339111 1.6647747807006516e-24
5.312238693237305 1.6936190852696053e-24
5.314493179321289 1.721314611145331e-24
5.316749572753906 1.7226355587311235e-24
5.319007396697998 1.7639744339626465e-24
5.321267604827881 1.7998948208514326e-24
5.323529243469238 1.7815875286087423e-24
5.325793266296387 1.789836449879412e-24
5.328059196472168 1.8112301604137797e-24
5.330327033996582 1.834673134364685e-24
5.332596778869629 1.858803797809717e-24
5.33486795425415 1.8766983185837503e-24
5.337141513824463 1.898083746078613e-24
5.339416980743408 1.9197937898359742e-24
5.341694355010986 1.9410796236415528e-24
5.3439741134643555 1.962478856202257e-24
5.346255302429199 1.9838656642037037e-24
5.348538398742676 2.0052542471421873e-24
5.350823879241943 2.0267465652897075e-24
5.3531107902526855 2.048345774089885e-24
5.355400085449219 2.0699647044126932e-24
5.357690811157227 2.0999366856456603e-24
5.359983921051025 2.1460663131545905e-24
5.362278938293457 2.1399459358214333e-24
5.3645758628845215 2.171158203612634e-24
5.366875171661377 2.1773503672881665e-24
5.369175910949707 2.197176808419086e-24
5.37147855758667 2.218862791918838e-24
5.373783588409424 2.2408929159884927e-24
5.3760905265808105 2.264855354845486e-24
5.37839937210083 2.2891118416049007e-24
5.380710124969482 2.3133580731725474e-24
5.383022785186768 2.3375516482747707e-24
5.3853373527526855 2.3617118940037483e-24
5.3876543045043945 2.3862738671487097e-24
5.389973163604736 2.4109614663928276e-24
5.392293930053711 2.435700538811011e-24
5.394616603851318 2.4608103758546485e-24
5.396941184997559 2.4853877317872618e-24
5.39926815032959 2.5094253096454775e-24
5.401597023010254 2.535106873630174e-24
5.403927803039551 2.565841880573716e-24
5.4062604904174805 2.596924380746008e-24
5.408595085144043 2.627960929770571e-24
5.4109320640563965 2.6589554719519307e-24
5.413270950317383 2.6898731001950316e-24
5.415611743927002 2.720707898043084e-24
5.417954444885254 2.7514647958767462e-24
5.420299530029297 2.7821432020503387e-24
5.422646522521973 2.8127389750441094e-24
5.424995422363281 2.8432619756193734e-24
5.427346706390381 2.8739547785044862e-24
5.429699420928955 2.906658190621781e-24
5.43205451965332 2.9351173338537606e-24
5.434412002563477 2.9644373215485625e-24
5.436770915985107 2.994516785079866e-24
5.439132213592529 3.0245153903683844e-24
5.441495418548584 3.054662893152763e-24
5.44386100769043 3.0857022031904943e-24
5.44622802734375 3.1167866755150494e-24
5.4485979080200195 3.1479894769753876e-24
5.450969219207764 3.1807770999943148e-24
5.453342914581299 3.2167600041098397e-24
5.455718517303467 3.2483067489248543e-24
5.458096027374268 3.2807234101031013e-24
5.460475921630859 3.3151500888678515e-24
5.462857723236084 3.3496134496646945e-24
5.4652419090271 3.3840464393166864e-24
5.467628002166748 3.4190675247735206e-24
5.470016002655029 3.454263737351314e-24
5.472406387329102 3.489397235487142e-24
5.474798679351807 3.524438042466607e-24
5.4771928787231445 3.5593999633555495e-24
5.479589462280273 3.5943737171580704e-24
5.481987953186035 3.632909177947664e-24
5.484388828277588 3.6772932534885666e-24
5.486791610717773 3.72167141257268e-24
5.489196300506592 3.765975418731702e-24
5.491603374481201 3.8101642511985625e-24
5.494012355804443 3.854225288198777e-24
5.496423721313477 3.898164446189135e-24
5.498836994171143 3.942001052261814e-24
5.5012526512146 3.9857122294505625e-24
5.5036702156066895 4.030055678654846e-24
5.506089687347412 4.0734730051564e-24
5.508511543273926 4.116100287461375e-24
5.5109357833862305 4.159331442789297e-24
5.513361930847168 4.202457679616825e-24
5.515789985656738 4.24545967085178e-24
5.5182204246521 4.288339388646426e-24
5.520652770996094 4.331095649709405e-24
5.523087501525879 4.374505482032359e-24
5.525524616241455 4.418890740864619e-24
5.527963161468506 4.463160037143812e-24
5.530404567718506 4.507362674676514e-24
5.532847881317139 4.5518425968174004e-24
5.535293102264404 4.600090907502528e-24
5.537740707397461 4.6497710007306316e-24
5.540190696716309 4.703303890619835e-24
5.542642593383789 4.754811380134883e-24
5.5450968742370605 4.797478105485119e-24
5.547553062438965 4.846449801620334e-24
5.55001163482666 4.896394952112592e-24
5.552472114562988 4.946552700618807e-24
5.554934978485107 4.9968903094114125e-24
5.557399749755859 5.0477974757775875e-24
5.5598673820495605 5.10261463122049e-24
5.562336444854736 5.15921264015693e-24
5.564808368682861 5.21077337778308e-24
5.567281723022461 5.268906904471532e-24
5.56975793838501 5.331355894741996e-24
5.572236061096191 5.3941764384988185e-24
5.574716567993164 5.457077840498426e-24
5.5771989822387695 5.5198360642437365e-24
5.579683780670166 5.5824637315092326e-24
5.5821709632873535 5.6449154827928645e-24
5.584660053253174 5.707186979359653e-24
5.587151527404785 5.7692790100705044e-24
5.5896453857421875 5.831191180494965e-24
5.592141151428223 5.8929254627852984e-24
5.594639301300049 5.954481068080599e-24
5.597139835357666 6.015857996380867e-24
5.599642276763916 6.0770566421165556e-24
5.602147102355957 6.138076610857211e-24
5.604654312133789 6.198989294514757e-24
5.607163906097412 6.261562530377793e-24
5.609675407409668 6.324769221547721e-24
5.612189292907715 6.387855216999151e-24
5.6147050857543945 6.45100313803164e-24
5.617223739624023 6.516102700943646e-24
5.619744300842285 6.5863424815140726e-24
5.622267246246338 6.656862702136305e-24
5.624792098999023 6.727196751584905e-24
5.627319812774658 6.797328852641769e-24
5.629849433898926 6.867255849863275e-24
5.632381439208984 6.937152870370383e-24
5.634915828704834 7.008312857186749e-24
5.637452125549316 7.079700824804725e-24
5.63999080657959 7.15093023138075e-24
5.642531871795654 7.22199082172306e-24
5.64507532119751 7.292991458636571e-24
5.647621154785156 7.365468054303752e-24
5.6501688957214355 7.452478623288724e-24
5.652719497680664 7.542476608521769e-24
5.655272006988525 7.632493526416538e-24
5.657826900482178 7.722342416938496e-24
5.660384178161621 7.811933349944446e-24
5.662943363189697 7.901290780122451e-24
5.665505409240723 7.990402085698027e-24
5.668069362640381 8.079253856035785e-24
5.670636177062988 8.16784372455301e-24
5.6732048988342285 8.256174057832417e-24
5.67577600479126 8.34427246600569e-24
5.678349494934082 8.43215157084731e-24
5.680925369262695 8.519963622511987e-24
5.683503150939941 8.60717219558417e-24
5.686083793640137 8.694204852674488e-24
5.688666820526123 8.781063960365658e-24
5.691251754760742 8.868293832682282e-24
5.693839073181152 8.958119846237988e-24
5.696429252624512 9.048100476531118e-24
5.699021339416504 9.13812843847856e-24
5.701615810394287 9.228060159395566e-24
5.704212665557861 9.324831304360838e-24
5.706812381744385 9.425428424716432e-24
5.709414005279541 9.525732877676189e-24
5.712018013000488 9.625743874379204e-24
5.714624404907227 9.725517423949747e-24
5.717233180999756 9.825045637778766e-24
5.719844341278076 9.92464406022835e-24
5.7224578857421875 1.0026071062256237e-23
5.72507381439209 1.0127702379258575e-23
5.727692127227783 1.0229201956489742e-23
5.730312824249268 1.0330478286084731e-23
5.732936382293701 1.043152190171268e-23
5.735561847686768 1.0538354967524046e-23
5.738189697265625 1.0665394705422648e-23
5.740819931030273 1.0793902513465867e-23
5.743453025817871 1.09220348237182e-23
5.746088027954102 1.1049841334416677e-23
5.748725891113281 1.1177315734674056e-23
5.751365661621094 1.1304457235629432e-23
5.7540082931518555 1.1431224027654827e-23
5.756653308868408 1.155814149211312e-23
5.759300231933594 1.1684532786347631e-23
5.7619500160217285 1.1809692668709091e-23
5.764602184295654 1.193459853785907e-23
5.767257213592529 1.205950440700905e-23
5.769914150238037 1.2184123919650434e-23
5.772573471069336 1.2308289048410411e-23
5.775235652923584 1.2431973760879108e-23
5.777900218963623 1.2555383949752789e-23
5.780567169189453 1.2680773390637668e-23
5.783236503601074 1.280898853128505e-23
5.785908222198486 1.2937308590432826e-23
5.788582801818848 1.306542591232796e-23
5.791259288787842 1.3196843828250539e-23
5.793938636779785 1.3341583238279585e-23
5.7966203689575195 1.3489171225037384e-23
5.799304485321045 1.3630984749968965e-23
5.8019914627075195 1.3766501587155072e-23
5.804680347442627 1.3918421998004345e-23
5.807372093200684 1.4069474661857875e-23
5.8100666999816895 1.4195578810722885e-23
5.812763214111328 1.4352732524817394e-23
5.815462589263916 1.4548896988396893e-23
5.818163871765137 1.469747578445165e-23
5.820868492126465 1.4771122260841273e-23
5.823575019836426 1.4912082238273405e-23
5.826284408569336 1.5073244943488247e-23
5.828996181488037 1.52564689327785e-23
5.831710338592529 1.543925115996183e-23
5.834427356719971 1.5621446474631674e-23
5.837146759033203 1.580300123424648e-23
5.839868545532227 1.5984166296574106e-23
5.842592716217041 1.6164796511207992e-23
5.845319747924805 1.6344880834095466e-23
5.848049640655518 1.6524419265236526e-23
5.850781440734863 1.6704569852440038e-23
5.853516101837158 1.6887082289193782e-23
5.856253147125244 1.706525125780338e-23
5.858993053436279 1.7237609476985118e-23
5.8617353439331055 1.7414216501002377e-23
5.864480495452881 1.7590713084492905e-23
5.867228031158447 1.7766676398011504e-23
5.869977951049805 1.7942403053258537e-23
5.872730255126953 1.8123230483118728e-23
5.875485420227051 1.8306119995385168e-23
5.878243446350098 1.8488749183552884e-23
5.8810038566589355 1.8673606114916945e-23
5.8837666511535645 1.887507487922315e-23
5.886532306671143 1.9070573544198641e-23
5.889300346374512 1.9272509314160737e-23
5.89207124710083 1.9475166102990204e-23
5.8948445320129395 1.9677221779809894e-23
5.897620677947998 1.9878682655507046e-23
5.900399208068848 2.00795392637508e-23
5.9031805992126465 2.028135197141168e-23
5.905964374542236 2.0486785550627526e-23
5.908751010894775 2.0692294860490272e-23
5.9115400314331055 2.0897180970237894e-23
5.914331436157227 2.1101459657088496e-23
5.917126178741455 2.1307369708291095e-23
5.919922828674316 2.1551230279922067e-23
5.922722816467285 2.1811434471787407e-23
5.925525188446045 2.2071067528357367e-23
5.928329944610596 2.232945891786251e-23
5.931137561798096 2.2587353324997363e-23
5.933948040008545 2.2844578778084588e-23
5.936760902404785 2.3101190497387552e-23
5.939576625823975 2.335706226516142e-23
5.942394733428955 2.3612100995819372e-23
5.945215702056885 2.386669480892678e-23
5.948039531707764 2.4121891311765778e-23
5.950865745544434 2.437320977439471e-23
5.953694820404053 2.4624551902850796e-23
5.956526279449463 2.487566841708799e-23
5.9593610763549805 2.5126060757014192e-23
5.962197780609131 2.537568790186233e-23
5.965037822723389 2.5627339263793263e-23
5.9678802490234375 2.5887152180649613e-23
5.9707255363464355 2.6147255398319085e-23
5.973573207855225 2.6406072772713047e-23
5.976424217224121 2.667068038615133e-23
5.979277610778809 2.6960772939993685e-23
5.982133388519287 2.725497072598681e-23
5.984992504119873 2.7540033502697474e-23
5.98785400390625 2.7824547232218105e-23
5.990718364715576 2.811125715049887e-23
5.993585109710693 2.8397279182070285e-23
5.996455192565918 2.868191912933575e-23
5.999327659606934 2.896892565931688e-23
6.002202987670898 2.9263552585642445e-23
6.0050811767578125 2.9555058778226955e-23
6.007961750030518 2.98445454868941e-23
6.010845184326172 3.0133508391920177e-23
6.013731479644775 3.043542123756636e-23
6.016620635986328 3.08001211003809e-23
6.01951265335083 3.117422734062929e-23
6.022407531738281 3.153951727140093e-23
6.025304794311523 3.193758595050632e-23
6.028204917907715 3.2296180029914443e-23
6.031108379364014 3.263421954957613e-23
6.0340142250061035 3.29989698994886e-23
6.036922454833984 3.336934956082073e-23
6.039834022521973 3.3735090720030157e-23
6.04274845123291 3.408910309530076e-23
6.045665264129639 3.4445169664368557e-23
6.048585414886475 3.480504800933038e-23
6.051507949829102 3.516190975019064e-23
6.054433822631836 3.5516559525072663e-23
6.057362079620361 3.587129134148883e-23
6.060293197631836 3.6225969515363436e-23
6.06322717666626 3.658984580739292e-23
6.066164016723633 3.6960029831220554e-23
6.069103717803955 3.732865506589947e-23
6.072046279907227 3.769661450197438e-23
6.074991703033447 3.809431399417612e-23
6.077939987182617 3.8505761754234056e-23
6.080891132354736 3.8915909471520185e-23
6.083845138549805 3.932476345692175e-23
6.086802005767822 3.973233317676962e-23
6.089762210845947 4.013885213389173e-23
6.092724800109863 4.054528589403608e-23
6.0956902503967285 4.0950949725936933e-23
6.098658561706543 4.1359923618196094e-23
6.101629734039307 4.177722472617077e-23
6.104604244232178 4.219026598525725e-23
6.10758113861084 4.2600233842256986e-23
6.110561370849609 4.3013098396500697e-23
6.11354398727417 4.3466289520219306e-23
6.116529941558838 4.399060749859626e-23
6.119518756866455 4.451404195275937e-23
6.1225104331970215 4.503647613129466e-23
6.125504970550537 4.5558588454580616e-23
6.12850284576416 4.6079738367562204e-23
6.131503105163574 4.659503493262705e-23
6.134506702423096 4.711143274751559e-23
6.137512683868408 4.762658416217388e-23
6.140522003173828 4.814203849941977e-23
6.1435346603393555 4.866311583719808e-23
6.146549701690674 4.918381136629826e-23
6.1495680809021 4.969490488046009e-23
6.152588844299316 5.0177321722995327e-23
6.155612945556641 5.0679627326672996e-23
6.158640384674072 5.118352327393559e-23
6.161670207977295 5.169355024815356e-23
6.164703369140625 5.222905111872293e-23
6.167739391326904 5.2764428926991086e-23
6.170778274536133 5.329274169699208e-23
6.173820495605469 5.386840189852444e-23
6.176865577697754 5.439460367674306e-23
6.179913520812988 5.496794147177045e-23
6.182964324951172 5.555131357751226e-23
6.186018466949463 5.613916010230847e-23
6.189075469970703 5.671545139256501e-23
6.192135810852051 5.728402446772486e-23
6.195199012756348 5.785769042888882e-23
6.198265075683594 5.843123648319519e-23
6.201333999633789 5.901204636871683e-23
6.204406261444092 5.959974143221925e-23
6.207481861114502 6.01862500489202e-23
6.210559844970703 6.077180572164766e-23
6.21364164352417 6.135933670208178e-23
6.216725826263428 6.205304836035866e-23
6.219813346862793 6.279778354198523e-23
6.222903728485107 6.354018369533234e-23
6.225997447967529 6.428046970145347e-23
6.229094505310059 6.501838281397168e-23
6.232193946838379 6.5753923032887e-23
6.235297203063965 6.648709666908665e-23
6.238402843475342 6.72179289661196e-23
6.241512298583984 6.794628108446654e-23
6.244624137878418 6.867230448542127e-23
6.247739791870117 6.939609383229241e-23
6.250857830047607 7.011730202628167e-23
6.253979682922363 7.083679365894116e-23
6.25710391998291 7.155465708269228e-23
6.260231971740723 7.227133405964195e-23
6.263362884521484 7.298855377289441e-23
6.266496658325195 7.371620538275752e-23
6.269633769989014 7.446061870913475e-23
6.2727742195129395 7.520712725007626e-23
6.2759175300598145 7.601870734936764e-23
6.279064178466797 7.679291437441326e-23
6.282214164733887 7.75934441101443e-23
6.285367012023926 7.841973488759624e-23
6.288523197174072 7.924358335168562e-23
6.291682243347168 8.006503367862312e-23
6.294844627380371 8.088862339633558e-23
6.298010349273682 8.170586436148282e-23
6.301178932189941 8.251721095794626e-23
6.304350852966309 8.332886678788453e-23
6.307526111602783 8.415527747219407e-23
6.310704708099365 8.499357155717985e-23
6.3138861656188965 8.606302082005711e-23
6.317070960998535 8.684276880410101e-23
6.320259094238281 8.753897957372562e-23
6.323450088500977 8.854475198433345e-23
6.3266448974609375 8.959808955208248e-23
6.329842567443848 9.064865664033237e-23
6.333043098449707 9.169591682366758e-23
6.336247444152832 9.273978174966671e-23
6.339454650878906 9.378122960585225e-23
6.342665672302246 9.482003951117073e-23
6.345879554748535 9.585544153737865e-23
6.349096775054932 9.688742937358878e-23
6.352316856384277 9.792738786038526e-23
6.355540752410889 9.898254296365992e-23
6.358767509460449 1.0029411572645486e-22
6.361998081207275 1.0129775505717496e-22
6.365231513977051 1.0199825091923674e-22
6.368468284606934 1.0301454988976383e-22
6.371708393096924 1.0403148625990234e-22
6.3749518394470215 1.0507871488880134e-22
6.378198623657227 1.061348229360495e-22
6.381448268890381 1.072124952850028e-22
6.384701728820801 1.0900030653172327e-22
6.387958526611328 1.1047295206958986e-22
6.391218662261963 1.1076230624962492e-22
6.394481658935547 1.1183948634937335e-22
6.3977484703063965 1.1300056338411385e-22
6.4010186195373535 1.1416239772532335e-22
6.40429162979126 1.1532187179470444e-22
6.407568454742432 1.16479061322904e-22
6.410848617553711 1.1763301967683578e-22
6.4141316413879395 1.187805030604575e-22
6.417418479919434 1.1995508539389539e-22
6.420708656311035 1.2112939004829463e-22
6.424002170562744 1.223039723817325e-22
6.4272990226745605 1.2347832752322968e-22
6.430599212646484 1.2479037360256775e-22
6.433902740478516 1.2628578882160263e-22
6.4372100830078125 1.2785774248110568e-22
6.440520286560059 1.2945242795645358e-22
6.44383430480957 1.307549319742821e-22
6.4471516609191895 1.322201180434289e-22
6.450472354888916 1.336926121200017e-22
6.45379638671875 1.3515924969321411e-22
6.457123756408691 1.3662186092036629e-22
6.460454940795898 1.380810642684079e-22
6.463789463043213 1.3953542085504785e-22
6.467127323150635 1.4098475397544334e-22
6.470468521118164 1.4242971996186753e-22
6.473813056945801 1.4387438302570411e-22
6.477161407470703 1.4531621881205639e-22
6.480513095855713 1.4676985595755077e-22
6.48386812210083 1.4861508365639686e-22
6.487226963043213 1.5106758279096932e-22
6.490589141845703 1.5134331807633665e-22
6.493954658508301 1.5275062068770197e-22
6.497323513031006 1.544155084727273e-22
6.500696182250977 1.560765844818586e-22
6.504072189331055 1.577618816762238e-22
6.507452011108398 1.5958406201486295e-22
6.51083517074585 1.618371623561445e-22
6.514221668243408 1.6540098349044337e-22
6.517611980438232 1.6488443736970465e-22
6.521005630493164 1.660187941078635e-22
6.524402618408203 1.6757887067757754e-22
6.527803421020508 1.692025609906886e-22
6.531208038330078 1.7086881192735815e-22
6.534615993499756 1.72534835672087e-22
6.538027286529541 1.7419530583604308e-22
6.541442394256592 1.7587073280276216e-22
6.54486083984375 1.778714607632454e-22
6.548283100128174 1.799850904964839e-22
6.551708698272705 1.8209384822477174e-22
6.555138111114502 1.8419557562467225e-22
6.558570861816406 1.8629032318328337e-22
6.562007427215576 1.883792268603086e-22
6.5654473304748535 1.9045853798872636e-22
6.5688910484313965 1.9253221980572445e-22
6.572338581085205 1.9459937616531456e-22
6.575789451599121 1.9665942646587044e-22
6.5792436599731445 1.9871242119449001e-22
6.582702159881592 2.0075854967779055e-22
6.5861639976501465 2.0280426164253313e-22
6.589629173278809 2.0484608610073478e-22
6.5930986404418945 2.0688077925635323e-22
6.596571445465088 2.0891313738369223e-22
6.600047588348389 2.110078344552054e-22
6.603528022766113 2.1311820777062714e-22
6.607011795043945 2.1526845327164237e-22
6.610498905181885 2.17610044873828e-22
6.613990306854248 2.199660757860228e-22
6.617485046386719 2.2231400351899917e-22
6.620983600616455 2.246541309953447e-22
6.624485492706299 2.2699625271205865e-22
6.627991676330566 2.293188106783231e-22
6.631501197814941 2.316366733444797e-22
6.635014533996582 2.3405263244192233e-22
6.638531684875488 2.3630675514693706e-22
6.64205265045166 2.385597923793462e-22
6.6455769538879395 2.4091403099956434e-22
6.649105548858643 2.4327028910369984e-22
6.652637481689453 2.4583152482544797e-22
6.656173229217529 2.480787560415947e-22
6.659712791442871 2.505643368470885e-22
6.6632561683654785 2.5358568673585946e-22
6.666803359985352 2.5643737473202273e-22
6.670353889465332 2.5933662157443996e-22
6.673908710479736 2.6231500694286896e-22
6.677467346191406 2.654041357606165e-22
6.681029319763184 2.6866340609840212e-22
6.684595584869385 2.714400197799373e-22
6.688165187835693 2.7465344783279873e-22
6.691739082336426 2.7751328949527836e-22
6.695316314697266 2.7988613261108523e-22
6.698897838592529 2.827676332385786e-22
6.702483177185059 2.856626139212204e-22
6.706071853637695 2.885552217102593e-22
6.709664821624756 2.9143833792488656e-22
6.713261604309082 2.94312896576414e-22
6.716862201690674 2.978671630274288e-22
6.720466613769531 3.0136829180786795e-22
6.724074840545654 3.0371243300849926e-22
6.727686882019043 3.0679792675519555e-22
6.7313032150268555 3.102311251453643e-22
6.734922885894775 3.1461709080419725e-22
6.738546848297119 3.185646265045701e-22
6.7421746253967285 3.217965328352754e-22
6.7458062171936035 3.2609157123072897e-22
6.749441623687744 3.263870217278396e-22
6.753081321716309 3.2960501886306404e-22
6.7567243576049805 3.3287297298169433e-22
6.760371685028076 3.36143703890711e-22
6.764023303985596 3.393938613073195e-22
6.767678260803223 3.4266598061152935e-22
6.771337509155273 3.461216205167298e-22
6.77500057220459 3.496905787132435e-22
6.77866792678833 3.5596498902675416e-22
6.782339096069336 3.633271943523539e-22
6.786014080047607 3.6105148841297234e-22
6.7896928787231445 3.6547549610009868e-22
6.7933759689331055 3.711061201843021e-22
6.797062873840332 3.759494484633205e-22
6.800754070281982 3.792959605063363e-22
6.804449081420898 3.900477433694897e-22
6.80814790725708 3.9627987073848053e-22
6.8118510246276855 3.9048629954569465e-22
6.815558433532715 3.939400209411736e-22
6.81926965713501 3.980423248402636e-22
6.82298469543457 4.021511163314381e-22
6.826704025268555 4.0623602742528974e-22
6.830427169799805 4.1030064270577187e-22
6.8341546058654785 4.1442854356351444e-22
6.837885856628418 4.1895438372717395e-22
6.841621398925781 4.238014228078905e-22
6.845361232757568 4.270911621092794e-22
6.849104881286621 4.324040708861832e-22
6.8528523445129395 4.462445029396538e-22
6.85660457611084 4.779834190043456e-22
6.860360622406006 4.602541172583017e-22
6.8641204833984375 4.59003501355375e-22
6.867884635925293 4.595867283107102e-22
6.871653079986572 4.602659312392183e-22
6.875425815582275 4.64184436858279e-22
6.879202365875244 4.686919249618394e-22
6.882983207702637 4.733102322453653e-22
6.886767864227295 4.781216526784893e-22
6.890557289123535 4.828565346711451e-22
6.894350528717041 4.871426368502644e-22
6.898148059844971 4.917666491758568e-22
6.901949405670166 4.965075391331668e-22
6.905755519866943 5.014087256264177e-22
6.909565448760986 5.076587759151752e-22
6.913379669189453 5.17271771797326e-22
6.917198181152344 5.201822015319356e-22
6.921020984649658 5.350074854048076e-22
6.924847602844238 6.06847192642436e-22
6.9286789894104 5.997194241560935e-22
6.932514190673828 5.564538997362529e-22
6.936354160308838 5.6415222291634925e-22
6.940197944641113 5.724310972355903e-22
6.9440460205078125 5.641126915186668e-22
6.9478983879089355 5.657817444892717e-22
6.951755046844482 5.715449981797481e-22
6.955615997314453 5.77265741733764e-22
6.959481716156006 5.831024036646367e-22
6.963351249694824 5.888176946120757e-22
6.967225074768066 5.945425276210242e-22
6.971103191375732 6.004799113122755e-22
6.974985599517822 6.067791865215187e-22
6.978872776031494 6.134281858581518e-22
6.982763767242432 6.211308509286705e-22
6.986659049987793 6.510685388003658e-22
6.990559101104736 6.440593645070706e-22
6.9944634437561035 6.4111066555222685e-22
6.9983720779418945 6.626251869787854e-22
7.002285003662109 6.817832231092677e-22
7.006202220916748 6.781311883931034e-22
7.010124206542969 6.701816414136867e-22
7.014050006866455 6.725689743266007e-22
7.017980575561523 6.791887416335299e-22
7.021915435791016 6.854527768484151e-22
7.02585506439209 6.918814000025656e-22
7.02979850769043 6.984776403218575e-22
7.033746719360352 7.05113260577538e-22
7.0376996994018555 7.123653282989944e-22
7.041656494140625 7.203823260412511e-22
7.045618057250977 7.285485636450011e-22
7.049583911895752 7.368845893591036e-22
7.053554534912109 7.485654357984411e-22
7.057529449462891 7.561101267395238e-22
7.061508655548096 7.6858407500030885e-22
7.065492630004883 7.7714749460350675e-22
7.069481372833252 7.794920649444705e-22
7.073473930358887 7.863348842500727e-22
7.077471733093262 7.943530431955819e-22
7.081473350524902 8.030132970526175e-22
7.085479736328125 8.11175293740141e-22
7.08949089050293 8.187133203842964e-22
7.093506336212158 8.267244111360947e-22
7.097526550292969 8.348087081798976e-22
7.101551055908203 8.431311023775579e-22
7.1055803298950195 8.518502241907847e-22
7.109614372253418 8.612102292251875e-22
7.11365270614624 8.733723691691313e-22
7.1176958084106445 8.839504259282933e-22
7.121743202209473 8.896442598591102e-22
7.125795364379883 9.024953467414633e-22
7.129852294921875 9.135920069706049e-22
7.133913516998291 9.171642720720332e-22
7.137979507446289 9.266656409806517e-22
7.142050266265869 9.358764061535612e-22
7.146125793457031 9.446581319682263e-22
7.150205612182617 9.59084921177104e-22
7.154290199279785 9.724554193230036e-22
7.158379554748535 9.722755842801622e-22
7.162473678588867 9.81357304430752e-22
7.166572093963623 9.903930813222217e-22
7.170675754547119 9.998725388303368e-22
7.174783706665039 1.0113377548743976e-21
7.178896427154541 1.0231289156227212e-21
7.183013916015625 1.0417121056561253e-21
7.187136173248291 1.0635020342019146e-21
7.191263198852539 1.0588906436508057e-21
7.195394992828369 1.0696411643365107e-21
7.199531078338623 1.0811978630020282e-21
7.203672409057617 1.092712152505281e-21
7.207818508148193 1.1042288653892346e-21
7.211969375610352 1.1157098334078509e-21
7.216124534606934 1.127154854612738e-21
7.220284938812256 1.1385686747911019e-21
7.22445011138916 1.1499757296983425e-21
7.2286200523376465 1.1613505738371012e-21
7.232794761657715 1.1818163267782737e-21
7.236974239349365 1.217687813757267e-21
7.241158962249756 1.1997627735325324e-21
7.24534797668457 1.2096482482822338e-21
7.249542236328125 1.2228880858186798e-21
7.253741264343262 1.2360804654830677e-21
7.2579450607299805 1.2492167034945529e-21
7.262153625488281 1.2622705465622095e-21
7.266367435455322 1.2757456539750286e-21
7.270585536956787 1.2897966172268845e-21
7.274808883666992 1.301458329056105e-21
7.2790374755859375 1.3141764329224995e-21
7.283270835876465 1.32715979600144e-21
7.287508964538574 1.3401748649778833e-21
7.291751861572266 1.352749383537753e-21
7.296000003814697 1.3654577938813443e-21
7.300252914428711 1.3783278639125206e-21
7.304510593414307 1.402774827448388e-21
7.308773517608643 1.4839360685517935e-21
7.313041687011719 1.4354341233084193e-21
7.317314147949219 1.4354346281793987e-21
7.321592330932617 1.4518115320330807e-21
7.3258748054504395 1.468252554501139e-21
7.33016300201416 1.4846296603032128e-21
7.334455966949463 1.5009461815877655e-21
7.338753700256348 1.5172455372590207e-21
7.343056678771973 1.5335213659426386e-21
7.347364902496338 1.549789116690587e-21
7.351677894592285 1.5659945663596846e-21
7.355996131896973 1.5821368061821687e-21
7.360319137573242 1.5982169468741938e-21
7.364647388458252 1.6142688147913758e-21
7.368980884552002 1.6303233080376503e-21
7.373319149017334 1.646363160025524e-21
7.3776631355285645 1.6624673325761658e-21
7.382011890411377 1.679443518282326e-21
7.3863654136657715 1.6980895142655603e-21
7.3907246589660645 1.7165714271805085e-21
7.3950886726379395 1.734996390648987e-21
7.399457931518555 1.7534558872924525e-21
7.40383243560791 1.771876407896313e-21
7.408212184906006 1.7902274582534158e-21
7.412596702575684 1.8085098461573283e-21
7.41698694229126 1.826753056073244e-21
7.421381950378418 1.84493467172968e-21
7.425782680511475 1.8630482307781005e-21
7.430188179016113 1.881125237167617e-21
7.43459939956665 1.899079862831741e-21
7.4390153884887695 1.916964614352324e-21
7.443436622619629 1.934834219743527e-21
7.4478631019592285 1.9529663580439876e-21
7.452295303344727 1.9712453128252405e-21
7.456732273101807 1.989867983769229e-21
7.461174964904785 2.012224074631252e-21
7.465622425079346 2.0368961096497098e-21
7.470075607299805 2.237294143582927e-21
7.474534034729004 2.2126225124612527e-21
7.478997707366943 2.105904702383583e-21
7.483467102050781 2.1291590596920502e-21
7.487941265106201 2.550957154453914e-21
7.4924211502075195 2.6371226767045518e-21
7.496906280517578 2.3099026683478967e-21
7.501396656036377 2.2206334012646593e-21
7.505892276763916 2.2417509426401617e-21
7.5103936195373535 2.2643540163852783e-21
7.514900207519531 2.28688560039972e-21
7.519412517547607 2.3094008265944313e-21
7.523930072784424 2.33187505726562e-21
7.5284528732299805 2.355264316099767e-21
7.5329813957214355 2.381107853738689e-21
7.537515163421631 2.4196072951393503e-21
7.542054176330566 2.593293009452395e-21
7.5465989112854 3.6017568367639894e-21
7.551149368286133 3.783897726342261e-21
7.5557050704956055 2.5206590391900666e-21
7.560266494750977 2.5365469250131585e-21
7.564833164215088 2.562156202517666e-21
7.5694050788879395 2.5888935637384137e-21
7.573983192443848 2.7066347267790244e-21
7.578566551208496 4.679206032744407e-21
7.583155155181885 6.175929574435157e-21
7.587749481201172 3.1581214565584743e-21
7.592349529266357 2.7235886981620937e-21
7.596955299377441 2.7393735903054e-21
7.601566314697266 2.7650016490103388e-21
7.606183052062988 2.790690090284407e-21
7.610805511474609 2.8191638037773058e-21
7.615433692932129 2.8518719711481373e-21
7.620067119598389 2.8844955221428312e-21
7.624706745147705 2.9171178614471747e-21
7.629351615905762 2.9496670954337096e-21
7.634002208709717 3.201531677000994e-21
7.63865852355957 3.588590205519548e-21
7.643320083618164 3.0803905108371063e-21
7.6479878425598145 3.082889218288063e-21
7.652661323547363 3.110287960491748e-21
7.6573405265808105 3.141781610234676e-21
7.662024974822998 3.173532542228676e-21
7.666715621948242 3.2051631129812012e-21
7.671411991119385 3.236698969938002e-21
7.676114082336426 3.2687752407910897e-21
7.680821895599365 3.302481841010667e-21
7.685535430908203 3.402819091651419e-21
7.6902546882629395 3.8245002582944674e-21
7.694979667663574 5.199001806028755e-21
7.699710845947266 7.527795130836475e-21
7.7044477462768555 3.937910032229112e-21
7.709190368652344 3.518813805000292e-21
7.7139387130737305 3.554984781444231e-21
7.718693256378174 3.8980353222807245e-21
7.723453044891357 6.6565962312334085e-21
7.728219509124756 1.1766996411562007e-20
7.7329912185668945 6.000200142397738e-21
7.73776912689209 4.232471148622519e-21
7.742552757263184 3.822721900756835e-21
7.747342586517334 3.8055183211615794e-21
7.752138137817383 3.845149077452749e-21
7.756939888000488 3.888804665191229e-21
7.761747360229492 3.9354119306233305e-21
7.7665605545043945 3.9919231490829774e-21
7.7713799476623535 4.016483304692413e-21
7.776205539703369 4.076701083933993e-21
7.781036853790283 4.0916549584453035e-21
7.785874366760254 4.129239573631398e-21
7.790717601776123 4.176722891186853e-21
7.795567035675049 4.243269329128674e-21
7.800422668457031 4.3095625237872574e-21
7.80528450012207 4.330962590962799e-21
7.810152053833008 4.418274574233326e-21
7.815025806427002 4.4188565894983105e-21
7.8199052810668945 4.444304914134604e-21
7.824791431427002 4.487961713563434e-21
7.829683303833008 4.532250207561616e-21
7.83458137512207 4.5763323103034436e-21
7.8394856452941895 4.626004748425323e-21
7.844396114349365 4.828454376070192e-21
7.849312782287598 6.0722230168266715e-21
7.8542351722717285 5.2643741160210196e-21
7.859164237976074 4.857441644323277e-21
7.864099502563477 4.9104405763538416e-21
7.869040489196777 5.125943340246996e-21
7.873988151550293 5.331964627148119e-21
7.878942012786865 5.148122120421074e-21
7.883901596069336 5.07991930177023e-21
7.8888678550720215 5.1301551759050544e-21
7.893840312957764 5.180234338087891e-21
7.8988189697265625 5.230413262776246e-21
7.903804302215576 5.2799576656177644e-21
7.908795356750488 5.329691899947515e-21
7.913793087005615 5.3943759698207415e-21
7.918797016143799 5.438222600737804e-21
7.923807144165039 5.547922178819464e-21
7.928823947906494 5.570920869463993e-21
7.933846950531006 5.594448260998088e-21
7.938876152038574 5.654725009170055e-21
7.943912029266357 5.711876000134723e-21
7.948954105377197 5.775476414937891e-21
7.954002857208252 5.838973028267706e-21
7.959057807922363 5.902231342495272e-21
7.964118957519531 5.965531258091536e-21
7.969186782836914 6.029049681847659e-21
7.974261283874512 6.2823507223253654e-21
7.979341983795166 6.4433843698961135e-21
7.984428882598877 6.3260297360772866e-21
7.989522933959961 6.279170842949081e-21
7.994622707366943 6.362192634585556e-21
7.999729633331299 6.427934106237915e-21
8.004842758178711 6.469703495997575e-21
8.009963035583496 6.536655446310003e-21
8.01508903503418 6.612522610324034e-21
8.020221710205078 6.778241864479854e-21
8.025361061096191 6.867402887225121e-21
8.03050708770752 7.05534413851085e-21
8.035659790039062 9.841108303624019e-21
8.04081916809082 1.0572804485389724e-20
8.045985221862793 7.06500777295223e-21
8.05115795135498 1.25142555441885e-20
8.056337356567383 1.6699899303631925e-20
8.0615234375 9.408120450424423e-21
8.066715240478516 2.950520610116545e-20
8.071914672851562 4.47484548863757e-20
8.077120780944824 8.163986686975684e-21
8.0823335647583 7.533286511504576e-21
8.087553024291992 7.600599949438212e-21
8.092779159545898 7.682817986475575e-21
8.09801197052002 7.749753377019881e-21
8.103251457214355 7.837419981666297e-21
8.108498573303223 7.977744225561242e-21
8.113751411437988 8.033199253932107e-21
8.119011878967285 8.08297791690804e-21
8.124279022216797 9.352618570026676e-21
8.129552841186523 1.111141700202252e-20
8.134833335876465 8.48198027915907e-21
8.140120506286621 8.429084340808291e-21
8.145415306091309 8.516763870151778e-21
8.150715827941895 8.604625153047828e-21
8.156023979187012 8.692197245846912e-21
8.16133975982666 8.778705474518327e-21
8.166661262512207 8.865546514139323e-21
8.171990394592285 9.217869717330794e-21
8.177326202392578 9.942490435243616e-21
8.182668685913086 9.290041225776045e-21
8.188018798828125 9.245114978756759e-21
8.193375587463379 9.341244836604072e-21
8.198740005493164 9.448836477372785e-21
8.204110145568848 9.54462463854128e-21
8.209488868713379 9.639529073547534e-21
8.214873313903809 9.738423200980937e-21
8.22026538848877 9.838185706498807e-21
8.225665092468262 9.93971970330899e-21
8.231070518493652 1.0034353527470318e-20
8.23648452758789 1.01318404785101e-20
8.241905212402344 1.0230790343699623e-20
8.247332572937012 1.0326611624404362e-20
8.252767562866211 1.0423378023582428e-20
8.258209228515625 1.0520115342192084e-20
8.26365852355957 1.0616687063120516e-20
8.26911449432373 1.0712728871469031e-20
8.274578094482422 1.0810358801970163e-20
8.280049324035645 1.0908363548686358e-20
8.285527229309082 1.1022302023510569e-20
8.291011810302734 1.114793250242276e-20
8.296504974365234 1.1273678495815026e-20
8.30200481414795 1.1398522183793012e-20
8.307511329650879 1.152297409189103e-20
8.313026428222656 1.16469041653448e-20
8.318548202514648 1.1770385913368914e-20
8.324076652526855 1.1893599473928803e-20
8.32961368560791 1.2016614317271222e-20
8.33515739440918 1.2138994234870022e-20
8.340707778930664 1.226086685810878e-20
8.346266746520996 1.2382216031116156e-20
8.351832389831543 1.2503281668581535e-20
8.357406616210938 1.2625583230204341e-20
8.362987518310547 1.2759879718502733e-20
8.368575096130371 1.290144958007791e-20
8.374171257019043 1.304611329101449e-20
8.37977409362793 1.3183514937784224e-20
8.385385513305664 1.3321465884179481e-20
8.391003608703613 1.3460216546206015e-20
8.396629333496094 1.36051759095881e-20
8.402262687683105 1.3742090456836964e-20
8.407903671264648 1.3903014244482607e-20
8.413552284240723 1.4025246335858656e-20
8.419208526611328 1.4151995608861068e-20
8.424872398376465 1.4289005475750833e-20
8.430543899536133 1.4433836399955772e-20
8.436223030090332 1.4565325805609025e-20
8.441908836364746 1.4696072041180688e-20
8.447603225708008 1.4830687607938024e-20
8.4533052444458 1.4964787802399648e-20
8.459015846252441 1.5098193294393698e-20
8.464733123779297 1.5233834758981056e-20
8.470458030700684 1.5379218213985786e-20
8.476190567016602 1.5552678957790436e-20
8.481931686401367 1.5727899075983896e-20
8.487680435180664 1.5902327556481748e-20
8.493436813354492 1.607599671102667e-20
8.499200820922852 1.6248890383747324e-20
8.504972457885742 1.6421006959056576e-20
8.510751724243164 1.6592808494874718e-20
8.516539573669434 1.6763892710005412e-20
8.522335052490234 1.6934112586019474e-20
8.528139114379883 1.7103718538922656e-20
8.533949851989746 1.7276552434919356e-20
8.539769172668457 1.744825541992233e-20
8.5455961227417 1.76160874581525e-20
8.551431655883789 1.7801062491460403e-20
8.55727481842041 1.8001959135972817e-20
8.563125610351562 1.8199209400324037e-20
8.568984985351562 1.839040121292316e-20
8.574851989746094 1.8587119949107327e-20
8.580726623535156 1.879019440507623e-20
8.586609840393066 1.8987068237625252e-20
8.592501640319824 1.9172001265667673e-20
8.598401069641113 1.9365375736484684e-20
8.604308128356934 1.9558441630159122e-20
8.610223770141602 1.9749691603895064e-20
8.616147994995117 1.993911273299544e-20
8.622079849243164 2.0138860695055656e-20
8.628019332885742 2.033449860344725e-20
8.633968353271484 2.0507285647417068e-20
8.639924049377441 2.0695008794439722e-20
8.645889282226562 2.0882738403810912e-20
8.651862144470215 2.1068692482921954e-20
8.657843589782715 2.1252229643680693e-20
8.663832664489746 2.1443948137685464e-20
8.669830322265625 2.167565402884121e-20
8.675836563110352 2.1918394380121445e-20
8.681851387023926 2.217470243215211e-20
8.687873840332031 2.243401386066468e-20
8.693904876708984 2.2642938357645408e-20
8.699944496154785 2.288073016553453e-20
8.705992698669434 2.3120940507363087e-20
8.712048530578613 2.3360454531136937e-20
8.71811294555664 2.359883602832993e-20
8.724186897277832 2.383666984148453e-20
8.730268478393555 2.407477668886476e-20
8.736358642578125 2.4311843098130765e-20
8.742456436157227 2.45532392809156e-20
8.748563766479492 2.4816967724652233e-20
8.754679679870605 2.50882054173872e-20
8.760804176330566 2.5363000632990997e-20
8.766937255859375 2.5637028444706196e-20
8.773077964782715 2.5909815485502565e-20
8.779228210449219 2.6181387604774247e-20
8.78538703918457 2.647243724253214e-20
8.79155445098877 2.6805217495958477e-20
8.797730445861816 2.6999548394358753e-20
8.803915023803711 2.725789531735239e-20
8.810108184814453 2.752323611704865e-20
8.816309928894043 2.77880857782562e-20
8.822521209716797 2.805148464221752e-20
8.828741073608398 2.8314043400869217e-20
8.834968566894531 2.8574905793030324e-20
8.841206550598145 2.883474713412281e-20
8.847452163696289 2.9093383247213416e-20
8.853707313537598 2.935073658411971e-20
8.859970092773438 2.960701070882056e-20
8.866243362426758 2.9864654851410955e-20
8.87252426147461 3.0163735572811427e-20
8.878814697265625 3.0503903906201056e-20
8.885113716125488 3.084282823749759e-20
8.891422271728516 3.1181771955839727e-20
8.89773941040039 3.1519681698416174e-20
8.904065132141113 3.1856696405720445e-20
8.910400390625 3.2192473573280154e-20
8.916744232177734 3.252666100310011e-20
8.923097610473633 3.2859459027984924e-20
8.929459571838379 3.319110029248187e-20
8.935831069946289 3.352113566336772e-20
8.942212104797363 3.384956190946822e-20
8.948601722717285 3.4187255163368726e-20
8.954999923706055 3.455525683190106e-20
8.961407661437988 3.4929039071198457e-20
8.967824935913086 3.531098971904482e-20
8.974250793457031 3.5705913531576336e-20
8.98068618774414 3.628389952224923e-20
8.987131118774414 3.6524964509671616e-20
8.993584632873535 3.682452344486372e-20
9.00004768371582 3.719782100802095e-20
9.00652027130127 3.7569671005106215e-20
9.013002395629883 3.7939763243389804e-20
9.019493103027344 3.8315626358915657e-20
9.025994300842285 3.88369472464544e-20
9.032504081726074 3.912304187847264e-20
9.039023399353027 3.9409152666362224e-20
9.045552253723145 3.976928319437823e-20
9.05208969116211 4.0133003557005746e-20
9.058637619018555 4.049615523296213e-20
9.065195083618164 4.085938122592668e-20
9.071761131286621 4.122195452168913e-20
9.078337669372559 4.1584359796389657e-20
9.084922790527344 4.1967392887615726e-20
9.09151840209961 4.251126737154361e-20
9.098122596740723 4.3333152089471737e-20
9.104737281799316 4.3621531161697304e-20
9.111361503601074 4.3840850346297496e-20
9.117995262145996 4.4307641936893095e-20
9.124638557434082 4.477247220470815e-20
9.131291389465332 4.5238798506209184e-20
9.137953758239746 4.583551561411243e-20
9.14462661743164 4.700007282548772e-20
9.151308059692383 4.724317022152454e-20
9.157999992370605 5.488185682985071e-20
9.164702415466309 9.928902862771439e-20
9.17141342163086 1.373035547813122e-19
9.17813491821289 1.817447379195186e-19
9.184865951538086 1.620197890325791e-19
9.191607475280762 1.4403352209443779e-19
9.198358535766602 1.2497181696240096e-19
9.205119132995605 5.09623099648822e-20
9.21189022064209 7.252856612653901e-20
9.218670845031738 1.2421732484617603e-19
9.225461959838867 1.2597430816602695e-19
9.23226261138916 1.3494713693599884e-19
9.239073753356934 1.4264375526777213e-19
9.245894432067871 6.086493174862918e-20
9.252725601196289 5.519407227464973e-20
9.259567260742188 5.570689840503846e-20
9.26641845703125 5.556842966296679e-20
9.273280143737793 5.669218037451422e-20
9.2801513671875 1.9474664713096266e-19
9.287033081054688 3.0004495550076726e-19
9.293925285339355 8.991374417799277e-20
9.300827026367188 9.865003806686571e-20
9.307740211486816 9.022884183023865e-20
9.31466293334961 4.642901188750554e-19
9.321596145629883 7.741098418249677e-19
9.32853889465332 8.457584428761151e-20
9.335493087768555 6.090678838009407e-20
9.342456817626953 6.15712405941729e-20
9.349431991577148 6.227195950823335e-20
9.356416702270508 6.291437511380588e-20
9.363411903381348 6.352349669972315e-20
9.370417594909668 6.457647177010901e-20
9.377433776855469 7.478152177179789e-20
9.384461402893066 9.054210417550043e-20
9.391498565673828 7.336322367634769e-20
9.39854621887207 8.317534996237681e-20
9.40560531616211 6.866193620255402e-20
9.412673950195312 6.82141342231302e-20
9.419754028320312 6.896168577702793e-20
9.426844596862793 6.999400071914557e-20
9.433945655822754 7.150393491683016e-20
9.441057205200195 7.125978092680777e-20
9.448180198669434 7.189426076837862e-20
9.455313682556152 7.261132942423406e-20
9.462457656860352 7.332133473314012e-20
9.469612121582031 7.414763646629231e-20
9.476778030395508 7.523315592390331e-20
9.483954429626465 7.552853048841863e-20
9.491142272949219 7.779440436840012e-20
9.498340606689453 8.637066465813819e-20
9.505550384521484 8.77611681925369e-20
9.512770652770996 8.115783706131437e-20
9.520001411437988 8.248362663747788e-20
9.527243614196777 8.021168461222149e-20
9.534497261047363 8.034721298570947e-20
9.54176139831543 8.103504597678999e-20
9.549036979675293 8.18462710508087e-20
9.556323051452637 8.270945340705339e-20
9.563620567321777 8.359906676880856e-20
9.570929527282715 8.73126618171227e-20
9.57824993133545 1.0674350275985985e-19
9.585580825805664 9.093438811865517e-20
9.592923164367676 8.728605632820176e-20
9.600276947021484 8.839808433950566e-20
9.60764217376709 9.078947641509354e-20
9.615017890930176 9.17769943571626e-20
9.622406005859375 9.119342489735498e-20
9.629804611206055 9.224443541378603e-20
9.637214660644531 9.284122683869743e-20
9.644637107849121 9.368368444318855e-20
9.652070045471191 9.470280326959656e-20
9.659514427185059 9.572605153671879e-20
9.666970252990723 9.677083881151009e-20
9.6744384765625 9.823639606180091e-20
9.681917190551758 9.950259632211793e-20
9.689408302307129 9.996287709656394e-20
9.696910858154297 1.0091867136967189e-19
9.704424858093262 1.0482094760817908e-19
9.711950302124023 1.0436857028599207e-19
9.719488143920898 1.1286945374241125e-19
9.727036476135254 1.0861342854506693e-19
9.734597206115723 1.0572159866123301e-19
9.742170333862305 1.066429163049037e-19
9.749754905700684 1.0763643130641377e-19
9.75735092163086 1.0964684854878416e-19
9.764958381652832 1.100569362621544e-19
9.772578239440918 1.1048143501275895e-19
9.780210494995117 1.1175093753317764e-19
9.787854194641113 1.1271597296469145e-19
9.795509338378906 1.140415686703989e-19
9.803177833557129 1.149455219835545e-19
9.810856819152832 1.1585927221709003e-19
9.818549156188965 1.1711481606467189e-19
9.826252937316895 1.183714068127165e-19
9.833968162536621 1.1962096652555442e-19
9.841696739196777 1.208644516307689e-19
9.84943675994873 1.2210244373972815e-19
9.857189178466797 1.2353201863337292e-19
9.864953994750977 1.2471789836374132e-19
9.872730255126953 1.2579831256600922e-19
9.88051986694336 1.2714732782280957e-19
9.888320922851562 1.2851812119417479e-19
9.896134376525879 1.298864588730965e-19
9.903960227966309 1.3128602262014207e-19
9.911799430847168 1.3269336703482448e-19
9.919650077819824 1.340922845470165e-19
9.927513122558594 1.3548483018355245e-19
9.935389518737793 1.3687108149261476e-19
9.943277359008789 1.383628371038688e-19
9.951178550720215 1.3975994515847085e-19
9.959091186523438 1.4107797991639168e-19
9.96701717376709 1.4245022085382886e-19
9.974956512451172 1.4374580541293711e-19
9.98290729522705 1.4510782291499103e-19
9.99087142944336 1.4636758021381808e-19
9.998847961425781 1.4772926167374814e-19
10.006837844848633 1.4910424264696441e-19
10.014840126037598 1.5043412935209947e-19
10.022854804992676 1.5177286947472826e-19
10.030882835388184 1.5310045558378466e-19
10.038923263549805 1.5443950589914316e-19
10.046977043151855 1.557716802756598e-19
10.05504322052002 1.5714734625782085e-19
10.063122749328613 1.5880885484040725e-19
10.071215629577637 1.6051052045679368e-19
10.079320907592773 1.6220819234178513e-19
10.08743953704834 1.6392333841721676e-19
10.095571517944336 1.6563769608612705e-19
10.103715896606445 1.673445057319478e-19
10.1118745803833 1.6904548633938946e-19
10.12004566192627 1.7073875090267965e-19
10.128230094909668 1.7242057710906188e-19
10.13642692565918 1.7417657815193539e-19
10.144638061523438 1.7609130739953958e-19
10.152862548828125 1.7796220899937553e-19
10.161100387573242 1.7982487756717717e-19
10.169350624084473 1.8174454404906253e-19
10.17761516571045 1.83668953894773e-19
10.185893058776855 1.8558825848514039e-19
10.194184303283691 1.87497249167245e-19
10.202488899230957 1.8939568037184248e-19
10.210807800292969 1.912837976681772e-19
10.219139099121094 1.9317099731101985e-19
10.227484703063965 1.950821205681412e-19
10.235843658447266 1.9700350603473702e-19
10.244216918945312 1.9890085156478053e-19
10.252603530883789 2.0078815460519976e-19
10.261003494262695 2.0267005512224325e-19
10.269417762756348 2.045484401216834e-19
10.27784538269043 2.0642125457668588e-19
10.286287307739258 2.0828318643675446e-19
10.294742584228516 2.1013428740067742e-19
10.30321216583252 2.1197459624254599e-19
10.311695098876953 2.1380477212191077e-19
10.32019329071045 2.1562526740316928e-19
10.328704833984375 2.174625518659232e-19
10.33722972869873 2.1967293355902973e-19
10.345769882202148 2.2201297581315396e-19
10.354323387145996 2.2434014506899534e-19
10.36289119720459 2.262129336746037e-19
10.37147331237793 2.249054971682812e-19
10.380069732666016 2.2337159411987817e-19
10.388679504394531 2.249328199778896e-19
10.39730453491211 2.2714340846614927e-19
10.405943870544434 2.2934825838890936e-19
10.414597511291504 2.317105052726018e-19
10.42326545715332 2.3420044816335714e-19
10.431947708129883 2.366760446403635e-19
10.440644264221191 2.3913915585999913e-19
10.449356079101562 2.416882938633403e-19
10.458081245422363 2.443020812014313e-19
10.466822624206543 2.4690400366761097e-19
10.475577354431152 2.5192162956456935e-19
10.484347343444824 2.852174845268128e-19
10.493131637573242 2.655906340906433e-19
10.501931190490723 2.600533061244543e-19
10.51074504852295 3.0673842346936393e-19
10.519573211669922 2.794328812562588e-19
10.528417587280273 2.682855109781586e-19
10.537275314331055 3.379302928447905e-19
10.546149253845215 2.98315346689313e-19
10.555037498474121 2.7655930750703785e-19
10.56394100189209 3.8267567165326326e-19
10.572858810424805 3.254809144331377e-19
10.581792831420898 2.795953963972313e-19
10.590741157531738 2.820278502354142e-19
10.59970474243164 2.844458801116657e-19
10.608683586120605 2.868601101269783e-19
10.617677688598633 2.892747795819913e-19
10.626687049865723 2.9547059501456073e-19
10.635712623596191 4.715688946752158e-19
10.644752502441406 4.0226594519672147e-19
10.653807640075684 3.0172831974610096e-19
10.66287899017334 3.044860365107762e-19
10.671964645385742 3.075030743974868e-19
10.681066513061523 3.105452378953037e-19
10.690183639526367 3.136607102749081e-19
10.69931697845459 3.168107174450866e-19
10.708465576171875 3.202573722624419e-19
10.717629432678223 3.2376180047570524e-19
10.72680950164795 3.2724560087244303e-19
10.736004829406738 3.3071058291024524e-19
10.745216369628906 3.342407571200743e-19
10.754444122314453 3.3788479791110007e-19
10.763687133789062 6.731995456589979e-19
10.77294635772705 6.682807678452396e-19
10.782220840454102 3.4852999200919812e-19
10.791511535644531 3.520183160499108e-19
10.80081844329834 3.5533903261900494e-19
10.810141563415527 3.587945796279452e-19
10.819480895996094 3.6223097223582606e-19
10.828836441040039 3.656471247680935e-19
10.838208198547363 3.690573836384965e-19
10.84759521484375 3.72457561245184e-19
10.856999397277832 3.7583868784838863e-19
10.866419792175293 3.7921570439792465e-19
10.875856399536133 3.8257602223884476e-19
10.885309219360352 3.8591537622111548e-19
10.894779205322266 3.892340765374665e-19
10.904265403747559 3.925351475670125e-19
10.91376781463623 3.9583117796470075e-19
10.923286437988281 3.9911218986439234e-19
10.932822227478027 4.028209575383504e-19
10.942375183105469 4.0720899559157936e-19
10.951944351196289 4.115830232731832e-19
10.961529731750488 4.1593045192821464e-19
10.971132278442383 4.202587003327925e-19
10.980751991271973 4.2456732904721636e-19
10.990388870239258 9.041011716900994e-19
11.000041961669922 1.537044473574344e-18
11.009712219238281 5.458641893431974e-19
11.019399642944336 4.912247739810071e-19
11.029104232788086 4.676503850171873e-19
11.038825035095215 4.7561298068998755e-19
11.048563957214355 4.578592032027619e-19
11.058320045471191 4.638176953477111e-19
11.068092346191406 4.773508354581732e-19
11.077882766723633 5.554205552612342e-19
11.087690353393555 7.269204286497363e-19
11.097516059875488 5.855831793100975e-19
11.1073579788208 4.926551243564762e-19
11.117218017578125 4.904050379939671e-19
11.127096176147461 4.94813962357663e-19
11.136990547180176 4.994531014255901e-19
11.146903991699219 5.165869070437072e-19
11.15683364868164 5.581206795757604e-19
11.16678237915039 5.362448026022416e-19
11.17674732208252 7.853342174482177e-19
11.186731338500977 1.4244607461100844e-18
11.196732521057129 7.842361868838418e-19
11.206751823425293 5.515291357682668e-19
11.216789245605469 5.367582749674839e-19
11.226844787597656 5.597138294355376e-19
11.236918449401855 9.18784971731411e-19
11.24700927734375 2.1032690416112864e-18
11.257119178771973 9.612043445067788e-19
11.267247200012207 5.923188593393285e-19
11.277393341064453 5.689418563491791e-19
11.287557601928711 5.739263433228471e-19
11.29773998260498 6.139749647638496e-19
11.307941436767578 8.154924987988651e-19
11.318160057067871 6.374681866300627e-19
11.328398704528809 5.968254944128823e-19
11.338654518127441 6.034978434264647e-19
11.348930358886719 6.131170750710556e-19
11.359223365783691 6.199479325695185e-19
11.369536399841309 6.260483895870971e-19
11.379867553710938 7.048470623049705e-19
11.390216827392578 1.3236773704693532e-18
11.400586128234863 2.4188611927671117e-18
11.41097354888916 1.1040227641307704e-18
11.421380043029785 6.551858266642775e-19
11.431805610656738 7.090962374128671e-19
11.44225025177002 1.500175482709207e-18
11.452713966369629 3.839575534485367e-18
11.463197708129883 1.7566361107887962e-18
11.473699569702148 7.206751633261726e-19
11.484220504760742 6.942211518549025e-19
11.49476146697998 7.007811077027543e-19
11.505321502685547 7.072974814720822e-19
11.515901565551758 7.137966395449114e-19
11.526500701904297 7.338166334165909e-19
11.537118911743164 1.035140746186489e-18
11.547757148742676 7.35561674316348e-18
11.558414459228516 7.40073065678424e-19
11.569091796875 7.615342666711123e-19
11.579789161682129 7.597003555542939e-19
11.590506553649902 7.585021844370109e-19
11.601243019104004 7.650700501994702e-19
11.61199951171875 7.729819810597516e-19
11.62277603149414 7.810425976351395e-19
11.633573532104492 7.890608729029222e-19
11.644390106201172 7.970348940079334e-19
11.655226707458496 8.04963937167137e-19
11.666084289550781 8.128401958635021e-19
11.676960945129395 8.209038626673987e-19
11.687858581542969 8.2969761975945e-19
11.698777198791504 8.386381497114411e-19
11.709715843200684 8.474031622772061e-19
11.720674514770508 8.560007224677174e-19
11.731654167175293 8.650015849056366e-19
11.742653846740723 8.739484738085867e-19
11.753674507141113 8.828728220398448e-19
11.764716148376465 8.921744680280036e-19
11.775777816772461 9.494411124132388e-19
11.786861419677734 9.55529161721629e-19
11.797965049743652 9.511852227348069e-19
11.809089660644531 9.606105322245423e-19
11.820235252380371 9.374982787291982e-19
11.831402778625488 9.46456024377688e-19
11.84259033203125 9.553635188039653e-19
11.853799819946289 9.642238639353271e-19
11.865030288696289 9.738946392718377e-19
11.87628173828125 1.7604576852187912e-18
11.887555122375488 2.0150630505820006e-18
11.898849487304688 1.0055909595739509e-18
11.910165786743164 3.688896314102707e-18
11.921503067016602 4.946989222139722e-18
11.932862281799316 1.6329319532850116e-17
11.944242477416992 3.437110393857385e-18
11.955645561218262 1.0771196452856723e-18
11.967069625854492 1.0524772110546816e-18
11.978515625 1.0641111961775102e-18
11.989983558654785 1.0724267394779292e-18
12.001473426818848 1.0833416978532961e-18
12.012986183166504 1.0942059914161442e-18
12.024519920349121 1.1328040999542467e-18
12.036076545715332 1.4752048645701859e-18
12.04765510559082 1.7714236185994067e-18
12.059255599975586 1.1634121607629698e-18
12.070878982543945 1.1521679845038068e-18
12.082525253295898 1.1645613214289591e-18
12.094193458557129 1.1767562384046753e-18
12.105883598327637 1.1889792795212182e-18
12.117597579956055 1.2872711871569397e-18
12.12933349609375 1.4458085199612764e-18
12.141092300415039 1.2413260604181412e-18
12.152873992919922 1.238993307693165e-18
12.164678573608398 1.2511361122902904e-18
12.176506042480469 1.2633943085828668e-18
12.188356399536133 1.275595222618024e-18
12.20022964477539 1.2879104943728666e-18
12.212126731872559 1.3006664465990468e-18
12.22404670715332 1.3120483484302e-18
12.235989570617676 1.3237245197642688e-18
12.247956275939941 1.3356517404142474e-18
12.259946823120117 1.3476216642633492e-18
12.271960258483887 1.3592736405645008e-18
12.283997535705566 1.3709719389799554e-18
12.29605770111084 1.3827445802529633e-18
12.30814266204834 1.394654016519772e-18
12.320250511169434 1.4058567303507308e-18
12.332383155822754 1.417217022088381e-18
12.344538688659668 1.4288968123376297e-18
12.356719017028809 1.4412001933711669e-18
12.36892318725586 1.4552950408163408e-18
12.38115119934082 1.4706269368675877e-18
12.393403053283691 1.4859063069499375e-18
12.405679702758789 1.5010296500892445e-18
12.417981147766113 1.5161390345557147e-18
12.430306434631348 1.5316375041028145e-18
12.442656517028809 1.5484461243426218e-18
12.455031394958496 1.5651809187127586e-18
12.467430114746094 1.5820138373830596e-18
12.479853630065918 1.5986017037968917e-18
12.492302894592285 1.6150370587852844e-18
12.504776000976562 1.6316110699238563e-18
12.517273902893066 1.6483791583136484e-18
12.529797554016113 1.665168236411484e-18
12.542346000671387 1.6819214355502503e-18
12.554920196533203 1.6985586226081059e-18
12.567519187927246 1.7151002703052116e-18
12.580142974853516 1.7315637494344311e-18
12.592792510986328 1.7479819404251133e-18
12.605467796325684 1.7642509287128062e-18
12.618167877197266 1.7805472139607134e-18
12.630894660949707 1.7966919183613703e-18
12.643646240234375 1.8125363561996704e-18
12.656424522399902 1.8283555650292876e-18
12.669227600097656 1.844434922161553e-18
12.68205738067627 1.8606493165288173e-18
12.694912910461426 1.8768144936496348e-18
12.707794189453125 1.8933572787200828e-18
12.720702171325684 1.9098934463456304e-18
12.733635902404785 1.9262976786634758e-18
12.746596336364746 1.9426220880522098e-18
12.75958251953125 1.9591752128803147e-18
12.77259635925293 1.975349075397564e-18
12.785635948181152 1.994673875663181e-18
12.798702239990234 2.0152483390392124e-18
12.811795234680176 2.0356319304888973e-18
12.824915885925293 2.0558893768951678e-18
12.838062286376953 2.076103189524126e-18
12.851236343383789 2.098118394732072e-18
12.864437103271484 2.1207831435160248e-18
12.877665519714355 2.1435525306474657e-18
12.890920639038086 2.165866554851696e-18
12.904203414916992 2.187925393836954e-18
12.917512893676758 2.209994779375022e-18
12.930850982666016 2.2321770750667034e-18
12.944215774536133 2.254886491603734e-18
12.957608222961426 2.2773500287036836e-18
12.971029281616211 2.299587745496406e-18
12.984477043151855 2.3218583427184775e-18
12.997953414916992 2.3439949366813154e-18
13.011458396911621 2.3662475427250638e-18
13.02499008178711 2.3887185244505262e-18
13.03855037689209 2.4110426816172604e-18
13.052139282226562 2.4335637077697823e-18
13.065756797790527 2.4564437303081522e-18
13.079401969909668 2.4792046388383144e-18
13.093076705932617 2.5019289446263712e-18
13.106779098510742 2.5246371203924832e-18
13.12051010131836 2.5471120312258553e-18
13.134270668029785 2.5692986696157526e-18
13.148059844970703 2.5914879963426407e-18
13.161877632141113 2.6134969976959922e-18
13.175724983215332 2.635410666483747e-18
13.189600944519043 2.6571222964068858e-18
13.203507423400879 2.6786930988307373e-18
13.21744155883789 2.7004535324100167e-18
13.231406211853027 2.7263637243273215e-18
13.245400428771973 2.7537905518977422e-18
13.259424209594727 2.7811615447768156e-18
13.273477554321289 2.8084003955530337e-18
13.28756046295166 2.8367774468521247e-18
13.30167293548584 2.8672396136803088e-18
13.315816879272461 2.8976581467311807e-18
13.329989433288574 2.9273351123628988e-18
13.344192504882812 2.9571955052954505e-18
13.358427047729492 2.9879839948752868e-18
13.372690200805664 3.0199801681494504e-18
13.386984825134277 3.048223216189308e-18
13.401309967041016 3.0801850614680506e-18
13.415666580200195 3.1141706041154043e-18
13.430052757263184 5.404576851607625e-18
13.444470405578613 1.4910766986303737e-16
13.458918571472168 6.28297541235514e-17
13.473398208618164 7.705808122263113e-17
13.487909317016602 6.540613056407846e-17
13.502450942993164 4.081715288017402e-18
13.517024993896484 4.328620015468049e-18
13.53162956237793 1.3014446167603061e-17
13.546266555786133 5.939373850323473e-17
13.560934066772461 2.813087738571157e-17
13.575634956359863 7.18714652216603e-18
13.59036636352539 4.010542186571502e-18
13.605130195617676 3.812310007134394e-18
13.619926452636719 3.5790860198347615e-18
13.63475513458252 4.4211749085678324e-18
13.649615287780762 7.949982574665906e-17
13.664508819580078 4.5055088671497575e-18
13.679433822631836 1.0555172859214518e-17
13.694392204284668 1.3939721798126507e-16
13.709383010864258 1.4680847833705438e-16
13.724407196044922 3.971627474653945e-18
13.739463806152344 3.81400655457074e-18
13.75455379486084 3.850658927512965e-18
13.76967716217041 3.888993372230816e-18
13.784832954406738 3.934824141249929e-18
13.800023078918457 4.022861387434254e-18
13.815245628356934 4.078641898451461e-18
13.8305025100708 4.349010844748094e-18
13.845793724060059 5.126435716275444e-18
13.86111831665039 4.346145904696516e-18
13.876476287841797 4.180264345426051e-18
13.891868591308594 4.2247091733288314e-18
13.907295227050781 4.2660065790008476e-18
13.92275619506836 4.30892608585408e-18
13.938251495361328 4.3509071563023715e-18
13.953782081604004 4.393108256793602e-18
13.969346046447754 4.434877155414773e-18
13.984946250915527 4.476963691391165e-18
14.000579833984375 4.518483195057652e-18
14.016249656677246 4.560715314821853e-18
14.031953811645508 4.6079096910807596e-18
14.047693252563477 4.645211814394145e-18
14.063467979431152 4.683360557064478e-18
14.079277992248535 4.725941747047176e-18
14.095124244689941 4.8024621575629254e-18
14.111005783081055 4.817879563409995e-18
14.126923561096191 4.842182543397109e-18
14.142876625061035 4.9916511849532974e-18
14.158865928649902 7.282329368071895e-18
14.17489242553711 5.949211592066627e-18
14.190954208374023 5.001798623117792e-18
14.207052230834961 5.0393472462537175e-18
14.223187446594238 5.077696580222595e-18
14.239358901977539 5.118146952947357e-18
14.25556755065918 5.167092470563038e-18
14.27181339263916 5.224172895912872e-18
14.288095474243164 5.2822988775569736e-18
14.304415702819824 5.339862789974845e-18
14.320773124694824 5.3971380163589355e-18
14.337166786193848 5.457420871450269e-18
14.353599548339844 5.513043390970478e-18
14.37006950378418 5.6088296651332e-18
14.386576652526855 5.6511804853153025e-18
14.403122901916504 5.7380092206246876e-18
14.419706344604492 5.813060144782236e-18
14.436327934265137 5.8684249975416356e-18
14.452988624572754 5.9752528921110215e-18
14.469687461853027 5.9805344403221725e-18
14.486424446105957 5.965605071036509e-18
14.50320053100586 6.017430004364488e-18
14.520015716552734 6.224261553449697e-18
14.536870002746582 6.263662233977129e-18
14.553763389587402 6.18090488164273e-18
14.570695877075195 6.234923084364893e-18
14.587668418884277 6.288940046316137e-18
14.604680061340332 6.344091072887191e-18
14.621731758117676 6.597075577840103e-18
14.638822555541992 6.679159605155884e-18
14.655953407287598 6.5104271679042546e-18
14.673125267028809 6.565566613946733e-18
14.690337181091309 6.621278055382792e-18
14.707589149475098 6.677527991397623e-18
14.724882125854492 6.762054269471967e-18
14.742215156555176 6.828717582218228e-18
14.759589195251465 6.844295874694439e-18
14.77700424194336 6.897843411648059e-18
14.794461250305176 6.95763450786523e-18
14.811958312988281 7.366900313899316e-18
14.829497337341309 7.672872768121456e-18
14.847078323364258 7.205952473392424e-18
14.864701271057129 7.262114728262324e-18
14.882365226745605 7.337597440699625e-18
14.90007209777832 7.417133338138437e-18
14.91781997680664 7.490985677588396e-18
14.9356107711792 7.56483967139958e-18
14.953444480895996 7.639037772345587e-18
14.971320152282715 7.714241724916458e-18
14.989239692687988 7.796432044940952e-18
15.007201194763184 7.881097289358205e-18
15.025205612182617 7.949405864342834e-18
15.043253898620605 8.041983918499769e-18
15.061345100402832 8.131068788929892e-18
15.079480171203613 8.179759121326601e-18
15.09765911102295 8.22813843381299e-18
15.11588191986084 8.327550654190838e-18
15.134148597717285 8.421188326712453e-18
15.152459144592285 8.934080011164733e-18
15.170814514160156 1.006224352448498e-17
15.189214706420898 8.722694005626807e-18
15.207658767700195 8.67727351819152e-18
15.22614860534668 8.74888088945901e-18
15.244683265686035 8.818747045537077e-18
15.263262748718262 8.890969011999694e-18
15.28188705444336 8.962391921990585e-18
15.300558090209961 9.033512911057895e-18
15.319273948669434 9.103674370614642e-18
15.338035583496094 9.174538106511448e-18
15.356843948364258 9.245946127251313e-18
15.37569808959961 9.315858605443682e-18
15.394598007202148 9.404486044995064e-18
15.413544654846191 9.53869196347873e-18
15.432538986206055 9.645638972056323e-18
15.451579093933105 9.70521831003668e-18
15.470666885375977 9.796133731162384e-18
15.489801406860352 9.893146300583215e-18
15.508983612060547 9.990407024187813e-18
15.528213500976562 1.0091571213103048e-17
15.547491073608398 1.0204309313149125e-17
15.566816329956055 1.0300178718963409e-17
15.586190223693848 1.0395620472401002e-17
15.605611801147461 1.0496314822728307e-17
15.625082015991211 1.059600083988891e-17
15.644600868225098 1.0709495810195474e-17
15.664168357849121 1.081777871546234e-17
15.683785438537598 1.0905891648672714e-17
15.703451156616211 1.1004408032447167e-17
15.723166465759277 1.1115524031312028e-17
15.742931365966797 1.1308185976504204e-17
15.762746810913086 1.1339388056390316e-17
15.782610893249512 1.1412421487033848e-17
15.802525520324707 1.1513700654054228e-17
15.822490692138672 1.1614079848568151e-17
15.842506408691406 1.1707575246024407e-17
15.86257266998291 1.182314064940419e-17
15.882689476013184 1.1927544904778796e-17
15.902857780456543 1.2002068914886148e-17
15.923077583312988 1.2090540017301758e-17
15.94334888458252 1.2240217521962615e-17
15.963671684265137 1.2373774103665427e-17
15.98404598236084 1.2430034793028221e-17
16.004472732543945 2.0544618699530544e-17
16.024951934814453 1.2606833895613468e-17
16.045482635498047 1.269476815781153e-17
16.06606674194336 1.2841484355879448e-17
16.08670425415039 1.3226347506662608e-17
16.107393264770508 1.3245915291233162e-17
16.128137588500977 1.337788616770171e-17
16.14893341064453 1.35054448627829e-17
16.169784545898438 1.3573181028783642e-17
16.190689086914062 1.378393589551419e-17
16.211647033691406 1.3843347315830199e-17
16.2326602935791 1.423405284327982e-17
16.25372886657715 1.4757323990058416e-17
16.274850845336914 1.5178135583082518e-17
16.29602813720703 1.504503725943906e-17
16.317258834838867 1.467558365628715e-17
16.338546752929688 1.4648096444532014e-17
16.35988998413086 1.48382024016314e-17
16.381290435791016 1.4955238532140303e-17
16.40274429321289 1.918588851662849e-17
16.424257278442383 1.564629334000793e-17
16.445825576782227 1.5257910535718357e-17
16.467449188232422 1.55888836967743e-17
16.489131927490234 1.5735258269249233e-17
16.5108699798584 1.5754816127652437e-17
16.53266716003418 1.590175152858268e-17
16.554519653320312 1.603340559487662e-17
16.576431274414062 1.6382477467735224e-17
16.59840202331543 1.6481838402915093e-17
16.62042999267578 1.636550537592686e-17
16.64251708984375 1.644233887430446e-17
16.664661407470703 1.7087556295708074e-17
16.686866760253906 1.7465074909832375e-17
16.709129333496094 1.6880539458165653e-17
16.73145294189453 1.6945064509028464e-17
16.753835678100586 1.5365230602752212e-17
16.77627944946289 1.1271170471273068e-17
16.798782348632812 8.80822778968724e-18
16.821346282958984 8.93899759990636e-18
16.843969345092773 8.987230501424328e-18
16.866655349731445 9.006819792690808e-18
16.889402389526367 9.096172669639399e-18
16.91221046447754 9.136069244944057e-18
16.93507957458496 9.22912623667566e-18
16.958009719848633 9.332844759322459e-18
16.98100471496582 4.0993903179103127e-17
17.004060745239258 5.502998026893573e-17
17.027179718017578 9.596033777902131e-18
17.05035972595215 9.6778402861224e-18
17.073604583740234 7.889892204503114e-17
17.096914291381836 1.152722638055845e-16
17.12028694152832 9.931336402284176e-18
17.143722534179688 1.0042372991810232e-17
17.16722297668457 1.014300034050792e-17
17.190786361694336 1.8889227799997983e-16
17.21441650390625 1.0396177992133863e-17
17.23811149597168 1.0381239937451768e-17
17.261871337890625 1.0465978800943538e-17
17.28569793701172 1.0558318627084057e-17
17.309589385986328 1.0649453251072087e-17
17.333545684814453 1.0738765596170662e-17
17.35757064819336 1.0827493951756776e-17
17.38166046142578 1.0977696716106604e-17
17.405818939208984 4.1122089042524754e-16
17.430044174194336 1.111470181378315e-17
17.454336166381836 1.1190866950225808e-17
17.478696823120117 1.1303150928115593e-17
17.503124237060547 1.141521156723999e-17
17.527620315551758 1.152635651742629e-17
17.552186965942383 1.1637779400298408e-17
17.576820373535156 1.174833870661102e-17
17.601524353027344 1.1859449742392206e-17
17.626296997070312 1.1968450640430768e-17
17.651140213012695 1.2077750150670463e-17
17.676054000854492 1.2186511993511997e-17
17.70103645324707 1.2297093633701149e-17
17.726091384887695 1.2413849349982396e-17
17.751216888427734 1.2616285261292499e-17
17.776412963867188 8.583665127863589e-16
17.801681518554688 1.286383146730818e-17
17.8270206451416 1.2877802547854201e-17
17.852434158325195 1.3006940330724755e-17
17.877918243408203 1.3132798342466536e-17
17.90347671508789 1.3267073744121656e-17
17.929107666015625 1.3387074489945949e-17
17.954811096191406 1.3502686215440035e-17
17.9805908203125 1.3622656355581664e-17
18.00644302368164 1.3746883994336102e-17
18.03236961364746 1.4309863946420306e-17
18.05837059020996 2.5097539905030616e-17
18.084447860717773 1.7617562347034076e-17
18.110599517822266 1.4218402586090317e-17
18.13682746887207 1.4333600721278127e-17
18.163131713867188 1.4451601344381267e-17
18.189512252807617 1.4564230256586487e-17
18.21596908569336 1.4836599325604273e-17
18.242504119873047 2.8219362550197595e-17
18.269115447998047 5.67351800144893e-17
18.295804977416992 1.5071561632961185e-17
18.322572708129883 1.5502127339768513e-17
18.34941864013672 1.6844646437025752e-17
18.3763427734375 9.536409110424206e-17
18.40334701538086 3.31362696950006e-17
18.430429458618164 1.5814515406821614e-17
18.457592010498047 1.5969166748505753e-17
18.48483657836914 1.6283331599514618e-17
18.51215934753418 1.6359749853224717e-17
18.53956413269043 1.7464209678911645e-17
18.56705093383789 4.999820420682871e-17
18.59461784362793 1.0245204295453134e-16
18.622268676757812 2.8577959904118114e-15
18.649999618530273 1.7853032543287096e-17
18.677814483642578 5.200845492740203e-17
18.705711364746094 1.6211898267048008e-16
18.733694076538086 1.7885664818452313e-17
18.76175880432129 1.807259274763827e-17
18.789907455444336 1.798512170658324e-17
18.81814193725586 1.853735740969099e-17
18.846460342407227 1.8527234373354567e-17
18.87486457824707 2.026611691345129e-17
18.90335464477539 1.8816916332593087e-17
18.931930541992188 2.2683990659362167e-17
18.960594177246094 1.3133022177540292e-16
18.989343643188477 2.8319679706165576e-17
19.018178939819336 2.474741751279407e-17
19.047103881835938 2.3786182355809475e-17
19.07611656188965 2.2247987067207916e-17
19.1052188873291 2.7584584148124402e-17
19.134408950805664 1.9490726079050208e-17
19.16368865966797 4.54400287500777e-17
19.193058013916016 1.9902696765687343e-17
19.222517013549805 2.264463175145567e-17
19.252065658569336 2.0100424364950793e-17
19.281707763671875 2.8296885917206065e-17
19.311439514160156 7.053072621708128e-17
19.341264724731445 2.123059627279832e-17
19.371179580688477 2.1620191723865895e-16
19.40118980407715 9.604714376686385e-17
19.431291580200195 5.251001291397335e-16
19.46148681640625 2.2965296587717975e-17
19.491777420043945 2.176284729230679e-17
19.52216148376465 2.197442851246928e-17
19.552640914916992 2.2093908134507664e-17
19.583215713500977 2.2276862288030917e-17
19.6138858795166 2.4682495415237234e-17
19.644651412963867 4.93592799755254e-17
19.675514221191406 2.2882391583644236e-17
19.70647430419922 2.3060859109525002e-17
19.737533569335938 2.3377131616734652e-17
19.768688201904297 2.407494945329051e-17
19.799943923950195 3.324782658113195e-17
19.831296920776367 4.9773664375189967e-17
19.862749099731445 2.40466863461208e-17
19.894302368164062 2.4186837211666884e-17
19.925954818725586 2.4375012529216572e-17
19.95771026611328 2.4548058713362666e-17
19.989564895629883 2.47139249697918e-17
20.021522521972656 2.4886982734466468e-17
20.05358123779297 2.5087408596888067e-17
20.085744857788086 2.5300821194926748e-17
20.118009567260742 2.5529703724781396e-17
20.150379180908203 2.5808261759142303e-17
20.18285369873047 2.6062029190544996e-17
20.21543312072754 2.6332642982302944e-17
20.24811553955078 2.6639105127447715e-17
20.280906677246094 2.7013525122997393e-17
20.31380271911621 2.7135355592336653e-17
20.346805572509766 2.7372974803821086e-17
20.37991714477539 2.7630823544366116e-17
20.413135528564453 2.789369492559057e-17
20.446462631225586 2.817608115182637e-17
20.47989845275879 2.842550588501316e-17
20.513442993164062 2.864057284427695e-17
20.547100067138672 2.889312762890164e-17
20.58086585998535 2.9182303353605276e-17
20.614744186401367 2.9437498498745236e-17
20.648733139038086 2.969857324367922e-17
20.68283462524414 3.020237255883832e-17
20.71704864501953 3.0192006331401805e-17
20.751375198364258 3.0367669715006016e-17
20.785818099975586 3.061776942757265e-17
20.82037353515625 3.084816238922582e-17
20.855045318603516 3.1159926762097055e-17
20.88983154296875 3.1435090047224044e-17
20.924734115600586 1.223478211815753e-16
20.959754943847656 3.192447325866757e-17
20.994892120361328 3.2202098233297515e-17
21.030147552490234 3.237249082203854e-17
21.065521240234375 3.259774864644898e-17
21.101015090942383 3.284924794861205e-17
21.136627197265625 3.310157443138768e-17
21.172361373901367 3.3357368455291125e-17
21.208215713500977 3.364824155461172e-17
21.244192123413086 3.398623086162334e-17
21.280288696289062 3.4322502941683296e-17
21.316511154174805 3.465697176800789e-17
21.352855682373047 3.498316878820695e-17
21.389324188232422 3.530603392489865e-17
21.425918579101562 3.563806091405498e-17
21.462636947631836 3.602485718592968e-17
21.499483108520508 3.63356190158985e-17
21.536453247070312 3.700124132865257e-17
21.57355308532715 2.7245383848696007e-16
21.610780715942383 2.975614207616738e-14
21.648136138916016 5.047362606537022e-15
21.68562126159668 2.219139924445647e-15
21.723237991333008 4.4213194170208454e-17
21.760982513427734 1.7498915861308655e-16
21.798860549926758 7.198375671035005e-15
21.836870193481445 5.128648440957636e-16
21.87501335144043 5.386943925207893e-17
21.913288116455078 5.836274058774863e-17
21.951698303222656 7.842964593991755e-17
21.990243911743164 4.5859707105662606e-17
22.0289249420166 1.8047176200566926e-15
22.06774139404297 1.7442401558370052e-16
22.1066951751709 2.8274928785040204e-14
22.14578628540039 1.4760827066865353e-15
22.185016632080078 4.740264048481287e-17
22.22438621520996 4.8156503116591646e-17
22.26389503479004 4.8864377815034925e-17
22.303544998168945 1.084569639200825e-16
22.343338012695312 5.040581565163769e-17
22.383270263671875 5.093071138113934e-17
22.42334747314453 4.974973569443003e-17
22.46356773376465 4.691910047721642e-17
22.50393295288086 4.587579411421554e-17
22.544445037841797 4.655251057334517e-17
22.585100173950195 4.723545073940365e-17
22.625904083251953 4.795364865189159e-17
22.666854858398438 4.86260803154482e-17
22.70795440673828 4.923553044716502e-17
22.749204635620117 7.248277981847782e-17
22.790603637695312 8.305418113413001e-17
22.8321533203125 5.123880968953574e-17
22.873855590820312 1.0191649313874001e-16
22.91571044921875 5.250311224243119e-17
22.957717895507812 1.2923254468152765e-16
22.999879837036133 5.348642815868728e-17
23.04219627380371 1.0240825532162524e-16
23.084671020507812 5.459256054357279e-17
23.127300262451172 1.8144724220541875e-16
23.170087814331055 5.587695035046348e-17
23.213035583496094 5.660387667277508e-17
23.256141662597656 3.229533604671102e-16
23.299407958984375 5.758087623787371e-17
23.342836380004883 5.81049381693179e-17
23.386425018310547 5.843389135531799e-17
23.430179595947266 5.897932763379056e-17
23.474096298217773 5.988748591959008e-17
23.518178939819336 5.990280530453456e-17
23.56242561340332 6.038332444853397e-17
23.606840133666992 6.08690250518904e-17
23.65142250061035 6.136062179865312e-17
23.69617462158203 6.185231780708934e-17
23.7410945892334 6.238645148967198e-17
23.78618621826172 5.88673922298109e-16
23.831449508666992 6.344898153010859e-17
23.87688636779785 6.391876056103461e-17
23.922494888305664 6.440284650783534e-17
23.968278884887695 6.489468148261447e-17
24.014238357543945 6.543187242474111e-17
24.060375213623047 6.602102354422588e-17
24.106687545776367 6.660136022710328e-17
24.153181076049805 6.715357938659878e-17
24.199851989746094 6.769335774968149e-17
24.2467041015625 6.82146800589369e-17
24.293739318847656 6.914682658250046e-17
24.340957641601562 7.083431473677804e-17
24.388357162475586 6.990457034571334e-17
24.435943603515625 7.021677477867045e-17
24.48371696472168 7.070471869584813e-17
24.531675338745117 7.124955940427966e-17
24.579824447631836 7.223179998573943e-17
24.62816047668457 8.01571564009529e-17
24.676687240600586 7.528696841714689e-17
24.725406646728516 8.288005630646515e-17
24.77431869506836 9.703060989911918e-16
24.82342529296875 1.152536423156347e-16
24.872726440429688 8.669141340153389e-17
24.922222137451172 1.6706046700564327e-15
24.9719181060791 7.65335296002643e-17
25.02181053161621 8.386803421265359e-17
25.071903228759766 8.952894730505619e-17
25.122196197509766 8.323193893904521e-17
25.172693252563477 8.255523902352783e-17
25.223392486572266 9.666587486505351e-17
25.274295806884766 8.417481234079235e-17
25.32540512084961 1.8725907936366533e-16
25.37672233581543 5.387159653911647e-17
25.42824935913086 7.352363110942064e-17
25.479984283447266 5.445713453368561e-17
25.53192901611328 1.1527750482194564e-16
25.584087371826172 1.2213217188716027e-16
25.636459350585938 1.5147634456047482e-16
25.68904685974121 2.054330976892924e-16
25.741849899291992 6.609580728904557e-17
25.79486846923828 5.630485419005961e-17
25.848108291625977 2.8760172572940275e-16
25.901567459106445 5.745311984662612e-17
25.955249786376953 6.298441704576411e-17
26.009153366088867 4.470166615948919e-16
26.063282012939453 9.451428544757448e-17
26.11763572692871 1.2473667908595904e-16
26.172216415405273 5.814358404753638e-17
26.227025985717773 7.063269442555192e-17
26.282066345214844 5.904679248455038e-17
26.337337493896484 8.131645995561332e-16
26.392841339111328 5.962512408162296e-17
26.44858169555664 7.185676953089769e-17
26.50455665588379 6.056977095860342e-17
26.560768127441406 6.036995059239021e-17
26.617219924926758 6.28126546459287e-17
26.67391014099121 6.151440460069407e-17
26.730844497680664 6.177644218386107e-17
26.788021087646484 6.130375147717887e-17
26.845443725585938 6.18470106162792e-17
26.903112411499023 6.191227847533208e-17
26.961030960083008 1.189913154852262e-15
27.019197463989258 6.08556009031654e-16
27.07761573791504 6.660422558074517e-17
27.136287689208984 6.360729728190634e-17
27.195215225219727 6.365635901839809e-17
27.254398345947266 6.42399514841665e-17
27.313838958740234 6.498639265148945e-17
27.3735408782959 6.459019299041125e-17
27.433504104614258 6.568508233641094e-17
27.493728637695312 6.535327703165877e-17
27.55422019958496 6.588676220464117e-17
27.614978790283203 6.658268579759428e-17
27.67600440979004 6.598279456503613e-17
27.737300872802734 6.620946190521036e-17
27.798870086669922 7.104605312125692e-17
27.8607120513916 6.813586629017285e-17
27.92283058166504 6.769010858423538e-17
27.985227584838867 7.426589005156653e-17
28.047903060913086 6.828508305523252e-17
28.11086082458496 7.068256349032151e-17
28.174100875854492 6.953030751448005e-17
28.237625122070312 6.923571871984786e-17
28.301437377929688 7.777110429320694e-17
28.36553955078125 6.996717799191625e-17
28.429931640625 7.009905043389191e-17
28.494617462158203 5.197648697753037e-15
28.559598922729492 7.254751166449377e-17
28.624876022338867 7.372282943581321e-17
28.690452575683594 7.566409660202206e-17
28.756330490112305 1.1512336494257785e-14
28.822513580322266 1.1125098018245063e-15
28.888999938964844 6.874678218593512e-16
28.955793380737305 7.439567799839855e-17
29.022897720336914 9.32572620840695e-17
29.090312957763672 1.8845286642370186e-15
29.15804100036621 1.2367799378100957e-16
29.22608757019043 7.81013346460728e-17
29.294450759887695 7.572019268244296e-17
29.363134384155273 8.06095116994561e-17
29.43214225769043 2.9589764582415017e-16
29.501474380493164 1.150782180864892e-14
29.57113265991211 3.366382100514079e-16
29.641122817993164 9.223268309013682e-17
29.711444854736328 7.957130076902854e-17
29.782100677490234 8.099714176938825e-17
29.853092193603516 1.0151521127997829e-16
29.92442512512207 8.173756106185181e-17
29.9960994720459 8.376795197597957e-17
30.068117141723633 9.177678745861189e-17
30.14048194885254 9.359844430824557e-17
30.21319580078125 8.410932610605776e-17
30.2862606048584 8.629007860321296e-17
30.35968017578125 1.3344067053793602e-16
30.433456420898438 1.2404327409253502e-15
30.507593154907227 1.2747784975684136e-16
30.582090377807617 8.717451996648936e-17
30.656953811645508 8.782077301801988e-17
30.7321834564209 8.835491331804743e-17
30.807783126831055 8.929022298027339e-17
30.883756637573242 2.1724421775003497e-16
30.960105895996094 1.4920380810255074e-16
31.036832809448242 9.696133716241255e-17
31.113941192626953 1.0452882215741108e-16
31.19143295288086 9.163224922709683e-17
31.26931381225586 1.4827944369419008e-16
31.34758186340332 9.273854043065995e-17
31.426244735717773 9.258589582914186e-17
31.50530242919922 1.3075621136985033e-16
31.584758758544922 7.328558176401768e-17
31.66461753845215 8.026618542313229e-17
31.74488067626953 7.072774078665671e-17
31.825551986694336 5.571466413172547e-17
31.906635284423828 5.214816573286224e-17
31.98813247680664 5.4514478002470234e-17
32.070045471191406 4.919874936491948e-16
32.152381896972656 7.049414762864969e-16
32.235137939453125 5.141064818998751e-17
32.31832504272461 5.742173330546341e-17
32.401939392089844 7.985382463811827e-16
32.48598861694336 6.25490950504346e-17
32.57047653198242 5.4576916903828187e-17
32.65540313720703 6.115641406647093e-17
32.74077606201172 1.5531561403813354e-15
32.826595306396484 6.533956568582509e-17
32.912864685058594 5.312311058131929e-17
32.99959182739258 5.319568409954224e-17
33.08677291870117 5.623225420205705e-17
33.17441940307617 5.3303833001549874e-17
33.26253128051758 5.41863784668623e-17
33.35110855102539 5.4993882107003917e-17
33.440162658691406 2.8464531604568922e-15
33.529693603515625 6.815822663649139e-17
33.61970138549805 1.160396094813479e-16
33.71019744873047 3.840046905673536e-14
33.80118179321289 7.268019672870319e-16
33.89265823364258 2.9735282195775346e-16
33.9846305847168 3.1620732537738095e-16
34.07710266113281 7.504610004021634e-17
34.170082092285156 1.6163430777108321e-16
34.26356506347656 1.9637758756420488e-16
34.357566833496094 1.0568148179739147e-16
34.452083587646484 6.519216210066814e-17
34.547119140625 3.7792172239785565e-16
34.64268493652344 7.437804250773892e-17
34.73877716064453 2.983251628416422e-16
34.83540725708008 6.905036408818698e-17
34.93257522583008 7.742977198538052e-15
35.0302848815918 7.828653310603404e-16
35.128543853759766 7.694035687785258e-17
35.22735595703125 8.995855182799173e-16
35.326725006103516 1.0619797337186958e-16
35.426658630371094 1.10308538238111e-16
35.527156829833984 5.825060930739992e-16
35.62822723388672 2.117473842039384e-16
35.72987365722656 4.777732749426428e-16
35.83210372924805 1.0314023737184076e-16
35.93491744995117 8.834147990489957e-17
36.038326263427734 7.686197324300705e-17
36.142330169677734 8.067769123426517e-17
36.2469367980957 9.035676319231966e-17
36.352149963378906 1.1479755477820767e-16
36.457977294921875 8.393553876808282e-17
36.56441879272461 1.580337560007624e-16
36.671485900878906 8.692520111242097e-17
36.77918243408203 1.1418597052051047e-16
36.88751220703125 1.227411356366769e-16
36.996482849121094 2.0107506023610982e-16
37.106101989746094 8.58478281430727e-17
37.21636962890625 1.0456472841344078e-16
37.327293395996094 1.0541855747660782e-16
37.438880920410156 4.2572929426229283e-16
37.55113983154297 1.8200240612789494e-16
37.6640739440918 1.2998248647720293e-16
37.777687072753906 1.1778419295022634e-16
37.89198684692383 8.397969697790335e-17
38.00698471069336 8.371458228285765e-17
38.1226806640625 2.9304298597322557e-16
38.23908233642578 2.6708452310409466e-16
38.356197357177734 1.32198536425457e-16
38.474029541015625 1.2089068628428148e-16
38.592594146728516 1.6740024633150045e-16
38.71188735961914 1.4788327050289148e-16
38.8319206237793 1.1600177093140727e-16
38.952701568603516 8.077345360290819e-16
39.07423400878906 3.7206623657304587e-16
39.196529388427734 1.34419840624962e-16
39.3195915222168 1.4203367420404309e-16
39.44342803955078 1.1109602079870638e-16
39.568050384521484 1.1095673020099735e-16
39.69346237182617 2.0735522720484922e-16
39.81966781616211 1.3379369798848385e-16
39.94668197631836 1.0592556625254362e-16
40.07450866699219 1.2337540449549277e-16
40.203155517578125 4.354704124425249e-14
40.3326301574707 1.7065993351500042e-15
40.46294021606445 8.647473707967031e-16
40.59409713745117 1.340160706069177e-16
40.72610855102539 2.622814651283365e-15
40.858978271484375 1.5817534285185187e-16
40.99271774291992 8.948105023886692e-17
41.12733840942383 9.036413502593873e-17
41.26284408569336 1.704911886700396e-16
41.39924621582031 4.626673423008688e-16
41.536556243896484 4.7773735651051447e-14
41.674774169921875 1.173452842997608e-16
41.81391906738281 2.765447164546227e-16
41.95399475097656 4.513030718244723e-16
42.09501266479492 1.510235260408286e-16
42.23698425292969 1.7715773501162497e-16
42.379913330078125 2.297491901434768e-16
42.52381134033203 1.303873073454974e-15
42.66869354248047 1.3756033439091552e-16
42.8145637512207 1.585781334880509e-16
42.9614372253418 3.081759442599729e-16
43.10932159423828 1.866313882450805e-16
43.25822830200195 4.388754308921368e-16
43.408164978027344 1.2260309573605406e-16
43.559146881103516 2.298130617216557e-16
43.711177825927734 2.101300939051645e-16
43.864280700683594 2.167462444333662e-15
44.018455505371094 7.688557237501095e-16
44.1737174987793 4.924717847367875e-16
44.330081939697266 1.5150601983038628e-15
44.487552642822266 4.716584382172956e-16
44.646148681640625 7.473917500480079e-16
44.80588150024414 1.8053640385443456e-16
44.966758728027344 2.0979489385117842e-16
45.1287956237793 2.9705485164877715e-16
45.29200744628906 1.6580970639199204e-15
45.45640182495117 4.0724314429560254e-16
45.62199401855469 1.6730206991895775e-16
45.788795471191406 3.4867319827313183e-16
45.95682144165039 2.274384842633671e-16
46.1260871887207 2.24844763499756e-16
46.29660415649414 1.2150216466286028e-15
46.468387603759766 4.3586936390189047e-16
46.641448974609375 5.7288941038646595e-16
46.81580352783203 6.416168166937326e-16
46.9914665222168 7.320305957913143e-16
47.168453216552734 1.940777581165335e-15
47.346778869628906 2.4732809370827486e-15
47.52645492553711 1.1060236470309065e-15
47.70750427246094 6.37695001208386e-16
47.88993453979492 3.5806568192743875e-16
48.073768615722656 3.477682759178886e-16
48.25901794433594 6.452096128186301e-16
48.445701599121094 5.754246329371573e-16
48.63383483886719 3.4486732042244065e-16
48.82343292236328 2.3382270393572076e-15
49.01451873779297 2.1641969735033191e-16
49.20710372924805 2.682834135376384e-15
49.401206970214844 1.751928303322318e-15
49.59684753417969 3.597919880135022e-16
49.79404830932617 4.488096397618161e-15
49.992820739746094 6.872860274130467e-16
50.19318389892578 4.452314867189942e-16
50.395164489746094 5.243968270957165e-16
50.59877395629883 1.7224932731305207e-15
50.80403518676758 5.606144206730934e-16
51.01097106933594 3.2894392157722745e-16
51.21959686279297 1.173193995022883e-15
51.429935455322266 5.20979207972223e-16
51.64201354980469 1.0831059000935206e-15
51.85584259033203 2.4142718044771266e-16
52.07145309448242 1.6711396772417422e-15
52.28886413574219 6.200993740368356e-16
52.508094787597656 8.044639830010554e-16
52.72917556762695 5.7777663167344565e-15
52.952125549316406 3.247558836365588e-15
53.17696762084961 1.106791588276711e-15
53.403724670410156 1.8481043946205116e-16
53.63242721557617 3.049597866290279e-16
53.86309814453125 9.427489408434572e-16
54.095760345458984 3.645200782794724e-15
54.330440521240234 1.7953617176377952e-15
54.56716537475586 1.944704214150569e-15
54.805965423583984 1.023034958748956e-15
55.04685974121094 1.3151392469281666e-15
55.28988265991211 1.14755439241279e-14
55.535064697265625 4.807506486918009e-16
55.78242874145508 2.364030839304126e-16
56.032005310058594 1.262334048326031e-15
56.2838249206543 3.1016445998277077e-16
56.53791809082031 7.799820309078867e-16
56.79431915283203 8.347639397111178e-16
57.05305099487305 2.3216522986453355e-15
57.31415557861328 1.243140917015959e-15
57.577659606933594 3.4885112813161443e-16
57.843597412109375 1.3757553598534077e-15
58.112003326416016 2.4398714165441973e-15
58.382911682128906 1.0451801057593277e-15
58.65635681152344 2.2969123720801687e-15
58.932376861572266 4.2161004069089715e-16
59.21100616455078 3.0039805363389844e-15
59.492286682128906 6.388551716483284e-16
59.776248931884766 5.533703831499379e-16
60.06293487548828 6.30056309859281e-15
60.35238265991211 1.7116182171207227e-15
60.64463424682617 4.128816308672376e-16
60.93973159790039 2.5252964256923353e-14
61.23771286010742 1.5138935162981385e-15
61.53862380981445 5.3923099980427575e-15
61.84251022338867 2.9724289825702353e-15
62.14940643310547 9.275115592761811e-16
62.45936965942383 6.528094571191917e-16
62.77243423461914 2.859810234760382e-15
63.08865737915039 1.5324945715780797e-15
63.4080810546875 5.439342772988473e-15
63.73075485229492 8.252233735218072e-15
64.05673217773438 3.039010854422107e-15
64.38606262207031 1.174582070265196e-15
64.71878814697266 1.6289366841612703e-15
65.05497741699219 9.796740716295875e-16
65.3946762084961 2.712050207551316e-15
65.73794555664062 1.5332606069997528e-15
66.08483123779297 6.110718557036769e-16
66.4354019165039 7.617026363896653e-16
66.78971099853516 2.0543519938979278e-15
67.14781951904297 2.3168176463406447e-15
67.5097885131836 5.2300036622722566e-15
67.87567901611328 2.4987372417630558e-15
68.24555969238281 3.944525709211923e-15
68.61949157714844 2.1758641641374775e-15
68.99754333496094 6.020838832212431e-16
69.3797836303711 2.4863483261182776e-15
69.76628875732422 1.2742573076080562e-14
70.15711975097656 4.3605298476298744e-15
70.55235290527344 6.150977503624174e-16
70.95207214355469 1.5059585116482602e-15
71.35633850097656 9.579008779621789e-16
71.7652359008789 1.1676350236691714e-15
72.1788558959961 9.037630635999518e-15
72.5972671508789 2.9288150443578746e-15
73.02055358886719 7.336386137262937e-15
73.44880676269531 3.031066320651572e-15
73.88211822509766 3.1799332081644625e-16
74.32057189941406 1.2727732000053483e-15
74.76425170898438 1.1161974021120253e-14
75.21327209472656 4.499148483513935e-15
75.66770935058594 2.485081376587422e-15
76.12767791748047 1.7589372892026106e-15
76.59326934814453 5.110807491868737e-15
77.06459045410156 9.30008930042042e-16
77.54175567626953 3.4002015849991015e-15
78.02485656738281 2.318972286400223e-15
78.51402282714844 3.099991085635549e-15
79.00935363769531 1.4503982325060616e-15
79.51097869873047 2.396238843606997e-15
80.01901245117188 3.0316128686607878e-15
80.53358459472656 1.6707831822500665e-15
81.05481719970703 8.937892718218561e-16
81.58283233642578 3.87012529974042e-15
82.11778259277344 2.6128526967907073e-15
82.6597900390625 4.686956016710948e-15
83.20899963378906 3.391622623551073e-15
83.76555633544922 1.3375982619971433e-14
84.32960510253906 2.390094890124088e-15
84.90130615234375 1.3273551560934681e-15
85.4808120727539 3.213480159798706e-15
86.06828308105469 6.785070603103479e-16
86.66387939453125 2.540069908490224e-15
87.26778411865234 4.0352539492911725e-15
87.88015747070312 5.357385559078042e-15
88.50119018554688 1.2493701031891856e-15
89.13106536865234 1.7393081476829394e-15
89.76996612548828 1.200356435817197e-15
90.41809844970703 2.2492616865994308e-15
91.07565307617188 6.734632438072446e-16
91.74283599853516 1.9613138949715154e-15
92.41987609863281 7.47796525917677e-16
93.10697937011719 3.2426136462612807e-16
93.80437469482422 4.199250115791446e-15
94.51229858398438 9.680272627257225e-16
95.23099517822266 4.2897500804914106e-15
95.960693359375 2.8311159348809586e-15
96.70166778564453 2.9604510896631122e-15
97.45417785644531 2.5504276391274863e-15
98.2184829711914 7.218805258689832e-15
98.99488067626953 9.441112874599973e-16
99.78364562988281 1.2693605042608607e-15
100.58507537841797 2.1107717997233526e-15
101.39949035644531 1.0014131722208691e-15
102.22720336914062 1.8784224037202623e-15
103.06853485107422 4.6770762244141735e-15
103.92383575439453 9.696763723465555e-15
104.79344940185547 4.538584643472201e-15
105.677734375 1.872269556391407e-15
106.57707977294922 1.1011137146730286e-15
107.49185180664062 2.9645672462702945e-15
108.42247772216797 4.2070043318466444e-16
109.36934661865234 3.367176723297722e-16
110.3329086303711 2.000795847648492e-16
111.31359100341797 1.4720061488696372e-15
112.31187438964844 2.2887863615006845e-15
113.32821655273438 1.0231510022627299e-15
114.36312866210938 8.7361543517754125e-16
115.41710662841797 2.5008400010546146e-15
116.4906997680664 3.83554009747108e-15
117.58445739746094 1.0820858606667896e-15
118.69894409179688 9.058829964845162e-16
119.83476257324219 4.993997201519396e-16
