WAVELENGTH FLUX
5.000441551208496 3.0426191088982917e-16
5.002439022064209 3.0445987837147026e-16
5.0044379234313965 3.046567605921477e-16
5.006438732147217 3.048631984032613e-16
5.008440971374512 3.0528136798140893e-16
5.010444641113281 3.0631464229794077e-16
5.012449741363525 3.0773988111081453e-16
5.014456748962402 3.064759226650539e-16
5.016465663909912 3.059093370326796e-16
5.018475532531738 3.090888340188762e-16
5.020487308502197 3.0799565859110573e-16
5.022500991821289 3.069483817611646e-16
5.0245161056518555 3.0734677841394973e-16
5.0265326499938965 3.2802332911246004e-16
5.02855110168457 3.2048648288735047e-16
5.030570983886719 3.080888322153037e-16
5.032592296600342 3.0760438230903345e-16
5.034615516662598 3.087595499606311e-16
5.036640167236328 5.016914736698545e-16
5.038666725158691 2.1988734753364617e-14
5.040694713592529 1.6182901152889942e-15
5.042724132537842 3.1087119251022423e-15
5.044755458831787 7.889194990508405e-16
5.046788692474365 8.398896007727496e-16
5.048823356628418 2.7456388755582118e-15
5.050859451293945 3.2814951055182132e-16
5.0528974533081055 3.165952399974438e-16
5.05493688583374 3.107596065073353e-16
5.05697774887085 3.122521844395158e-16
5.059020519256592 5.433640653066676e-16
5.061065196990967 7.878272500653561e-16
5.063111305236816 2.3934578226829243e-15
5.065158843994141 7.607457009175048e-16
5.067208290100098 4.741741684222882e-15
5.0692596435546875 5.222440928602697e-16
5.071312427520752 3.684012573591745e-16
5.073366641998291 3.618072117439182e-16
5.075422763824463 3.241213130222555e-16
5.077480316162109 3.4818083390276066e-16
5.079539775848389 3.2585675118228154e-16
5.081601142883301 3.1820825542681203e-16
5.083663463592529 8.580442696894878e-16
5.085728168487549 6.505846192041099e-16
5.087794303894043 5.893837888474673e-16
5.089861869812012 3.0625336475816284e-16
5.091931343078613 6.8726919263322e-16
5.094002723693848 3.0889115770481074e-16
5.096075534820557 3.099452107983299e-16
5.09814977645874 1.9804788624360912e-15
5.100225925445557 3.7400790078594875e-16
5.102303981781006 1.3725902941910499e-14
5.10438346862793 3.066336560817004e-16
5.106464862823486 3.0665462014714496e-16
5.108547687530518 3.0581359583986025e-16
5.110632419586182 3.059720704103356e-16
5.1127190589904785 3.0618028169668255e-16
5.11480712890625 3.0634365317638423e-16
5.116897106170654 3.0649408093386067e-16
5.118988513946533 3.0667952820975016e-16
5.121081829071045 3.252277498096064e-16
5.123176574707031 3.0710177413395643e-16
5.12527322769165 3.076376018824336e-16
5.127371788024902 3.2637277953561662e-16
5.129471778869629 3.2598820010778357e-16
5.131573677062988 3.914092397752227e-16
5.133677005767822 5.159287740242192e-16
5.135782241821289 3.0961388856705547e-16
5.137889385223389 3.086081957608686e-16
5.139997959136963 3.092447674905098e-16
5.14210844039917 3.087006017614581e-16
5.144220352172852 3.0912665933392704e-16
5.146334648132324 5.42004471547206e-16
5.148449897766113 3.09310280195024e-16
5.150567531585693 3.093306089857581e-16
5.152686595916748 3.095645224280983e-16
5.1548075675964355 3.0971341493835785e-16
5.156929969787598 3.098822921322167e-16
5.159054279327393 3.1005633093309783e-16
5.16118049621582 3.10835918881927e-16
5.163308620452881 7.123016102629856e-16
5.165438175201416 3.1122348939485506e-16
5.167569637298584 3.1104415663805356e-16
5.169702529907227 3.1104439486607e-16
5.171837329864502 3.112011489008712e-16
5.17397403717041 3.115187862560916e-16
5.176112651824951 3.123476609345391e-16
5.178252696990967 3.119639285396533e-16
5.180394649505615 3.1217362213365797e-16
5.1825385093688965 3.1241650883128314e-16
5.1846842765808105 3.131337339793707e-16
5.186831474304199 9.231634215205696e-16
5.188980579376221 3.1396700264123213e-16
5.191131591796875 3.1325136567992066e-16
5.193284034729004 3.131978173157864e-16
5.195438385009766 3.1329506728604306e-16
5.19759464263916 3.134815204135574e-16
5.1997528076171875 3.136626266455922e-16
5.2019124031066895 3.1384375934740663e-16
5.204073905944824 3.1402468029098423e-16
5.206237316131592 3.1428056365039383e-16
5.208402633666992 3.442367838025486e-16
5.210569858551025 3.1508603904367347e-16
5.212738513946533 3.6564715620095677e-16
5.214909076690674 3.16245600678685e-16
5.217081546783447 3.6600170831080966e-15
5.2192559242248535 3.1544631921383217e-16
5.221431732177734 3.1631489856168225e-16
5.223609447479248 1.309386622666889e-15
5.2257890701293945 3.1858772618718195e-16
5.227970600128174 3.1599067023134106e-16
5.230154037475586 3.161223309150799e-16
5.232339382171631 3.163191866659777e-16
5.23452615737915 3.164935166344345e-16
5.236714839935303 3.166198568924734e-16
5.238905429840088 3.1676297899077977e-16
5.241097927093506 3.169221153057452e-16
5.243292331695557 3.17081886895421e-16
5.24548864364624 3.172408114521496e-16
5.247686386108398 3.173983066407797e-16
5.249886512756348 3.1755469009866653e-16
5.2520880699157715 3.177116558917046e-16
5.254291534423828 3.17867536423779e-16
5.256496906280518 3.180222258157713e-16
5.25870418548584 3.1817612111437557e-16
5.260913372039795 3.1832895762179576e-16
5.263123989105225 3.184809735660483e-16
5.265336990356445 3.186354247300242e-16
5.267551422119141 3.187943492867528e-16
5.269767761230469 3.1893884781359846e-16
5.271986484527588 3.1908236695859886e-16
5.274206638336182 3.1923843277913047e-16
5.276428699493408 3.1939264571508995e-16
5.278652667999268 3.1953174440689687e-16
5.28087854385376 3.1966179043408e-16
5.283106327056885 3.2074816312849285e-16
5.285336017608643 2.0444885069853883e-15
5.287567615509033 3.3837671870586776e-16
5.289800643920898 3.2078723252318495e-16
5.292036056518555 3.2050289415070353e-16
5.294273376464844 3.2069670587694715e-16
5.296512126922607 3.2094666000572598e-16
5.298753261566162 3.2115828589364154e-16
5.30099630355835 3.212562505479474e-16
5.303240776062012 3.213935228249618e-16
5.305487632751465 3.6843566807265673e-16
5.307735919952393 3.3631726397373733e-16
5.309986591339111 3.219953662037656e-16
5.312238693237305 3.221110920801842e-16
5.314493179321289 3.222898425018345e-16
5.316749572753906 3.224883658488472e-16
5.319007396697998 3.491130201309936e-16
5.321267604827881 3.2531216193675623e-16
5.323529243469238 3.297465117645305e-16
5.325793266296387 4.129972243947582e-16
5.328059196472168 3.288763442299043e-16
5.330327033996582 3.2394719481203553e-16
5.332596778869629 3.2392374258730843e-16
5.33486795425415 3.629726496700013e-16
5.337141513824463 3.2502515011653503e-16
5.339416980743408 3.2642119276250813e-16
5.341694355010986 3.2483374714023516e-16
5.3439741134643555 3.2491323588837906e-16
5.346255302429199 3.2598976182478007e-16
5.348538398742676 3.36676750050508e-16
5.350823879241943 3.540171820769184e-16
5.3531107902526855 3.258671008661058e-16
5.355400085449219 3.258682390666287e-16
5.357690811157227 3.260572068232052e-16
5.359983921051025 3.262474715989822e-16
5.362278938293457 3.264300601386747e-16
5.3645758628845215 3.266122781014528e-16
5.366875171661377 3.2683340664024535e-16
5.369175910949707 3.2718889578029614e-16
5.37147855758667 3.280336258567251e-16
5.373783588409424 3.3010284793752855e-16
5.3760905265808105 3.294809934053459e-16
5.37839937210083 3.365588007126028e-16
5.380710124969482 4.60168436287791e-16
5.383022785186768 3.3372484022932674e-16
5.3853373527526855 3.3206518504830035e-16
5.3876543045043945 3.9063483990319544e-16
5.389973163604736 3.33906581736072e-16
5.392293930053711 3.3197958178106846e-16
5.394616603851318 3.5086971352403984e-16
5.396941184997559 3.521060375198963e-16
5.39926815032959 3.3469813402528113e-16
5.401597023010254 3.309972353204903e-16
5.403927803039551 3.774419047030157e-15
5.4062604904174805 3.3051940285912045e-16
5.408595085144043 3.658941721841998e-16
5.4109320640563965 3.2946212045248987e-16
5.413270950317383 3.2973343569340726e-16
5.415611743927002 3.298211300732277e-16
5.417954444885254 3.304924301537063e-16
5.420299530029297 3.3362661087722484e-16
5.422646522521973 3.3127458567115686e-16
5.424995422363281 3.310533512532459e-16
5.427346706390381 3.339690239461524e-16
5.429699420928955 3.4098626839768064e-16
5.43205451965332 4.198435005398391e-16
5.434412002563477 3.3687273229867894e-16
5.436770915985107 3.3449238442843714e-16
5.439132213592529 3.3233837964356946e-16
5.441495418548584 3.3271382699743993e-16
5.44386100769043 3.320258244860326e-16
5.44622802734375 3.324296474436361e-16
5.4485979080200195 3.4348819196563303e-16
5.450969219207764 3.958411808530532e-16
5.453342914581299 5.739093439340785e-16
5.455718517303467 3.484482845558562e-16
5.458096027374268 3.3703181567408514e-16
5.460475921630859 3.328572137935423e-16
5.462857723236084 3.328760073370595e-16
5.4652419090271 3.458449287924701e-16
5.467628002166748 3.359799331024933e-16
5.470016002655029 3.3314652848458887e-16
5.472406387329102 3.3327114820695366e-16
5.474798679351807 3.334073881625636e-16
5.4771928787231445 3.335418281731606e-16
5.479589462280273 3.3367507704367555e-16
5.481987953186035 3.3382010496611325e-16
5.484388828277588 3.341550006176339e-16
5.486791610717773 3.3450651929074445e-16
5.489196300506592 3.3456197347901e-16
5.491603374481201 3.3623991927774117e-16
5.494012355804443 3.581973955507368e-16
5.496423721313477 3.350111126992916e-16
5.498836994171143 3.3526270795440573e-16
5.5012526512146 3.3545008752420614e-16
5.5036702156066895 3.36312102366715e-16
5.506089687347412 3.6292982156660577e-16
5.508511543273926 3.359763861520267e-16
5.5109357833862305 3.3616625388110965e-16
5.513361930847168 3.366712443363508e-16
5.515789985656738 3.368889053340156e-16
5.5182204246521 3.3672812789271487e-16
5.520652770996094 3.3691166934447304e-16
5.523087501525879 3.3709460199130036e-16
5.525524616241455 3.3727711112165406e-16
5.527963161468506 3.374744433285847e-16
5.530404567718506 3.379719693059782e-16
5.532847881317139 3.3994425905388025e-16
5.535293102264404 3.75472182523735e-16
5.537740707397461 3.415799326145875e-16
5.540190696716309 3.7406581666371726e-16
5.542642593383789 4.8927905286079e-16
5.5450968742370605 3.390527833466747e-16
5.547553062438965 3.390903439639295e-16
5.55001163482666 3.392850027231204e-16
5.552472114562988 3.394805085152585e-16
5.554934978485107 3.3993936214465393e-16
5.557399749755859 3.5656331017680563e-16
5.5598673820495605 3.881402219944131e-16
5.562336444854736 7.008260078935843e-16
5.564808368682861 4.294023732287223e-16
5.567281723022461 3.622562980246406e-16
5.56975793838501 3.4563004712166354e-16
5.572236061096191 3.412178524994159e-16
5.574716567993164 3.411865387501471e-16
5.5771989822387695 3.413696566854316e-16
5.579683780670166 3.415514511317361e-16
5.5821709632873535 3.4173210737751766e-16
5.584660053253174 3.419118107112336e-16
5.587151527404785 3.42089819979055e-16
5.5896453857421875 3.4226573813428787e-16
5.592141151428223 3.424412857126063e-16
5.594639301300049 3.4261643624423075e-16
5.597139835357666 3.4278941625392784e-16
5.599642276763916 3.4295929929941153e-16
5.602147102355957 3.4313900263312745e-16
5.604654312133789 4.1470889269270195e-16
5.607163906097412 3.4346995428748747e-16
5.609675407409668 3.436329022507155e-16
5.612189292907715 3.4379857660124253e-16
5.6147050857543945 3.4396300687212827e-16
5.617223739624023 3.4412619306337273e-16
5.619744300842285 3.4428855869144954e-16
5.622267246246338 3.4445089784974675e-16
5.624792098999023 3.4460863126639326e-16
5.627319812774658 3.447665235017174e-16
5.629849433898926 3.4492346282497584e-16
5.632381439208984 3.450791315988134e-16
5.634915828704834 3.452335562930097e-16
5.637452125549316 3.453890927179493e-16
5.63999080657959 3.4554558205495453e-16
5.642531871795654 3.4570072143320007e-16
5.64507532119751 3.4585466967136354e-16
5.647621154785156 3.4600914730511904e-16
5.6501688957214355 3.4617273054305753e-16
5.652719497680664 3.4631222628155847e-16
5.655272006988525 3.4646008647041355e-16
5.657826900482178 3.4661938160405656e-16
5.660384178161621 3.467867235506985e-16
5.662943363189697 3.4695343022263e-16
5.665505409240723 3.471223074164888e-16
5.668069362640381 3.472907346240944e-16
5.670636177062988 3.4745810304051593e-16
5.6732048988342285 3.4762533910803945e-16
5.67577600479126 3.477946662881515e-16
5.678349494934082 3.4819134240526254e-16
5.680925369262695 9.547922246941083e-15
5.683503150939941 3.4932864295562905e-16
5.686083793640137 3.4848338348360806e-16
5.688666820526123 4.718561145313611e-16
5.691251754760742 3.489173819899575e-16
5.693839073181152 3.489489869068019e-16
5.696429252624512 3.4910915554317177e-16
5.699021339416504 3.492687418443904e-16
5.701615810394287 3.4942536353029365e-16
5.704212665557861 3.4958108524369043e-16
5.706812381744385 3.4973582757524195e-16
5.709414005279541 3.498893522969318e-16
5.712018013000488 3.500422152741316e-16
5.714624404907227 3.5019452238595975e-16
5.717233180999756 3.5034555894836704e-16
5.719844341278076 3.5049553671959025e-16
5.7224578857421875 3.506417293123304e-16
5.72507381439209 3.507864395974129e-16
5.727692127227783 3.5093085871491976e-16
5.730312824249268 3.5107403375278534e-16
5.732936382293701 3.5121612352968725e-16
5.735561847686768 3.513571280456255e-16
5.738189697265625 4.528908880236597e-16
5.740819931030273 4.020888694022213e-16
5.743453025817871 3.522372746871615e-16
5.746088027954102 3.5230066980930757e-16
5.748725891113281 3.521699620376344e-16
5.751365661621094 3.5236454138748647e-16
5.7540082931518555 3.5257505554465876e-16
5.756653308868408 3.5983809836956837e-16
5.759300231933594 1.366847326105371e-15
5.7619500160217285 3.9483861148085933e-16
5.764602184295654 4.228231242202633e-16
5.767257213592529 4.1340462077260793e-16
5.769914150238037 3.676288956601766e-16
5.772573471069336 4.4066568796571795e-16
5.775235652923584 3.5465295971317157e-16
5.777900218963623 3.546610859355093e-16
5.780567169189453 3.5463731607342697e-16
5.783236503601074 3.5807367580087846e-16
5.785908222198486 3.6564024758848073e-16
5.788582801818848 3.643531545553482e-16
5.791259288787842 4.3462303432934457e-16
5.793938636779785 5.589294074432086e-16
5.7966203689575195 4.839931437534495e-16
5.799304485321045 3.633591349219657e-16
5.8019914627075195 3.568997410755432e-16
5.804680347442627 3.6134036424108308e-16
5.807372093200684 5.34461007877196e-16
5.8100666999816895 3.8239900620814387e-16
5.812763214111328 3.5700382024893707e-16
5.815462589263916 1.4196891588824753e-15
5.818163871765137 4.514291738544948e-16
5.820868492126465 3.6818769917734803e-16
5.823575019836426 3.6052843022158062e-16
5.826284408569336 3.638458876990613e-16
5.828996181488037 3.5812965938473605e-16
5.831710338592529 3.5965831562651364e-16
5.834427356719971 9.235230928857975e-16
5.837146759033203 4.247381598348869e-16
5.839868545532227 3.58428582605778e-16
5.842592716217041 3.5840417746898525e-16
5.845319747924805 3.5855214353695873e-16
5.848049640655518 3.587000831351526e-16
5.850781440734863 3.853069232556271e-16
5.853516101837158 4.031340021800147e-16
5.856253147125244 3.645897679152078e-16
5.858993053436279 3.606858195310923e-16
5.8617353439331055 3.627086930278132e-16
5.864480495452881 3.5999183484949503e-16
5.867228031158447 3.605293566638667e-16
5.869977951049805 3.616120235891353e-16
5.872730255126953 3.609675638651728e-16
5.875485420227051 3.6281581622586126e-16
5.878243446350098 3.6198093290744414e-16
5.8810038566589355 3.662915894551397e-16
5.8837666511535645 3.746027826127173e-16
5.886532306671143 3.610802986564964e-16
5.889300346374512 3.6115258762458864e-16
5.89207124710083 3.6133226448852496e-16
5.8948445320129395 3.615932035758385e-16
5.897620677947998 3.6226029496136045e-16
5.900399208068848 3.6260366094235366e-16
5.9031805992126465 3.6218890596577467e-16
5.905964374542236 3.624715767421412e-16
5.908751010894775 3.6242697516351233e-16
5.9115400314331055 3.6255945641041883e-16
5.914331436157227 3.627884994133123e-16
5.917126178741455 3.63023974572649e-16
5.919922828674316 3.6399965064876755e-16
5.922722816467285 3.634264211017132e-16
5.925525188446045 3.6348521048220857e-16
5.928329944610596 3.642404991733634e-16
5.931137561798096 3.6387781025326094e-16
5.933948040008545 3.638834218465365e-16
5.936760902404785 3.6414753730740223e-16
5.939576625823975 3.641967710974614e-16
5.942394733428955 3.6411034726706185e-16
5.945215702056885 3.6402016472795887e-16
5.948039531707764 3.641170441213011e-16
5.950865745544434 3.6427398344455954e-16
5.953694820404053 3.6443169039142645e-16
5.956526279449463 3.6458733269548443e-16
5.9593610763549805 3.647416779803419e-16
5.962197780609131 3.649265958606394e-16
5.965037822723389 3.655976047735424e-16
5.9678802490234375 3.654810583339561e-16
5.9707255363464355 3.6635215231086836e-16
5.973573207855225 3.65897083859956e-16
5.976424217224121 3.656395329044315e-16
5.979277610778809 3.6578583137629006e-16
5.982133388519287 3.6593226219704665e-16
5.984992504119873 3.6607276378717245e-16
5.98785400390625 3.6621310655862065e-16
5.990718364715576 3.663525228877828e-16
5.993585109710693 3.664911715933365e-16
5.996455192565918 3.6662825858189366e-16
5.999327659606934 3.667644455979444e-16
6.002202987670898 3.6690531776498463e-16
6.0050811767578125 3.6709597958745565e-16
6.007961750030518 3.7808265865783397e-16
6.010845184326172 3.673259755024148e-16
6.013731479644775 3.674275665165261e-16
6.016620635986328 3.6755779783216645e-16
6.01951265335083 3.83002755411079e-16
6.022407531738281 3.6787562047584403e-16
6.025304794311523 3.6793655390848713e-16
6.028204917907715 3.680576796199445e-16
6.031108379364014 3.6817721714462576e-16
6.0340142250061035 3.683071043531313e-16
6.036922454833984 3.685555761742524e-16
6.039834022521973 3.9634246553915014e-16
6.04274845123291 3.68832926524919e-16
6.045665264129639 3.688843043671259e-16
6.048585414886475 3.690307616576621e-16
6.051507949829102 6.503065276996145e-16
6.054433822631836 5.094486543403686e-16
6.057362079620361 3.695070324020354e-16
6.060293197631836 3.6973101967702497e-16
6.06322717666626 3.699453984220191e-16
6.066164016723633 4.120424065049658e-16
6.069103717803955 3.706740055753354e-16
6.072046279907227 3.706718350534081e-16
6.074991703033447 3.708201981680756e-16
6.077939987182617 3.70979599180837e-16
6.080891132354736 3.7118272826950043e-16
6.083845138549805 3.713852220834534e-16
6.086802005767822 3.715860483012915e-16
6.089762210845947 3.7178515398345545e-16
6.092724800109863 3.719826979486229e-16
6.0956902503967285 3.721791301830471e-16
6.098658561706543 3.7237442421694843e-16
6.101629734039307 3.7257090939093183e-16
6.104604244232178 3.7277072975714504e-16
6.10758113861084 3.7308455546410275e-16
6.110561370849609 4.407089660553667e-16
6.11354398727417 3.7355076769222744e-16
6.116529941558838 3.7352453614064216e-16
6.119518756866455 3.7370400124634167e-16
6.1225104331970215 3.738950071759475e-16
6.125504970550537 3.7408431903965885e-16
6.12850284576416 3.742720162468145e-16
6.131503105163574 3.744593164072761e-16
6.134506702423096 3.746495811830531e-16
6.137512683868408 3.748371460413107e-16
6.140522003173828 3.750135141827968e-16
6.1435346603393555 3.7518996173362172e-16
6.146549701690674 3.7536953271843964e-16
6.1495680809021 3.7554780668405706e-16
6.152588844299316 3.757246248117964e-16
6.155612945556641 3.7589988122253924e-16
6.158640384674072 3.7607778461124224e-16
6.161670207977295 3.771845390359484e-16
6.164703369140625 3.947332882278242e-16
6.167739391326904 4.0545278134290297e-16
6.170778274536133 6.362078760508035e-16
6.173820495605469 5.028720258400902e-16
6.176865577697754 1.1121535185910675e-15
6.179913520812988 1.2850477450264235e-14
6.182964324951172 8.496315913969173e-16
6.186018466949463 6.497689688275514e-15
6.189075469970703 9.390326896664973e-16
6.192135810852051 7.113189991046114e-16
6.195199012756348 4.1714278892707797e-16
6.198265075683594 6.94268914090652e-16
6.201333999633789 5.714569188539813e-16
6.204406261444092 4.381382210604499e-16
6.207481861114502 3.805213723920975e-16
6.210559844970703 3.838596086465655e-16
6.21364164352417 3.802874589497573e-16
6.216725826263428 3.919818605173462e-16
6.219813346862793 3.8127748164641997e-16
6.222903728485107 3.832967287833354e-16
6.225997447967529 3.974994860753199e-16
6.229094505310059 6.646335606068289e-16
6.232193946838379 3.908897703505394e-16
6.235297203063965 3.803235107895748e-16
6.238402843475342 3.8048304415123425e-16
6.241512298583984 3.8067304422921523e-16
6.244624137878418 5.75327488846019e-16
6.247739791870117 4.989609570852619e-16
6.250857830047607 4.478378600372549e-16
6.253979682922363 4.631831853657467e-16
6.25710391998291 3.818145005349792e-16
6.260231971740723 3.81608830347474e-16
6.263362884521484 3.8178064568686863e-16
6.266496658325195 1.2708059659853502e-15
6.269633769989014 3.8210519165456504e-16
6.2727742195129395 3.82269939562806e-16
6.2759175300598145 3.824367785836355e-16
6.279064178466797 3.8264374579034116e-16
6.282214164733887 3.8288247673256887e-16
6.285367012023926 3.8364192117912115e-16
6.288523197174072 3.8355457090643555e-16
6.291682243347168 3.8350642237734006e-16
6.294844627380371 3.8381683348272916e-16
6.298010349273682 3.839746463087145e-16
6.301178932189941 3.8414130004108676e-16
6.304350852966309 3.8496776596959055e-16
6.307526111602783 3.84896562262462e-16
6.310704708099365 3.8472297344783405e-16
6.3138861656188965 6.075098704022357e-16
6.317070960998535 3.796618192390916e-16
6.320259094238281 3.761850666279679e-16
6.323450088500977 3.7562417199820796e-16
6.3266448974609375 3.7581782490577397e-16
6.329842567443848 3.760133571676917e-16
6.333043098449707 3.762080688664418e-16
6.336247444152832 3.764050040266784e-16
6.339454650878906 3.765969628683499e-16
6.342665672302246 4.1576037821759975e-16
6.345879554748535 3.769706896865463e-16
6.349096775054932 3.771567457673666e-16
6.352316856384277 3.7743065504668497e-16
6.355540752410889 3.778727797753721e-16
6.358767509460449 3.798675158963764e-16
6.361998081207275 3.798818095773613e-16
6.365231513977051 3.7811479297027043e-16
6.368468284606934 3.783095840783593e-16
6.371708393096924 3.784449240614628e-16
6.3749518394470215 3.786181952387355e-16
6.378198623657227 3.7889496325425084e-16
6.381448268890381 4.773052892392848e-16
6.384701728820801 3.8406922283123134e-16
6.387958526611328 3.8637450240652273e-16
6.391218662261963 3.8016294510651093e-16
6.394481658935547 5.162533464616952e-16
6.3977484703063965 3.798646042206202e-16
6.4010186195373535 3.7998721223973526e-16
6.40429162979126 3.801533101067359e-16
6.407568454742432 3.803183227127729e-16
6.410848617553711 3.8048164125291536e-16
6.4141316413879395 3.8070022869286617e-16
6.417418479919434 6.061923106527817e-16
6.420708656311035 3.809646353213075e-16
6.424002170562744 3.8111813357321776e-16
6.4272990226745605 3.812797315776861e-16
6.430599212646484 3.814435001040818e-16
6.433902740478516 3.815886339056379e-16
6.4372100830078125 3.8208687456708066e-16
6.440520286560059 3.827252197719552e-16
6.44383430480957 3.82076551353036e-16
6.4471516609191895 7.269001701693542e-16
6.450472354888916 3.825182790350291e-16
6.45379638671875 3.8249363567021994e-16
6.457123756408691 3.826394312162661e-16
6.460454940795898 3.8279652935820216e-16
6.463789463043213 3.829514305084313e-16
6.467127323150635 3.8310532580703555e-16
6.470468521118164 3.8326258276764923e-16
6.473813056945801 3.834241807721176e-16
6.477161407470703 3.8355745611241214e-16
6.480513095855713 3.8378980783775583e-16
6.48386812210083 3.8573546898737856e-16
6.487226963043213 3.9014792830742223e-16
6.490589141845703 3.848001857949322e-16
6.493954658508301 3.843380763826458e-16
6.497323513031006 9.49339492447806e-16
6.500696182250977 3.845898039866579e-16
6.504072189331055 3.848644279500255e-16
6.507452011108398 3.858611210311478e-16
6.51083517074585 3.884908671647968e-16
6.514221668243408 3.9981635941407684e-16
6.517611980438232 3.876516692723046e-16
6.521005630493164 3.8571993122675236e-16
6.524402618408203 3.855080141712612e-16
6.527803421020508 3.8562614879762355e-16
6.531208038330078 3.85808207941724e-16
6.534615993499756 3.859541887762274e-16
6.538027286529541 3.8611313980273557e-16
6.541442394256592 3.862726466946154e-16
6.54486083984375 3.8641219537267554e-16
6.548283100128174 3.865469265508482e-16
6.551708698272705 3.8669944542091316e-16
6.555138111114502 3.8685500831563233e-16
6.558570861816406 3.8701578575693304e-16
6.562007427215576 3.8724189061429073e-16
6.5654473304748535 3.8738591268510356e-16
6.5688910484313965 3.8748980657004023e-16
6.572338581085205 3.876127851660697e-16
6.575789451599121 3.9296584810425968e-16
6.5792436599731445 1.4124457566340302e-15
6.582702159881592 3.8876782046876935e-16
6.5861639976501465 3.882085669653447e-16
6.589629173278809 3.8832341933903647e-16
6.5930986404418945 3.8845110955583505e-16
6.596571445465088 3.8858869947020467e-16
6.600047588348389 3.887250188351534e-16
6.603528022766113 3.8885546190903057e-16
6.607011795043945 3.889856138153321e-16
6.610498905181885 3.8911714215017295e-16
6.613990306854248 3.8924800874052374e-16
6.617485046386719 3.893832693142884e-16
6.620983600616455 3.895098213305641e-16
6.624485492706299 3.8966448425277684e-16
6.627991676330566 3.899275673922381e-16
6.631501197814941 3.9026238363441997e-16
6.635014533996582 9.726607447054403e-16
6.638531684875488 3.9286698347744734e-16
6.64205265045166 3.991262128505218e-16
6.6455769538879395 6.395268158359418e-16
6.649105548858643 4.6967082458458653e-14
6.652637481689453 3.243230286246882e-15
6.656173229217529 2.803082955975104e-15
6.659712791442871 1.0935724744645051e-15
6.6632561683654785 3.0224024441505813e-15
6.666803359985352 3.9633828331397307e-16
6.670353889465332 3.9297442431285062e-16
6.673908710479736 3.9895892384343907e-16
6.677467346191406 6.535628929257744e-16
6.681029319763184 8.390567556273618e-16
6.684595584869385 2.568103734429026e-15
6.688165187835693 8.921192404872259e-15
6.691739082336426 6.3992301549702e-16
6.695316314697266 4.601167143384493e-16
6.698897838592529 4.1300259776001736e-16
6.702483177185059 4.080710395922048e-16
6.706071853637695 4.290266611770558e-16
6.709664821624756 3.967178334836818e-16
6.713261604309082 3.9599009983309235e-16
6.716862201690674 9.18845459313704e-16
6.720466613769531 1.1053066336410558e-15
6.724074840545654 4.2541017459941477e-16
6.727686882019043 6.53861313221004e-16
6.7313032150268555 3.9719455421430836e-16
6.734922885894775 4.247490653840828e-16
6.738546848297119 2.816376079291076e-14
6.7421746253967285 2.433057671758247e-15
6.7458062171936035 3.961719736887356e-16
6.749441623687744 3.9634233319025213e-16
6.753081321716309 3.9968358699959473e-16
6.7567243576049805 3.9981508886465596e-16
6.760371685028076 4.015395950057065e-16
6.764023303985596 3.974590402520885e-16
6.767678260803223 3.975995153724347e-16
6.771337509155273 3.981404253185954e-16
6.77500057220459 5.387772230786079e-16
6.77866792678833 4.035378251376182e-16
6.782339096069336 4.136008412487953e-16
6.786014080047607 4.1151928425069747e-16
6.7896928787231445 5.035726809061471e-16
6.7933759689331055 4.044732671487422e-16
6.797062873840332 4.065121019225629e-16
6.800754070281982 4.0300048861170376e-16
6.804449081420898 4.424497775806519e-16
6.80814790725708 4.167560389773176e-16
6.8118510246276855 4.0201417168418533e-16
6.815558433532715 4.0199275763248756e-16
6.81926965713501 4.0111160513932667e-16
6.82298469543457 4.019711847621122e-16
6.826704025268555 4.064049257849556e-16
6.830427169799805 4.0288627151272244e-16
6.8341546058654785 4.028438404560209e-16
6.837885856628418 4.024252738311793e-16
6.841621398925781 4.022947513479633e-16
6.845361232757568 4.027311056646973e-16
6.849104881286621 4.0391165783493297e-16
6.8528523445129395 4.054123884592308e-16
6.85660457611084 4.058401136278146e-16
6.860360622406006 4.038199400486131e-16
6.8641204833984375 4.037531832644576e-16
6.867884635925293 4.047886281029168e-16
6.871653079986572 4.052241618564831e-16
6.875425815582275 4.346829883801424e-16
6.879202365875244 4.080863920643738e-16
6.882983207702637 4.046139275575456e-16
6.886767864227295 4.049743930161615e-16
6.890557289123535 4.055326671377409e-16
6.894350528717041 4.0514864357527947e-16
6.898148059844971 4.058116850845224e-16
6.901949405670166 4.2949665858366354e-16
6.905755519866943 4.637600148028268e-16
6.909565448760986 4.0805759294416715e-16
6.913379669189453 4.062735562687924e-16
6.917198181152344 4.064718943273479e-16
6.921020984649658 4.0666605016072635e-16
6.924847602844238 4.069105250451276e-16
6.9286789894104 4.07178452154256e-16
6.932514190673828 4.073954249376511e-16
6.936354160308838 4.0814346090919506e-16
6.940197944641113 4.131779865196582e-16
6.9440460205078125 4.097337123281058e-16
6.9478983879089355 4.101564082385653e-16
6.951755046844482 4.09072391354537e-16
6.955615997314453 4.087774121306557e-16
6.959481716156006 4.0959085492759545e-16
6.963351249694824 4.0940805462966613e-16
6.967225074768066 4.188468339284964e-16
6.971103191375732 4.147784288037156e-16
6.974985599517822 4.121968841387213e-16
6.978872776031494 4.1530642149743065e-16
6.982763767242432 4.110223935480144e-16
6.986659049987793 4.11343339625685e-16
6.990559101104736 4.1162516336910426e-16
6.9944634437561035 4.1228330796912085e-16
6.9983720779418945 4.127320236729288e-16
7.002285003662109 4.1191654270295974e-16
7.006202220916748 4.1165454482446214e-16
7.010124206542969 4.119155633211145e-16
7.014050006866455 4.122886548646004e-16
7.017980575561523 4.127259091538408e-16
7.021915435791016 4.1276553441390456e-16
7.02585506439209 4.1277506353456118e-16
7.02979850769043 4.130732456017743e-16
7.033746719360352 4.224326420315791e-16
7.0376996994018555 4.1263262965052444e-16
7.041656494140625 4.106741041880153e-16
7.045618057250977 4.1262635631275884e-16
7.049583911895752 4.102296765885028e-16
7.053554534912109 4.1040869170794908e-16
7.057529449462891 4.121300214754474e-16
7.061508655548096 4.1860693831596624e-16
7.065492630004883 4.164377928171664e-16
7.069481372833252 4.1706592068711465e-16
7.073473930358887 4.122045339050262e-16
7.077471733093262 4.1215201786229643e-16
7.081473350524902 4.1552177962427006e-16
7.085479736328125 4.140485246311988e-16
7.08949089050293 4.695350854372067e-16
7.093506336212158 4.1855566635287775e-16
7.097526550292969 4.1243487392712017e-16
7.101551055908203 4.1463091272199535e-16
7.1055803298950195 6.290181439274787e-15
7.109614372253418 4.130908215354298e-16
7.11365270614624 4.923194246854001e-16
7.1176958084106445 4.1641576996053777e-16
7.121743202209473 4.140579743425166e-16
7.125795364379883 4.153808015781114e-16
7.129852294921875 5.243194294601611e-16
7.133913516998291 4.140297575574612e-16
7.137979507446289 4.141229841212184e-16
7.142050266265869 4.145193690707538e-16
7.146125793457031 4.156861040160374e-16
7.150205612182617 6.286361426561789e-16
7.154290199279785 4.2216992946903225e-16
7.158379554748535 4.3509999328798755e-16
7.162473678588867 4.187450840957075e-16
7.166572093963623 4.794723700952757e-16
7.170675754547119 1.9250240388958258e-15
7.174783706665039 1.1556753419704143e-15
7.178896427154541 4.354799669741699e-16
7.183013916015625 7.831241525652858e-16
7.187136173248291 4.4306924983267043e-16
7.191263198852539 4.2785235587480613e-16
7.195394992828369 4.490228591304637e-16
7.199531078338623 4.229305121161074e-16
7.203672409057617 4.1720337825258626e-16
7.207818508148193 4.1789238661561843e-16
7.211969375610352 4.199401417051649e-16
7.216124534606934 4.2071493862388617e-16
7.220284938812256 4.179606521772112e-16
7.22445011138916 4.1882563163503546e-16
7.2286200523376465 4.1813461156875356e-16
7.232794761657715 4.3828989289756764e-16
7.236974239349365 9.29242894620369e-16
7.241158962249756 4.179015716291402e-16
7.24534797668457 4.1793349418333986e-16
7.249542236328125 4.760336280876601e-16
7.253741264343262 4.548489634999156e-16
7.2579450607299805 4.2217127942779193e-16
7.262153625488281 4.2421966979204885e-16
7.266367435455322 4.539777901136645e-16
7.270585536956787 4.20572134162935e-16
7.274808883666992 4.905317087106607e-16
7.2790374755859375 4.751033212137788e-16
7.283270835876465 4.343177848309778e-16
7.287508964538574 4.1944923317267183e-16
7.291751861572266 4.3923684926281835e-16
7.296000003814697 4.20434835416141e-16
7.300252914428711 4.219948583467466e-16
7.304510593414307 4.205061714721676e-16
7.308773517608643 1.260382166778202e-15
7.313041687011719 4.399814971025733e-16
7.317314147949219 4.3151069117399745e-16
7.321592330932617 4.2032265649018903e-16
7.3258748054504395 4.210894860052502e-16
7.33016300201416 4.579498452406952e-16
7.334455966949463 4.2773903874833126e-16
7.338753700256348 4.215189317095081e-16
7.343056678771973 4.2166920064830695e-16
7.347364902496338 4.2387479503361834e-16
7.351677894592285 4.2216537666694076e-16
7.355996131896973 4.2165800393153543e-16
7.360319137573242 4.22106481407327e-16
7.364647388458252 4.24596467104679e-16
7.368980884552002 4.3593183258175048e-16
7.373319149017334 4.2488424654850865e-16
7.3776631355285645 4.274638324498124e-16
7.382011890411377 4.231910541567269e-16
7.3863654136657715 4.243871705573684e-16
7.3907246589660645 4.2404658390323335e-16
7.3950886726379395 4.23676245216826e-16
7.399457931518555 4.2402638746139726e-16
7.40383243560791 4.239102115987254e-16
7.408212184906006 4.238084617659365e-16
7.412596702575684 4.243264753527417e-16
7.41698694229126 4.2499361967782286e-16
7.421381950378418 4.2483630977765e-16
7.425782680511475 4.245853497972463e-16
7.430188179016113 4.2470200211595097e-16
7.43459939956665 4.252082101810538e-16
7.4390153884887695 4.453223310025873e-16
7.443436622619629 4.3156839529352915e-16
7.4478631019592285 4.303584881377152e-16
7.452295303344727 4.262704159666903e-16
7.456732273101807 4.3227172380732584e-16
7.461174964904785 4.371053437906121e-16
7.465622425079346 4.2818952792737254e-16
7.470075607299805 4.7583378125166725e-16
7.474534034729004 2.1008136568789575e-15
7.478997707366943 5.840814155372146e-16
7.483467102050781 4.268817884661507e-16
7.487941265106201 4.4110728329881306e-16
7.4924211502075195 4.351976138351586e-16
7.496906280517578 4.842662589393798e-16
7.501396656036377 4.276522972805765e-16
7.505892276763916 4.270264193418944e-16
7.5103936195373535 4.270315809489167e-16
7.514900207519531 4.2677191241102406e-16
7.519412517547607 4.2741271930540154e-16
7.523930072784424 4.2714158935294136e-16
7.5284528732299805 4.259708574709379e-16
7.5329813957214355 4.2661433781305516e-16
7.537515163421631 4.277492031436983e-16
7.542054176330566 4.336575755881523e-16
7.5465989112854 4.55823316087054e-16
7.551149368286133 4.3116306355848837e-16
7.5557050704956055 4.2784301204260673e-16
7.560266494750977 4.2770724854302963e-16
7.564833164215088 4.2805567025192676e-16
7.5694050788879395 4.311342114987225e-16
7.573983192443848 4.2901662913058677e-16
7.578566551208496 4.460486088152986e-16
7.583155155181885 4.814409276042539e-16
7.587749481201172 4.3392105577430757e-16
7.592349529266357 4.3233906292663256e-16
7.596955299377441 4.351398567760677e-16
7.601566314697266 4.3169005040057855e-16
7.606183052062988 4.299530240537764e-16
7.610805511474609 4.351213544001261e-16
7.615433692932129 4.394233553298919e-16
7.620067119598389 4.308847338259765e-16
7.624706745147705 4.3061550969764766e-16
7.629351615905762 4.3137175130086814e-16
7.634002208709717 4.3612516785196127e-16
7.63865852355957 4.602816210653679e-16
7.643320083618164 4.34804564077853e-16
7.6479878425598145 4.319277490214018e-16
7.652661323547363 4.318706007672417e-16
7.6573405265808105 4.32452009476193e-16
7.662024974822998 4.4157545429062827e-16
7.666715621948242 4.3386753387995294e-16
7.671411991119385 4.3414342839274143e-16
7.676114082336426 4.788796058508753e-16
7.680821895599365 6.813974543637348e-16
7.685535430908203 4.44825652058141e-16
7.6902546882629395 4.383247535973031e-16
7.694979667663574 4.726139443213576e-16
7.699710845947266 4.772479556966675e-16
7.7044477462768555 4.422095643307665e-16
7.709190368652344 4.603028498286084e-16
7.7139387130737305 4.466191913843928e-16
7.718693256378174 4.463842456206481e-16
7.723453044891357 4.672136328265786e-16
7.728219509124756 5.425995121926522e-16
7.7329912185668945 5.446292148925103e-16
7.73776912689209 4.495646955189104e-16
7.742552757263184 4.4033936852278823e-16
7.747342586517334 4.718248801914311e-16
7.752138137817383 5.680581462135642e-16
7.756939888000488 3.2074933309275125e-15
7.761747360229492 5.907146893658407e-16
7.7665605545043945 6.049368490062732e-16
7.7713799476623535 4.857385080808262e-16
7.776205539703369 5.58002382821998e-16
7.781036853790283 4.392299141805627e-16
7.785874366760254 4.476904233648735e-16
7.790717601776123 4.3898710689227634e-16
7.795567035675049 4.590687757640181e-16
7.800422668457031 4.562449267365499e-16
7.80528450012207 9.63397274756912e-16
7.810152053833008 4.664543736684836e-16
7.815025806427002 4.519610576058113e-16
7.8199052810668945 4.445135204170778e-16
7.824791431427002 4.4121670936768647e-16
7.829683303833008 4.600657864824956e-16
7.83458137512207 5.425735718086425e-16
7.8394856452941895 4.3529351384665555e-16
7.844396114349365 4.461643346917172e-16
7.849312782287598 4.598469025810133e-15
7.8542351722717285 4.404291540151972e-16
7.859164237976074 4.648623223045599e-16
7.864099502563477 6.41039616679738e-16
7.869040489196777 4.39733766435281e-16
7.873988151550293 2.0165601366485195e-15
7.878942012786865 4.664966194367279e-16
7.883901596069336 4.4562053953958e-16
7.8888678550720215 4.467429111342511e-16
7.893840312957764 4.667406178650963e-16
7.8988189697265625 5.615563742499994e-16
7.903804302215576 4.836146788447045e-16
7.908795356750488 4.536650231978909e-16
7.913793087005615 4.388225442724926e-16
7.918797016143799 4.468736718454835e-16
7.923807144165039 4.466953184705273e-16
7.928823947906494 4.620225384697715e-16
7.933846950531006 4.983913274282333e-16
7.938876152038574 4.4146756346897175e-16
7.943912029266357 4.565849045857541e-16
7.948954105377197 4.425180166724651e-16
7.954002857208252 4.558559797950825e-16
7.959057807922363 4.405711114432011e-16
7.964118957519531 4.396853002688303e-16
7.969186782836914 4.3926035442710466e-16
7.974261283874512 4.3990637586806367e-16
7.979341983795166 4.703019149522678e-16
7.984428882598877 4.925600879215387e-16
7.989522933959961 4.499239963072239e-16
7.994622707366943 4.672800190338197e-16
7.999729633331299 4.69839964358659e-16
8.004842758178711 4.582378364427616e-16
8.009963035583496 4.687466036424313e-16
8.01508903503418 4.53729080064527e-16
8.020221710205078 6.633403001150492e-16
8.025361061096191 4.4247333568449743e-16
8.03050708770752 4.4289679921856537e-16
8.035659790039062 4.557297189463824e-16
8.04081916809082 4.70327220061567e-16
8.045985221862793 4.431312685262772e-16
8.05115795135498 4.442694690491502e-16
8.056337356567383 5.28863390645266e-16
8.0615234375 4.801315734864764e-16
8.066715240478516 4.456514562421548e-16
8.071914672851562 7.75712720155929e-16
8.077120780944824 4.47024231951858e-16
8.0823335647583 4.6548849141081765e-16
8.087553024291992 4.4290076968550563e-16
8.092779159545898 8.905031016238647e-16
8.09801197052002 5.170697803437299e-16
8.103251457214355 4.4366974325271453e-16
8.108498573303223 4.731004059308776e-16
8.113751411437988 4.433888988911405e-16
8.119011878967285 4.502129933609152e-16
8.124279022216797 4.525993498711266e-16
8.129552841186523 4.8523584696619e-16
8.134833335876465 4.822192450036622e-16
8.140120506286621 4.453964993250312e-16
8.145415306091309 4.560678968505737e-16
8.150715827941895 4.454603444334305e-16
8.156023979187012 4.534330420494616e-16
8.16133975982666 4.877286649299594e-16
8.166661262512207 6.445244690434198e-16
8.171990394592285 4.683158344491933e-16
8.177326202392578 4.620423378649135e-16
8.182668685913086 5.0235766508287e-16
8.188018798828125 4.550482809403164e-16
8.193375587463379 4.500888500945832e-16
8.198740005493164 4.470852183240603e-16
8.204110145568848 4.464775251239645e-16
8.209488868713379 4.466291969610822e-16
8.214873313903809 4.642594995439109e-16
8.22026538848877 4.474568010901089e-16
8.225665092468262 4.45309254931464e-16
8.231070518493652 5.520592820267066e-16
8.23648452758789 4.739222925875103e-16
8.241905212402344 4.612464974714089e-16
8.247332572937012 4.527421808018573e-16
8.252767562866211 4.866430333893754e-16
8.258209228515625 4.782802241615745e-16
8.26365852355957 4.635027814846576e-16
8.26911449432373 4.806758450946465e-16
8.274578094482422 4.630207667981107e-16
8.280049324035645 4.527653683287884e-16
8.285527229309082 4.584997284421408e-16
8.291011810302734 4.504187694275388e-16
8.296504974365234 5.070000938480932e-16
8.30200481414795 7.846675524743015e-16
8.307511329650879 4.502650329476121e-16
8.313026428222656 4.543691722748552e-16
8.318548202514648 9.772265699284962e-16
8.324076652526855 4.693744138750244e-16
8.32961368560791 4.735321809757405e-16
8.33515739440918 5.648721376615856e-16
8.340707778930664 4.507062312340132e-16
8.346266746520996 4.572930241296587e-16
8.351832389831543 4.528531950575068e-16
8.357406616210938 4.611749231873659e-16
8.362987518310547 5.249774681810593e-16
8.368575096130371 5.065574132540344e-16
8.374171257019043 4.936258671274214e-16
8.37977409362793 4.657439777235332e-16
8.385385513305664 5.154251599975173e-16
8.391003608703613 4.614022985941445e-16
8.396629333496094 4.801903893367513e-16
8.402262687683105 4.501328428682813e-16
8.407903671264648 7.141758824170225e-16
8.413552284240723 9.993910928175363e-16
8.419208526611328 1.9919358724323002e-14
8.424872398376465 1.0121045067844076e-14
8.430543899536133 8.956891667225475e-16
8.436223030090332 7.721178064486634e-16
8.441908836364746 5.070984026095339e-16
8.447603225708008 7.580249781513647e-16
8.4533052444458 6.121822629579681e-16
8.459015846252441 1.0427600267499037e-15
8.464733123779297 4.681722623646337e-16
8.470458030700684 5.069283607453726e-16
8.476190567016602 4.74350361863229e-16
8.481931686401367 4.723118182569839e-16
8.487680435180664 4.691604851162834e-16
8.493436813354492 6.076187141359579e-16
8.499200820922852 4.56606239228113e-16
8.504972457885742 4.66523989188836e-16
8.510751724243164 5.943315200506165e-16
8.516539573669434 4.92155417930988e-16
8.522335052490234 7.494101766217557e-16
8.528139114379883 5.1314198268819335e-16
8.533949851989746 4.909739657882458e-16
8.539769172668457 4.647549608784954e-16
8.5455961227417 5.364582056877033e-16
8.551431655883789 9.287464274341595e-16
8.55727481842041 4.853044566349176e-16
8.563125610351562 4.660370511232832e-16
8.568984985351562 4.574002796766047e-16
8.574851989746094 2.2247809521161238e-15
8.580726623535156 5.018166757273705e-16
8.586609840393066 5.403749919149256e-16
8.592501640319824 4.647276440659465e-16
8.598401069641113 4.778143560405846e-16
8.604308128356934 7.312025152062549e-16
8.610223770141602 4.757655421598541e-16
8.616147994995117 8.019933996521514e-16
8.622079849243164 4.724689428686995e-16
8.628019332885742 4.97116119326142e-16
8.633968353271484 5.416453295775702e-16
8.639924049377441 7.388195648635576e-16
8.645889282226562 5.27393576723543e-16
8.651862144470215 4.630802179230961e-16
8.657843589782715 5.434946671992224e-16
8.663832664489746 6.145001156785703e-16
8.669830322265625 4.950970574776838e-16
8.675836563110352 4.848354121403755e-16
8.681851387023926 4.937946913817211e-16
8.687873840332031 5.176711207967213e-16
8.693904876708984 5.101862612187495e-16
8.699944496154785 5.069604950578091e-16
8.705992698669434 6.96799636778811e-16
8.712048530578613 8.16303809537776e-16
8.71811294555664 5.696059930455531e-16
8.724186897277832 5.20704610478635e-16
8.730268478393555 7.973551001725461e-16
8.736358642578125 6.496764940055349e-16
8.742456436157227 6.643116880868723e-16
8.748563766479492 5.172149935546249e-16
8.754679679870605 5.334793496308875e-16
8.760804176330566 4.699263617192789e-16
8.766937255859375 5.753030837092263e-16
8.773077964782715 4.903568493466119e-16
8.779228210449219 4.661299600496852e-16
8.78538703918457 5.318452113173971e-16
8.79155445098877 4.921505474915413e-16
8.797730445861816 5.097806383161331e-16
8.803915023803711 5.019117022361406e-16
8.810108184814453 5.046592653587968e-16
8.816309928894043 8.896549040063079e-16
8.822521209716797 1.0274255540310487e-15
8.828741073608398 5.970083029826177e-16
8.834968566894531 4.891940319287093e-16
8.841206550598145 5.093807858254698e-16
8.847452163696289 8.071568595590544e-16
8.853707313537598 4.724926597912227e-16
8.859970092773438 8.765345754115756e-16
8.866243362426758 4.848648994748518e-16
8.87252426147461 5.054925869602174e-16
8.878814697265625 5.622353770363422e-16
8.885113716125488 4.982022273227588e-16
8.891422271728516 5.942042004107324e-16
8.89773941040039 6.183140932818196e-16
8.904065132141113 6.486540193590806e-16
8.910400390625 4.696917335928895e-16
8.916744232177734 4.979531466967068e-16
8.923097610473633 4.847279977747518e-16
8.929459571838379 7.09996939492625e-16
8.935831069946289 5.406883411658505e-16
8.942212104797363 5.854312684177828e-16
8.948601722717285 5.046711238200583e-16
8.954999923706055 5.548713255324725e-16
8.961407661437988 5.303723269012403e-16
8.967824935913086 5.288111393003322e-16
8.974250793457031 1.6693402616244188e-15
8.98068618774414 6.587887685729783e-16
8.987131118774414 4.897045810376669e-16
8.993584632873535 5.14078112913587e-16
9.00004768371582 5.518551470864183e-16
9.00652027130127 5.064868977611755e-16
9.013002395629883 4.944007434554815e-16
9.019493103027344 5.118334756033631e-16
9.025994300842285 5.86694723937731e-16
9.032504081726074 5.141129471435428e-16
9.039023399353027 5.91169757816753e-16
9.045552253723145 9.405650781471988e-16
9.05208969116211 7.378115956563249e-16
9.058637619018555 4.938692302810794e-16
9.065195083618164 2.639230785075864e-15
9.071761131286621 5.248637540078904e-16
9.078337669372559 5.16964907076948e-16
9.084922790527344 4.776303910723528e-16
9.09151840209961 4.934655661421536e-16
9.098122596740723 5.539336071203028e-16
9.104737281799316 1.2284144021949958e-15
9.111361503601074 7.628339547698418e-16
9.117995262145996 5.225560656826553e-16
9.124638557434082 6.136085076224667e-16
9.131291389465332 4.950001780843415e-16
9.137953758239746 6.574910082186663e-16
9.14462661743164 5.186771841798226e-16
9.151308059692383 9.055709707225714e-16
9.157999992370605 9.034869520349706e-16
9.164702415466309 6.760799403395499e-16
9.17141342163086 2.022829535710917e-14
9.17813491821289 2.581476267083803e-15
9.184865951538086 9.768763218048065e-16
9.191607475280762 2.721315689203094e-15
9.198358535766602 8.650845428492696e-16
9.205119132995605 4.997923199229919e-16
9.21189022064209 6.393873730370001e-16
9.218670845031738 1.4020989315459637e-15
9.225461959838867 1.486547481112507e-15
9.23226261138916 4.02190301597655e-15
9.239073753356934 7.092309570105111e-16
9.245894432067871 8.188461259894006e-16
9.252725601196289 1.0688668527337021e-15
9.259567260742188 5.921910677929049e-16
9.26641845703125 5.172059938295603e-16
9.273280143737793 5.182955428975253e-16
9.2801513671875 1.124911846479967e-15
9.287033081054688 8.771510036389399e-16
9.293925285339355 9.179229345550256e-16
9.300827026367188 5.836239118665789e-16
9.307740211486816 5.899889938882805e-16
9.31466293334961 1.1097907837121727e-14
9.321596145629883 1.3422248194825174e-15
9.32853889465332 5.556602308437214e-16
9.335493087768555 6.980198936184492e-16
9.342456817626953 5.598559026688272e-16
9.349431991577148 4.743697377418974e-16
9.356416702270508 4.724946185549132e-16
9.363411903381348 1.5483208528019343e-15
9.370417594909668 4.893377098923873e-16
9.377433776855469 4.783777388296271e-16
9.384461402893066 7.763162311308477e-16
9.391498565673828 5.708716720269878e-16
9.39854621887207 4.978079864253711e-16
9.40560531616211 8.485652298558834e-16
9.412673950195312 5.742702858487273e-16
9.419754028320312 6.087927547404116e-16
9.426844596862793 5.126117930027714e-16
9.433945655822754 7.840807174605319e-16
9.441057205200195 5.224255696692189e-15
9.448180198669434 5.016570629563723e-16
9.455313682556152 5.475615370767863e-16
9.462457656860352 7.70797811479486e-16
9.469612121582031 7.846658054688478e-16
9.476778030395508 4.887315519395085e-16
9.483954429626465 1.8188105542331096e-15
9.491142272949219 6.532916835639755e-16
9.498340606689453 5.653722576773801e-16
9.505550384521484 1.1975606976956659e-15
9.512770652770996 1.016072453801644e-15
9.520001411437988 5.146819944654201e-16
9.527243614196777 5.118215112629831e-16
9.534497261047363 4.849816841424545e-16
9.54176139831543 5.858074039859229e-16
9.549036979675293 9.268366857754563e-16
9.556323051452637 1.2462521749103425e-15
9.563620567321777 7.839403217495245e-16
9.570929527282715 5.750767670936318e-16
9.57824993133545 5.565461743669902e-16
9.585580825805664 5.103156455014426e-16
9.592923164367676 5.388887137902903e-16
9.600276947021484 6.236915878265819e-16
9.60764217376709 6.895262707398567e-16
9.615017890930176 5.325826064375412e-16
9.622406005859375 5.072962906818362e-16
9.629804611206055 5.311391564163015e-16
9.637214660644531 5.279767589077276e-16
9.644637107849121 8.117295669248068e-16
9.652070045471191 5.155017635396846e-16
9.659514427185059 1.0708435099952385e-15
9.666970252990723 6.953843506030675e-16
9.6744384765625 5.439962165831153e-16
9.681917190551758 5.480154937969554e-16
9.689408302307129 1.1451917210613663e-15
9.696910858154297 2.7775806997574082e-15
9.704424858093262 2.356582666840682e-15
9.711950302124023 1.4296947355719168e-15
9.719488143920898 7.836547657671814e-16
9.727036476135254 2.135037387838057e-15
9.734597206115723 1.69353893413629e-15
9.742170333862305 5.20412595870069e-16
9.749754905700684 5.318633695862039e-16
9.75735092163086 5.132249919170243e-16
9.764958381652832 5.921965205675029e-16
9.772578239440918 6.170140035869026e-16
9.780210494995117 8.826668292519007e-16
9.787854194641113 5.966683780729727e-16
9.795509338378906 5.352442486556102e-16
9.803177833557129 6.282489427201653e-16
9.810856819152832 8.783249913038344e-16
9.818549156188965 1.7942177996425283e-15
9.826252937316895 5.149876145407013e-16
9.833968162536621 6.039925660887623e-16
9.841696739196777 6.2652671298016045e-16
9.84943675994873 1.065977940987973e-15
9.857189178466797 3.968415002939809e-15
9.864953994750977 7.216560303742253e-16
9.872730255126953 5.579452080980583e-16
9.88051986694336 5.930227482679902e-16
9.888320922851562 5.643501006682809e-16
9.896134376525879 7.785369397603117e-16
9.903960227966309 5.814637131532844e-16
9.911799430847168 5.455468692117419e-16
9.919650077819824 6.868041186056182e-16
9.927513122558594 5.735578782005272e-16
9.935389518737793 5.385508535234542e-16
9.943277359008789 8.727680845929317e-16
9.951178550720215 5.321156265858081e-16
9.959091186523438 5.508233550775442e-16
9.96701717376709 6.661754252686278e-16
9.974956512451172 2.0396481372083036e-15
9.98290729522705 5.156443297726194e-16
9.99087142944336 1.275391061207956e-15
9.998847961425781 6.15493526507022e-16
10.006837844848633 6.590021149965679e-16
10.014840126037598 6.700717768259976e-16
10.022854804992676 2.754300846235071e-15
10.030882835388184 1.815155818823944e-15
10.038923263549805 6.372732846797718e-16
10.046977043151855 5.966027330195605e-16
10.05504322052002 6.051615774350916e-16
10.063122749328613 6.49996143064005e-16
10.071215629577637 5.606024563327135e-16
10.079320907592773 7.819824580315054e-16
10.08743953704834 6.780904259794172e-16
10.095571517944336 6.388123435449328e-16
10.103715896606445 6.186754587129419e-16
10.1118745803833 1.7233974808017146e-15
10.12004566192627 1.4642326098753293e-15
10.128230094909668 7.997066224528016e-16
10.13642692565918 6.182838118539552e-16
10.144638061523438 1.5037526260953732e-15
10.152862548828125 6.419487477299379e-16
10.161100387573242 6.284556716988545e-16
10.169350624084473 9.236376540919136e-16
10.17761516571045 6.594856119907725e-16
10.185893058776855 6.610407644819314e-16
10.194184303283691 5.607995503116277e-16
10.202488899230957 6.620501630572625e-16
10.210807800292969 6.319205658487166e-16
10.219139099121094 5.733392378210172e-16
10.227484703063965 5.104498472840232e-16
10.235843658447266 7.060199186349411e-15
10.244216918945312 5.397729103081054e-16
10.252603530883789 5.223122790125236e-16
10.261003494262695 5.277767003134979e-16
10.269417762756348 5.474108710912934e-16
10.27784538269043 5.704348677240006e-16
10.286287307739258 6.819573960814291e-16
10.294742584228516 5.788605691481351e-16
10.30321216583252 5.156706936731027e-16
10.311695098876953 6.611671312097499e-16
10.32019329071045 6.14805100479141e-16
10.328704833984375 5.272928856819381e-16
10.33722972869873 5.244001622879463e-16
10.345769882202148 5.112127592717033e-16
10.354323387145996 7.691943781103336e-16
10.36289119720459 3.179099939502601e-15
10.37147331237793 5.527423082195488e-16
10.380069732666016 1.4011938768418225e-15
10.388679504394531 5.38569011792261e-16
10.39730453491211 1.6517954564297037e-15
10.405943870544434 5.005092803732835e-16
10.414597511291504 5.093719978586421e-16
10.42326545715332 5.039048766401484e-16
10.431947708129883 6.701268339675691e-16
10.440644264221191 5.540116929701278e-16
10.449356079101562 3.3138978215198345e-15
10.458081245422363 6.312185343541204e-16
10.466822624206543 1.2705243275303881e-15
10.475577354431152 1.2402042537878284e-15
10.484347343444824 7.812389748620529e-16
10.493131637573242 5.8127546008075715e-16
10.501931190490723 3.2458395712408987e-15
10.51074504852295 7.906680926913286e-16
10.519573211669922 5.00149450189378e-16
10.528417587280273 5.271390962624523e-16
10.537275314331055 5.289949878015338e-15
10.546149253845215 1.027475105458463e-15
10.555037498474121 7.825674931002621e-16
10.56394100189209 2.389512978489324e-15
10.572858810424805 6.802596773573355e-16
10.581792831420898 9.25552372069182e-16
10.590741157531738 5.601376470029077e-16
10.59970474243164 2.6792088343621356e-15
10.608683586120605 4.535672120683067e-15
10.617677688598633 4.344800445799362e-15
10.626687049865723 5.776864226645631e-16
10.635712623596191 4.968874733699425e-16
10.644752502441406 1.3263344813920267e-15
10.653807640075684 2.8627200046924374e-15
10.66287899017334 6.406582400952368e-16
10.671964645385742 1.2887255832592253e-15
10.681066513061523 2.7396715284448052e-15
10.690183639526367 6.246521231887683e-16
10.69931697845459 9.57260626933173e-16
10.708465576171875 9.941017955784068e-16
10.717629432678223 8.793603302631751e-16
10.72680950164795 1.1341306354405276e-15
10.736004829406738 5.508317724674575e-16
10.745216369628906 6.71570336928368e-16
10.754444122314453 6.289016874851431e-16
10.763687133789062 2.0592584322448983e-15
10.77294635772705 4.341875641032493e-15
10.782220840454102 6.127969441798787e-16
10.791511535644531 1.2843783984156794e-15
10.80081844329834 1.203329097945586e-15
10.810141563415527 1.4100122309765686e-15
10.819480895996094 6.490766040964657e-15
10.828836441040039 5.97849089061886e-16
10.838208198547363 7.772747547897844e-16
10.84759521484375 8.337801109428819e-16
10.856999397277832 6.331464872211896e-16
10.866419792175293 8.316231415426989e-16
10.875856399536133 9.631993866846098e-16
10.885309219360352 7.564747490392118e-16
10.894779205322266 5.507388635410556e-16
10.904265403747559 6.194689697658416e-16
10.91376781463623 1.4510800940286013e-15
10.923286437988281 7.552235225574396e-16
10.932822227478027 5.593046959784015e-16
10.942375183105469 5.782633050412025e-16
10.951944351196289 7.27401666613688e-16
10.961529731750488 6.130973232387987e-16
10.971132278442383 5.442023632266533e-16
10.980751991271973 1.991180488449939e-15
10.990388870239258 1.8232189372070946e-15
11.000041961669922 4.098948285825854e-15
11.009712219238281 1.5646828823649272e-15
11.019399642944336 1.4590649677432492e-15
11.029104232788086 3.2660190724180483e-15
11.038825035095215 1.1897891704046076e-15
11.048563957214355 8.316273237678759e-16
11.058320045471191 6.04843093046924e-16
11.068092346191406 8.462058725208657e-16
11.077882766723633 7.315475223135834e-16
11.087690353393555 1.4642695616876532e-15
11.097516059875488 6.253013210032795e-16
11.1073579788208 6.307453076344013e-16
11.117218017578125 7.13714514158565e-16
11.127096176147461 6.031891871020271e-15
11.136990547180176 1.1915096001995995e-15
11.146903991699219 5.908052160120785e-16
11.15683364868164 6.966973046108708e-16
11.16678237915039 5.802849079885024e-16
11.17674732208252 7.746854809491464e-16
11.186731338500977 1.7482834146711644e-15
11.196732521057129 8.271428666473157e-16
11.206751823425293 5.353666449164885e-16
11.216789245605469 9.750132728373207e-16
11.226844787597656 9.769080855403286e-16
11.236918449401855 1.0989647920858444e-15
11.24700927734375 7.152314972275382e-16
11.257119178771973 8.123483033169523e-15
11.267247200012207 8.805820694104711e-16
11.277393341064453 5.767369516702502e-16
11.287557601928711 1.1413002399434432e-15
11.29773998260498 1.4556390371089608e-15
11.307941436767578 1.1042446660834357e-15
11.318160057067871 1.5131524683484093e-15
11.328398704528809 9.963068340983466e-15
11.338654518127441 9.73138259529455e-16
11.348930358886719 8.443562702014175e-16
11.359223365783691 5.398433728614051e-16
11.369536399841309 6.231263521529673e-16
11.379867553710938 5.629122093007575e-16
11.390216827392578 7.130583283222389e-16
11.400586128234863 1.5250817627401837e-15
11.41097354888916 6.257174788781774e-16
11.421380043029785 7.63573266302029e-15
11.431805610656738 2.579731802728933e-15
11.44225025177002 2.08794553234427e-15
11.452713966369629 8.917382874191982e-16
11.463197708129883 8.923123639991998e-16
11.473699569702148 6.878608980864364e-16
11.484220504760742 5.763954385738291e-16
11.49476146697998 1.6224015073358481e-15
11.505321502685547 7.956933803487107e-16
11.515901565551758 8.183610408084199e-16
11.526500701904297 9.437708013910247e-15
11.537118911743164 1.8918828160433172e-15
11.547757148742676 5.8379662188452405e-15
11.558414459228516 1.0477522271827838e-15
11.569091796875 1.873419191859068e-15
11.579789161682129 7.95756166665926e-16
11.590506553649902 7.134428812802923e-16
11.601243019104004 7.410582729431507e-16
11.61199951171875 7.665659289958851e-16
11.62277603149414 5.243941801177563e-16
11.633573532104492 7.459032484618861e-16
11.644390106201172 1.3687805729283606e-15
11.655226707458496 5.390294800782121e-16
11.666084289550781 7.787490685740397e-16
11.676960945129395 9.665723777596948e-16
11.687858581542969 7.5568827894768615e-16
11.698777198791504 6.687067832314973e-16
11.709715843200684 9.148047945179458e-16
11.720674514770508 8.064963856184329e-16
11.731654167175293 2.6297457101325103e-15
11.742653846740723 9.490211139387568e-16
11.753674507141113 1.12489702340339e-15
11.764716148376465 6.979279587799366e-15
11.775777816772461 7.147246009481657e-16
11.786861419677734 6.763907484916331e-16
11.797965049743652 1.5565057321712526e-15
11.809089660644531 6.782134575150059e-16
11.820235252380371 5.975743327496204e-16
11.831402778625488 2.283801572606093e-15
11.84259033203125 1.5215756816132613e-15
11.853799819946289 8.443468469598793e-16
11.865030288696289 1.4212806279112478e-15
11.87628173828125 1.4486560974917963e-15
11.887555122375488 7.827037595256516e-16
11.898849487304688 1.0796158067134776e-15
11.910165786743164 7.062020730702482e-16
11.921503067016602 8.715566686596805e-16
11.932862281799316 2.172295826088932e-15
11.944242477416992 1.2420882668207588e-15
11.955645561218262 6.252278408951052e-16
11.967069625854492 1.3765478650546825e-15
11.978515625 3.1611081126699725e-15
11.989983558654785 9.537152646533218e-16
12.001473426818848 6.550787113244452e-16
12.012986183166504 8.466153070717448e-16
12.024519920349121 7.723544992178618e-16
12.036076545715332 1.0296050756834524e-15
12.04765510559082 1.617445199924108e-15
12.059255599975586 1.0121852078484573e-15
12.070878982543945 6.814999453503526e-16
12.082525253295898 1.113674472126981e-15
12.094193458557129 8.818915823469262e-16
12.105883598327637 7.723969038047837e-16
12.117597579956055 1.400572472295893e-15
12.12933349609375 3.4836842205442434e-14
12.141092300415039 1.0477325760184075e-14
12.152873992919922 1.1654650311374243e-15
12.164678573608398 1.6579513742529927e-15
12.176506042480469 1.2748112671555605e-15
12.188356399536133 1.1909220769715603e-15
12.20022964477539 1.5386571597858284e-15
12.212126731872559 2.0282652849466266e-15
12.22404670715332 7.404371860345765e-16
12.235989570617676 1.0708693445001297e-15
12.247956275939941 9.050400928228798e-16
12.259946823120117 8.080103511325315e-16
12.271960258483887 1.3517918236876942e-14
12.283997535705566 2.0930802460705257e-14
12.29605770111084 8.064799743550798e-16
12.30814266204834 1.0229265385317075e-15
12.320250511169434 8.833957540425722e-16
12.332383155822754 1.480666425480602e-15
12.344538688659668 1.1427631717224698e-15
12.356719017028809 1.8553581200830014e-15
12.36892318725586 1.2552631231614706e-15
12.38115119934082 1.0490375996802422e-15
12.393403053283691 6.1642018055131816e-15
12.405679702758789 1.2738029803109727e-15
12.417981147766113 3.829964079579305e-15
12.430306434631348 8.611766187042579e-15
12.442656517028809 9.78225751168901e-16
12.455031394958496 1.3028555751270847e-15
12.467430114746094 2.860486167052291e-15
12.479853630065918 1.2818914038034224e-15
12.492302894592285 6.190231127982306e-16
12.504776000976562 3.1551176839087532e-15
12.517273902893066 1.2739450700878746e-15
12.529797554016113 1.4267542606955235e-15
12.542346000671387 3.05802314419794e-15
12.554920196533203 1.636550345686784e-15
12.567519187927246 7.25090643096223e-16
12.580142974853516 4.792051629641525e-15
12.592792510986328 9.884588620837987e-16
12.605467796325684 9.363900527501823e-16
12.618167877197266 1.5017335113073557e-15
12.630894660949707 9.415596007063937e-16
12.643646240234375 1.7787749067064247e-15
12.656424522399902 2.2529875727761656e-15
12.669227600097656 6.847298937364701e-16
12.68205738067627 1.0029514899322013e-15
12.694912910461426 1.7717537447275154e-15
12.707794189453125 1.1011712070343235e-15
12.720702171325684 1.5681091306365708e-15
12.733635902404785 9.809323390727338e-16
12.746596336364746 1.2741975917852748e-15
12.75958251953125 2.4627275418346705e-15
12.77259635925293 1.3700689100411344e-15
12.785635948181152 1.0233484668185585e-15
12.798702239990234 1.6732124727427918e-15
12.811795234680176 1.823382202807678e-15
12.824915885925293 9.596198889769841e-15
12.838062286376953 1.594122465358816e-15
12.851236343383789 1.4479457333105815e-14
12.864437103271484 1.2287145483198553e-14
12.877665519714355 1.080627375810736e-15
12.890920639038086 7.850161065320967e-16
12.904203414916992 2.3250976051582923e-15
12.917512893676758 5.004788189509179e-15
12.930850982666016 4.409640817911679e-15
12.944215774536133 1.4875832965278806e-15
12.957608222961426 1.597053199356316e-15
12.971029281616211 4.714649758921427e-15
12.984477043151855 1.5282371722269428e-15
12.997953414916992 2.73336515639426e-15
13.011458396911621 2.48242656357249e-15
13.02499008178711 5.471884084756089e-15
13.03855037689209 1.22687100228598e-15
13.052139282226562 1.2778862085123304e-15
13.065756797790527 3.872884933082575e-15
13.079401969909668 1.7159370263605356e-15
13.093076705932617 6.475138071329579e-16
13.106779098510742 2.5979531754902674e-15
13.12051010131836 9.410597453883953e-16
13.134270668029785 3.4360994765784492e-15
13.148059844970703 4.3063159273573366e-15
13.161877632141113 1.595526951864482e-15
13.175724983215332 2.7032804519319187e-15
13.189600944519043 7.028790039994919e-16
13.203507423400879 6.364636270613151e-16
13.21744155883789 1.2670184581617026e-15
13.231406211853027 2.9786328636341626e-15
13.245400428771973 1.8539653861594785e-15
13.259424209594727 1.7987998243707004e-15
13.273477554321289 2.7994360556207005e-15
13.28756046295166 2.2576019965145702e-15
13.30167293548584 7.94458935707206e-16
13.315816879272461 1.4780320471355227e-15
13.329989433288574 3.7565978973364e-15
13.344192504882812 1.9722226205409667e-15
13.358427047729492 2.6149128926766666e-15
13.372690200805664 2.1661556842542855e-15
13.386984825134277 5.675197403085539e-15
13.401309967041016 3.033004120276653e-15
13.415666580200195 7.925092246813042e-16
13.430052757263184 4.490018315375481e-15
13.444470405578613 3.3518882656437265e-14
13.458918571472168 1.0928751969423254e-14
13.473398208618164 3.8289184174059195e-15
13.487909317016602 4.236803745024439e-15
13.502450942993164 1.7305330345801506e-14
13.517024993896484 2.5138252278942598e-14
13.53162956237793 3.8655644508359295e-15
13.546266555786133 9.35969204430339e-15
13.560934066772461 9.61419135187718e-16
13.575634956359863 2.068153760498726e-15
13.59036636352539 1.5693373284100896e-15
13.605130195617676 2.205601373333208e-15
13.619926452636719 1.3349337716307892e-15
13.63475513458252 4.224295185975861e-15
13.649615287780762 6.198410925153941e-15
13.664508819580078 8.717912438465107e-16
13.679433822631836 1.844398360778478e-15
13.694392204284668 2.5267401086476356e-14
13.709383010864258 6.7253395337290005e-15
13.724407196044922 7.222630882996106e-16
13.739463806152344 8.092852945368269e-16
13.75455379486084 3.1626992640613897e-15
13.76967716217041 2.6294888473912554e-15
13.784832954406738 2.7836958541201107e-15
13.800023078918457 1.277371932458405e-14
13.815245628356934 1.101546654388194e-15
13.8305025100708 7.931443723368028e-15
13.845793724060059 4.012104115326239e-15
13.86111831665039 8.182390680640153e-16
13.876476287841797 8.54046644755362e-16
13.891868591308594 2.108228159782748e-15
13.907295227050781 4.724631618688345e-15
13.92275619506836 1.4210495996748842e-15
13.938251495361328 1.6064387479283672e-15
13.953782081604004 3.834770991554973e-15
13.969346046447754 1.625987633076286e-15
13.984946250915527 1.0386331763517624e-15
14.000579833984375 3.1911206075735605e-15
14.016249656677246 2.8991227279083487e-15
14.031953811645508 3.831560736684879e-15
14.047693252563477 3.99630737437642e-15
14.063467979431152 2.199177898977705e-15
14.079277992248535 3.6396222238041075e-15
14.095124244689941 1.0725728336361765e-15
14.111005783081055 1.5538989882760775e-15
14.126923561096191 1.8843313055603083e-15
14.142876625061035 3.0495161805504283e-15
14.158865928649902 2.0837478488159146e-15
14.17489242553711 9.158429392739243e-16
14.190954208374023 8.081797577219824e-16
14.207052230834961 4.8678444765750187e-14
14.223187446594238 1.1907864458208812e-15
14.239358901977539 6.249182503528837e-16
14.25556755065918 1.012949337445999e-14
14.27181339263916 3.591795355470341e-15
14.288095474243164 2.2797379320416405e-15
14.304415702819824 7.786176196485377e-16
14.320773124694824 9.214861904058877e-16
14.337166786193848 5.961869774853126e-15
14.353599548339844 4.985813275062143e-16
14.37006950378418 1.2451725678915958e-14
14.386576652526855 1.7660420956850612e-15
14.403122901916504 4.808499738927783e-15
14.419706344604492 3.116037489546571e-15
14.436327934265137 3.0402684865905426e-15
14.452988624572754 6.6466349263360255e-15
14.469687461853027 8.531956942807266e-16
14.486424446105957 1.240342108399994e-15
14.50320053100586 9.10383706049752e-16
14.520015716552734 3.0216801368048102e-15
14.536870002746582 9.593233427421504e-15
14.553763389587402 2.5680393599250345e-15
14.570695877075195 5.4038880913987765e-15
14.587668418884277 1.0181135914462901e-15
14.604680061340332 6.7825310924484925e-16
14.621731758117676 1.6353126187926086e-15
14.638822555541992 3.919315467602793e-15
14.655953407287598 8.40217804863987e-15
14.673125267028809 7.521050119434452e-16
14.690337181091309 2.1008795136906065e-15
14.707589149475098 7.739590443177574e-16
14.724882125854492 3.9396175767990576e-15
14.742215156555176 1.910387733083745e-15
14.759589195251465 2.647093368408752e-15
14.77700424194336 1.2643904325637277e-15
14.794461250305176 4.820722318477544e-16
14.811958312988281 7.464728569430909e-15
14.829497337341309 1.6504395684393863e-15
14.847078323364258 6.196486466297779e-16
14.864701271057129 1.5381961621042852e-15
14.882365226745605 2.278317457789095e-15
14.90007209777832 3.1975743633569278e-15
14.91781997680664 1.7924729117711844e-15
14.9356107711792 1.2544985700474551e-15
14.953444480895996 8.825843600065737e-15
14.971320152282715 3.207624621034337e-15
14.989239692687988 5.256267189351297e-16
15.007201194763184 7.228928149442468e-14
15.025205612182617 6.440678653452906e-16
15.043253898620605 7.749252018611312e-15
15.061345100402832 7.859740478558821e-16
15.079480171203613 7.795956568289967e-15
15.09765911102295 5.75533370791761e-16
15.11588191986084 7.073257681538994e-16
15.134148597717285 1.0557724645229795e-15
15.152459144592285 1.3226665110930604e-15
15.170814514160156 1.5623336364857174e-14
15.189214706420898 5.3169515943079105e-15
15.207658767700195 8.696893845274584e-16
15.22614860534668 1.227867113031951e-15
15.244683265686035 1.1892261052529204e-15
15.263262748718262 2.274604997084574e-14
15.28188705444336 4.919194663156184e-16
15.300558090209961 5.797058021503765e-16
15.319273948669434 2.3924276188608262e-15
15.338035583496094 2.0683102498357314e-15
15.356843948364258 2.228864074438363e-15
15.37569808959961 1.9578459303272195e-15
15.394598007202148 3.7323744491108216e-15
15.413544654846191 2.212876751075412e-15
15.432538986206055 1.5335752797396578e-15
15.451579093933105 7.333947529407792e-15
15.470666885375977 1.2280351431928627e-15
15.489801406860352 3.021460967029708e-15
15.508983612060547 2.34406839031971e-15
15.528213500976562 1.0955749662309327e-15
15.547491073608398 6.387292284369835e-16
15.566816329956055 8.126802555289813e-16
15.586190223693848 8.135821338595703e-16
15.605611801147461 6.525215717962437e-16
15.625082015991211 1.190256796118963e-14
15.644600868225098 1.8966251417567572e-15
15.664168357849121 6.83765282028225e-16
15.683785438537598 5.514122547341227e-16
15.703451156616211 7.596781747061683e-16
15.723166465759277 7.752195352223902e-16
15.742931365966797 1.4021629884125998e-15
15.762746810913086 2.209470196319792e-15
15.782610893249512 6.243405209432971e-16
15.802525520324707 6.090791577557019e-16
15.822490692138672 7.019319682249024e-15
15.842506408691406 8.327925234659426e-16
15.86257266998291 4.86084425748573e-15
15.882689476013184 5.966494786503371e-16
15.902857780456543 5.801004665642378e-16
15.923077583312988 2.7193401966118603e-15
15.94334888458252 5.29970356828209e-16
15.963671684265137 5.50415191076086e-16
15.98404598236084 5.8749691707834e-16
16.004472732543945 4.7980489617212643e-14
16.024951934814453 8.471367617298982e-16
16.045482635498047 2.054625373781654e-15
16.06606674194336 1.820136076092268e-14
16.08670425415039 6.07679912266397e-16
16.107393264770508 7.253100775691211e-15
16.128137588500977 7.265150878157088e-16
16.14893341064453 5.074743793589964e-15
16.169784545898438 5.140151148381349e-16
16.190689086914062 5.5493961756384485e-16
16.211647033691406 5.795137903691458e-16
16.2326602935791 1.6962552629190162e-15
16.25372886657715 8.54630197516461e-16
16.274850845336914 2.5558139216390763e-15
16.29602813720703 1.6693147447568828e-15
16.317258834838867 2.542891375237528e-15
16.338546752929688 1.0247062606330072e-15
16.35988998413086 1.714990996437571e-15
16.381290435791016 5.985480500620484e-16
16.40274429321289 5.651446175728055e-16
16.424257278442383 5.356878821617347e-16
16.445825576782227 8.389026485705207e-16
16.467449188232422 7.604920674893613e-16
16.489131927490234 6.138222246229708e-16
16.5108699798584 5.996441636353547e-16
16.53266716003418 4.898149600186059e-16
16.554519653320312 6.244360239081e-16
16.576431274414062 4.2955285392575794e-15
16.59840202331543 5.776660409342698e-16
16.62042999267578 2.8015521556811786e-15
16.64251708984375 5.636685038435372e-16
16.664661407470703 9.009356887978407e-16
16.686866760253906 1.281609659469342e-15
16.709129333496094 6.121713574087722e-16
16.73145294189453 5.806492909744994e-16
16.753835678100586 1.3465336760852e-15
16.77627944946289 3.6512842581251995e-14
16.798782348632812 5.051543561164669e-16
16.821346282958984 9.926320875358022e-16
16.843969345092773 4.53991448519939e-16
16.866655349731445 6.550826288518263e-16
16.889402389526367 6.163843404697375e-16
16.91221046447754 5.410541535199459e-16
16.93507957458496 4.168217105005094e-16
16.958009719848633 9.827586479861324e-16
16.98100471496582 1.1129452826385135e-15
17.004060745239258 1.6470854238473777e-15
17.027179718017578 5.08076566844935e-16
17.05035972595215 4.6493784164455473e-14
17.073604583740234 1.8925585365769894e-15
17.096914291381836 4.24090626440117e-14
17.12028694152832 5.438924021075175e-16
17.143722534179688 5.940213471732438e-16
17.16722297668457 6.24957372687135e-16
17.190786361694336 3.352243638316747e-15
17.21441650390625 7.882904182688266e-16
17.23811149597168 7.287848714165543e-16
17.261871337890625 7.792229305684693e-16
17.28569793701172 5.691143962987903e-16
17.309589385986328 4.522119381768761e-16
17.333545684814453 6.040821398229344e-16
17.35757064819336 6.614710572191366e-16
17.38166046142578 6.778871380720762e-16
17.405818939208984 6.0672809075565555e-15
17.430044174194336 7.93550810508631e-16
17.454336166381836 6.249079271388391e-16
17.478696823120117 5.129065604684159e-16
17.503124237060547 8.746519388071845e-16
17.527620315551758 6.146190708681003e-16
17.552186965942383 5.205365803177234e-16
17.576820373535156 4.723500406187287e-16
17.601524353027344 8.021560829175834e-16
17.626296997070312 8.637803979841176e-15
17.651140213012695 4.714139103933351e-16
17.676054000854492 5.955598766428129e-16
17.70103645324707 4.85248870097754e-16
17.726091384887695 5.248862003809926e-16
17.751216888427734 4.695597552717954e-16
17.776412963867188 9.924959481653547e-15
17.801681518554688 7.941409277750712e-16
17.8270206451416 4.2747015872713723e-16
17.852434158325195 5.73183807275196e-16
17.877918243408203 4.940040143988113e-16
17.90347671508789 4.83273059869165e-16
17.929107666015625 4.56684060380142e-16
17.954811096191406 4.73508887569691e-16
17.9805908203125 4.3799658126980124e-16
18.00644302368164 5.120733447461136e-16
18.03236961364746 5.707334468379077e-16
18.05837059020996 5.193085943024415e-16
18.084447860717773 4.4055178850409184e-16
18.110599517822266 6.8228858596380555e-16
18.13682746887207 4.4235490989055944e-16
18.163131713867188 7.153744340373874e-16
18.189512252807617 4.2454077468839703e-16
18.21596908569336 4.83248601792813e-16
18.242504119873047 5.790577160666086e-16
18.269115447998047 4.612980076625138e-16
18.295804977416992 4.2199530833299985e-16
18.322572708129883 4.268065878223023e-16
18.34941864013672 4.1824713460184037e-16
18.3763427734375 5.338682436327956e-16
18.40334701538086 4.796300241025834e-16
18.430429458618164 8.395476112202957e-16
18.457592010498047 4.592629580671762e-16
18.48483657836914 4.188155995885664e-16
18.51215934753418 4.1784622331999307e-16
18.53956413269043 1.2397460089633638e-15
18.56705093383789 2.079095943869594e-15
18.59461784362793 4.760874676193699e-16
18.622268676757812 2.5112771833823294e-14
18.649999618530273 3.9978859261527466e-16
18.677814483642578 6.901969620154045e-16
18.705711364746094 5.513408922083165e-16
18.733694076538086 7.805869183113447e-16
18.76175880432129 4.610617913493483e-16
18.789907455444336 4.272964640333909e-16
18.81814193725586 4.626078382363242e-16
18.846460342407227 4.093094547006498e-16
18.87486457824707 9.105752413749498e-16
18.90335464477539 6.053008614153557e-16
18.931930541992188 1.2531433173318483e-15
18.960594177246094 1.9902474308365614e-13
18.989343643188477 2.7608045769623264e-15
19.018178939819336 3.507499271834303e-15
19.047103881835938 2.104343243170166e-15
19.07611656188965 1.524535002972731e-15
19.1052188873291 7.984278674002436e-16
19.134408950805664 4.2716289752552073e-16
19.16368865966797 5.011164971173464e-16
19.193058013916016 4.540445998373792e-16
19.222517013549805 9.69539640053045e-16
19.252065658569336 4.210051532874392e-16
19.281707763671875 4.399134168294377e-16
19.311439514160156 1.7063862004846513e-15
19.341264724731445 5.41838929545577e-16
19.371179580688477 1.070646892472357e-15
19.40118980407715 2.0380508448280188e-15
19.431291580200195 8.261259506545777e-16
19.46148681640625 4.2820559508359077e-16
19.491777420043945 4.3397050132260354e-16
19.52216148376465 4.374862439190805e-16
19.552640914916992 5.806202800960559e-16
19.583215713500977 4.41537258398663e-16
19.6138858795166 5.058596169241745e-16
19.644651412963867 5.868351196487384e-16
19.675514221191406 4.329219804130211e-16
19.70647430419922 4.845246039882924e-16
19.737533569335938 4.354207276074213e-16
19.768688201904297 5.039380697437689e-16
19.799943923950195 7.478539123998535e-16
19.831296920776367 1.5362600565450987e-15
19.862749099731445 4.482991224165941e-16
19.894302368164062 5.561100582782727e-16
19.925954818725586 4.791005755709903e-16
19.95771026611328 4.416133590150179e-16
19.989564895629883 4.445355432737064e-16
20.021522521972656 4.709105610644292e-16
20.05358123779297 4.924965075109354e-16
20.085744857788086 4.661170427972395e-16
20.118009567260742 4.524900296813716e-16
20.150379180908203 4.56228833110552e-16
20.18285369873047 4.55174171212102e-16
20.21543312072754 5.561060348717732e-16
20.24811553955078 4.542855807108731e-16
20.280906677246094 4.598834626405991e-16
20.31380271911621 4.641745315513894e-16
20.346805572509766 4.555659239502071e-16
20.37991714477539 4.46969068931168e-16
20.413135528564453 4.686590416115089e-16
20.446462631225586 4.808387930578745e-16
20.47989845275879 4.480782585755975e-16
20.513442993164062 4.901672198455453e-16
20.547100067138672 5.689295313580521e-16
20.58086585998535 4.497539544430626e-16
20.614744186401367 5.419279738841571e-16
20.648733139038086 4.721099067781821e-16
20.68283462524414 5.573170802281101e-16
20.71704864501953 4.685540624656086e-16
20.751375198364258 4.576639186814376e-16
20.785818099975586 4.657562067617092e-16
20.82037353515625 4.948629587468863e-16
20.855045318603516 5.536558861927218e-16
20.88983154296875 5.767422985657297e-16
20.924734115600586 3.5576700920913595e-15
20.959754943847656 1.1041283049323066e-15
20.994892120361328 4.926502969304213e-16
21.030147552490234 4.768449268324521e-16
21.065521240234375 4.49829552133605e-16
21.101015090942383 4.723486641901894e-16
21.136627197265625 4.698354115565675e-16
21.172361373901367 6.3790008906074e-16
21.208215713500977 4.687569797960352e-16
21.244192123413086 4.718236625815694e-16
21.280288696289062 1.1224918733496615e-15
21.316511154174805 9.76602624283725e-16
21.352855682373047 5.448607725244659e-16
21.389324188232422 4.64167649408693e-16
21.425918579101562 4.601539837881285e-16
21.462636947631836 5.460033140911936e-16
21.499483108520508 4.594791632269628e-16
21.536453247070312 4.686995403742995e-16
21.57355308532715 6.552617763201706e-16
21.610780715942383 1.2267854646638016e-13
21.648136138916016 5.093053257777813e-15
21.68562126159668 2.2136416218267825e-15
21.723237991333008 5.419929307232997e-16
21.760982513427734 5.933055513932548e-16
21.798860549926758 2.0349871690094473e-14
21.836870193481445 7.494701571423331e-16
21.87501335144043 4.716337683827068e-16
21.913288116455078 4.93815496628488e-16
21.951698303222656 5.634551044803883e-16
21.990243911743164 4.814384394449713e-16
22.0289249420166 1.1854885723731608e-15
22.06774139404297 5.9631368302631e-16
22.1066951751709 8.271575563162034e-14
22.14578628540039 1.2269939279424503e-15
22.185016632080078 5.694741735431366e-16
22.22438621520996 4.763460244265193e-16
22.26389503479004 4.767782229878558e-16
22.303544998168945 5.818800827864191e-16
22.343338012695312 4.766293040078166e-16
22.383270263671875 5.009324792095554e-16
22.42334747314453 4.84449270995546e-16
22.46356773376465 4.90059646661244e-16
22.50393295288086 4.90105439379955e-16
22.544445037841797 4.809337666270854e-16
22.585100173950195 4.897726083712432e-16
22.625904083251953 4.894627001916666e-16
22.666854858398438 4.840313131756352e-16
22.70795440673828 4.884713540060238e-16
22.749204635620117 5.699070073791836e-16
22.790603637695312 5.082749313732701e-16
22.8321533203125 4.990630774949652e-16
22.873855590820312 9.330158970047948e-16
22.91571044921875 5.316350942069189e-16
22.957717895507812 5.559854914954671e-16
22.999879837036133 7.792936048800058e-16
23.04219627380371 5.354707770294416e-16
23.084671020507812 4.891572918746222e-16
23.127300262451172 5.661929796637103e-16
23.170087814331055 6.529279887922481e-16
23.213035583496094 5.214311529891423e-16
23.256141662597656 7.269891615683751e-16
23.299407958984375 5.015411782612761e-16
23.342836380004883 6.049025971114686e-16
23.386425018310547 5.107123745581128e-16
23.430179595947266 5.133694639740903e-16
23.474096298217773 8.906277213462294e-16
23.518178939819336 6.296795813680778e-16
23.56242561340332 5.929325921986668e-16
23.606840133666992 5.274819857874126e-16
23.65142250061035 4.913841414929537e-16
23.69617462158203 5.006898042701671e-16
23.7410945892334 5.112983625389352e-16
23.78618621826172 7.330237948615292e-16
23.831449508666992 5.518338653836186e-16
23.87688636779785 5.129381124457011e-16
23.922494888305664 5.193900153444963e-16
23.968278884887695 5.068539806646918e-16
24.014238357543945 5.683050563176889e-16
24.060375213623047 5.269274439047571e-16
24.106687545776367 6.698765886712147e-16
24.153181076049805 6.333867269408546e-16
24.199851989746094 6.033588266255384e-16
24.2467041015625 5.199581097543079e-16
24.293739318847656 8.010742100857029e-16
24.340957641601562 4.963955589858246e-16
24.388357162475586 5.022848202494061e-16
24.435943603515625 6.144084773015892e-16
24.48371696472168 4.976675377748045e-16
24.531675338745117 5.85416233582969e-16
24.579824447631836 8.044130022055425e-16
24.62816047668457 5.325575130864788e-16
24.676687240600586 5.444380501442268e-16
24.725406646728516 5.929771673075161e-16
24.77431869506836 1.66236517823784e-14
24.82342529296875 6.557761370773907e-16
24.872726440429688 6.181910617462309e-16
24.922222137451172 1.1697716642786204e-15
24.9719181060791 9.911157926810986e-16
25.02181053161621 5.257183573121108e-16
25.071903228759766 6.303530255007041e-16
25.122196197509766 5.210359062401298e-16
25.172693252563477 5.146888766081165e-16
25.223392486572266 4.915126258031404e-16
25.274295806884766 5.228285455938751e-16
25.32540512084961 8.877021754255315e-16
25.37672233581543 4.862744152386422e-16
25.42824935913086 5.25927150933609e-16
25.479984283447266 4.86793381737513e-16
25.53192901611328 8.121018908446842e-16
25.584087371826172 5.900098520746067e-16
25.636459350585938 6.589023239274695e-16
25.68904685974121 7.664243686145752e-16
25.741849899291992 5.888054771027295e-16
25.79486846923828 5.41103122612209e-16
25.848108291625977 7.416133442213983e-16
25.901567459106445 5.972784006136734e-16
25.955249786376953 7.053375171288975e-16
26.009153366088867 1.0823712048908959e-15
26.063282012939453 5.09929504356613e-16
26.11763572692871 5.0989271136296665e-16
26.172216415405273 4.920439801588648e-16
26.227025985717773 4.944506654598103e-16
26.282066345214844 5.175922408535082e-16
26.337337493896484 9.57751482526107e-16
26.392841339111328 5.834238532723493e-16
26.44858169555664 6.169972217466351e-16
26.50455665588379 4.983354761932738e-16
26.560768127441406 5.298106911176515e-16
26.617219924926758 5.478217879498302e-16
26.67391014099121 4.917432834625896e-16
26.730844497680664 6.501323036102761e-16
26.788021087646484 4.876823957552156e-16
26.845443725585938 6.793528756477406e-16
26.903112411499023 6.314359571237688e-16
26.961030960083008 1.5593871264995749e-15
27.019197463989258 9.620861736336808e-16
27.07761573791504 4.807775949274354e-16
27.136287689208984 6.029260457290507e-16
27.195215225219727 5.841208555088212e-16
27.254398345947266 4.65590347122725e-16
27.313838958740234 5.914239206404885e-16
27.3735408782959 7.404676792206776e-16
27.433504104614258 6.84707765000723e-16
27.493728637695312 7.737633267673825e-16
27.55422019958496 5.114096414923807e-16
27.614978790283203 5.386604913505645e-16
27.67600440979004 4.652329521585429e-16
27.737300872802734 4.629205522125386e-16
27.798870086669922 6.487288758957942e-16
27.8607120513916 6.623249193695281e-16
27.92283058166504 1.4494037099468666e-15
27.985227584838867 1.6412165443140895e-15
28.047903060913086 7.446361401123528e-16
28.11086082458496 8.048323893935518e-16
28.174100875854492 5.198551423116573e-16
28.237625122070312 6.321771638921755e-16
28.301437377929688 5.359996961654427e-16
28.36553955078125 5.720612239222881e-16
28.429931640625 5.2484517222261e-16
28.494617462158203 3.347203792280584e-15
28.559598922729492 6.108180634568558e-16
28.624876022338867 6.202112882649916e-16
28.690452575683594 5.793217256483559e-16
28.756330490112305 3.2112403929279287e-15
28.822513580322266 5.894478986536627e-16
28.888999938964844 6.714540287167982e-16
28.955793380737305 5.125335483342687e-16
29.022897720336914 5.253107756458038e-16
29.090312957763672 7.536123070730843e-16
29.15804100036621 1.4702982128106173e-15
29.22608757019043 7.993593918839866e-16
29.294450759887695 5.401648218648881e-16
29.363134384155273 5.052807757838446e-16
29.43214225769043 6.58591409896268e-16
29.501474380493164 2.4861380501891217e-15
29.57113265991211 6.571474304794362e-16
29.641122817993164 6.112758847648468e-16
29.711444854736328 4.499842944651565e-16
29.782100677490234 5.056978336312489e-16
29.853092193603516 6.187349098379273e-16
29.92442512512207 5.082125156329693e-16
29.9960994720459 6.886763261168462e-16
30.068117141723633 5.925128873733023e-16
30.14048194885254 4.410253328611662e-16
30.21319580078125 4.79920397584814e-16
30.2862606048584 4.713385774005887e-16
30.35968017578125 6.067554287440282e-16
30.433456420898438 3.2838611861772497e-15
30.507593154907227 4.790695000497379e-16
30.582090377807617 4.707405721398271e-16
30.656953811645508 6.090022365761794e-16
30.7321834564209 4.671451819765287e-16
30.807783126831055 5.404047968867571e-16
30.883756637573242 7.511463824053902e-16
30.960105895996094 5.835045331605752e-16
31.036832809448242 1.8439413865034343e-15
31.113941192626953 8.155874843621949e-16
31.19143295288086 4.852788338882631e-16
31.26931381225586 9.317648293417002e-16
31.34758186340332 1.1668125546773875e-15
31.426244735717773 1.3680827236589414e-15
31.50530242919922 5.462099901303236e-16
31.584758758544922 5.748667558622719e-16
31.66461753845215 9.803330632625513e-16
31.74488067626953 5.388916254660465e-16
31.825551986694336 5.144948531236361e-16
31.906635284423828 5.065414784467142e-16
31.98813247680664 6.750327958585068e-16
32.070045471191406 4.977607643385617e-16
32.152381896972656 1.0429691380087571e-15
32.235137939453125 1.4251932848528522e-15
32.31832504272461 8.618811701218722e-16
32.401939392089844 1.0643729194320444e-15
32.48598861694336 7.845775552236557e-16
32.57047653198242 1.3518583369498773e-15
32.65540313720703 1.2570285515817853e-15
32.74077606201172 5.358681413608222e-16
32.826595306396484 6.902727714641838e-16
32.912864685058594 6.432208323980363e-16
32.99959182739258 1.0266821767407146e-15
33.08677291870117 4.2105163422041976e-16
33.17441940307617 4.842297306435295e-16
33.26253128051758 7.48426136095283e-16
33.35110855102539 8.154206188715858e-16
33.440162658691406 5.135866749855019e-16
33.529693603515625 1.4449841037863305e-15
33.61970138549805 7.777516343390886e-16
33.71019744873047 1.2018746153202083e-14
33.80118179321289 9.282763241484334e-16
33.89265823364258 6.490670008604262e-16
33.9846305847168 8.672807404628224e-16
34.07710266113281 6.609686608022964e-16
34.170082092285156 7.10912846806403e-16
34.26356506347656 1.2199078620639577e-15
34.357566833496094 1.0892691235759797e-15
34.452083587646484 4.4229275884805465e-16
34.547119140625 1.1351373340983393e-15
34.64268493652344 7.790476476879468e-16
34.73877716064453 5.0087901025476e-16
34.83540725708008 6.99435232733752e-16
34.93257522583008 6.167160068081467e-16
35.0302848815918 4.359525584191786e-16
35.128543853759766 7.397528363527542e-16
35.22735595703125 1.4574859924504488e-15
35.326725006103516 6.115798107742335e-16
35.426658630371094 9.675215840562116e-16
35.527156829833984 1.0260583369750618e-15
35.62822723388672 5.781261915828657e-16
35.72987365722656 1.0016266245235772e-15
35.83210372924805 4.1646259500065317e-16
35.93491744995117 5.837732543630917e-16
36.038326263427734 5.151124989608621e-16
36.142330169677734 3.9701024513894175e-16
36.2469367980957 8.169034029853136e-16
36.352149963378906 4.140347444639382e-15
36.457977294921875 4.965591951633223e-16
36.56441879272461 1.570129727732246e-15
36.671485900878906 2.098118609799031e-15
36.77918243408203 9.879958526990058e-16
36.88751220703125 7.145127368322337e-16
36.996482849121094 5.975283812122319e-16
37.106101989746094 4.475760209774349e-16
37.21636962890625 4.3501701052893623e-16
37.327293395996094 7.002418727973341e-16
37.438880920410156 9.235045640400763e-16
37.55113983154297 7.111990380634565e-16
37.6640739440918 2.361465600023366e-15
37.777687072753906 8.842242581441053e-16
37.89198684692383 5.835564139285946e-16
38.00698471069336 4.644303355014602e-16
38.1226806640625 4.491242913258974e-16
38.23908233642578 6.1077634708420355e-16
38.356197357177734 7.149825754201638e-16
38.474029541015625 7.086302518322302e-16
38.592594146728516 7.125219447083901e-16
38.71188735961914 5.96288166158774e-16
38.8319206237793 8.455335401189826e-16
38.952701568603516 1.0038363217247269e-15
39.07423400878906 6.059675292844041e-16
39.196529388427734 3.4895188799464625e-15
39.3195915222168 1.7123633943560697e-15
39.44342803955078 5.930003548344472e-16
39.568050384521484 4.613936694459943e-16
39.69346237182617 6.845684810204589e-16
39.81966781616211 6.003641945800801e-16
39.94668197631836 4.0684824165372483e-16
40.07450866699219 3.8747432174897323e-16
40.203155517578125 1.6861919821100431e-15
40.3326301574707 7.83162745503945e-16
40.46294021606445 4.421253110222943e-16
40.59409713745117 1.4372007180340107e-15
40.72610855102539 5.433870940149211e-16
40.858978271484375 1.787873946384067e-15
40.99271774291992 1.0180299469427488e-15
41.12733840942383 4.166876675366064e-16
41.26284408569336 3.701959878255084e-16
41.39924621582031 5.253544507821466e-16
41.536556243896484 8.652553258672597e-16
41.674774169921875 8.633231378354542e-16
41.81391906738281 3.6492588117659013e-16
41.95399475097656 5.684583692811419e-16
42.09501266479492 5.251866323794719e-16
42.23698425292969 8.447276941487886e-16
42.379913330078125 3.603800935766927e-16
42.52381134033203 2.481645387436885e-15
42.66869354248047 4.0318548590134e-16
42.8145637512207 4.2457566185791207e-16
42.9614372253418 5.546294446864722e-16
43.10932159423828 4.398426366387828e-16
43.25822830200195 7.5013227220929e-16
43.408164978027344 4.358511262237449e-16
43.559146881103516 8.104114777797607e-16
43.711177825927734 1.7371932122927638e-15
43.864280700683594 4.106928183221937e-16
44.018455505371094 1.4909666637565695e-15
44.1737174987793 2.09848219869164e-15
44.330081939697266 4.3540301932486777e-16
44.487552642822266 4.992419073259543e-16
44.646148681640625 7.423327398914132e-16
44.80588150024414 3.516164524763833e-16
44.966758728027344 4.14662702927297e-16
45.1287956237793 3.297775078764441e-16
45.29200744628906 9.623970347253231e-16
45.45640182495117 7.390111001887554e-16
45.62199401855469 1.1537263191587822e-15
45.788795471191406 3.2402716001621226e-16
45.95682144165039 4.3077427543569864e-16
46.1260871887207 3.982577393817901e-16
46.29660415649414 1.2703883787423538e-15
46.468387603759766 7.149621936898705e-16
46.641448974609375 1.1207302565776093e-15
46.81580352783203 3.8159686600709405e-16
46.9914665222168 3.7762393737733656e-16
47.168453216552734 4.691252803094132e-16
47.346778869628906 5.234364505522077e-16
47.52645492553711 4.711616004541717e-16
47.70750427246094 7.227081511738335e-16
47.88993453979492 4.1541245943451505e-16
48.073768615722656 3.4210453717651353e-16
48.25901794433594 9.81096875222738e-16
48.445701599121094 3.399916664291469e-16
48.63383483886719 3.790674932776947e-16
48.82343292236328 4.616345444403698e-16
49.01451873779297 4.0614959829091764e-16
49.20710372924805 1.6250712493064753e-15
49.401206970214844 4.313117178407315e-16
49.59684753417969 3.5359186565827835e-16
49.79404830932617 3.2951934811598874e-16
49.992820739746094 3.8902849485828687e-16
50.19318389892578 4.287957388198106e-16
50.395164489746094 1.160143229008944e-15
50.59877395629883 1.3885942617514148e-15
50.80403518676758 4.519514755455954e-16
51.01097106933594 3.498688382177405e-16
51.21959686279297 5.106943751079836e-16
51.429935455322266 4.181367820906809e-16
51.64201354980469 3.240778761139291e-16
51.85584259033203 2.6363844896752934e-16
52.07145309448242 2.910139714876371e-16
52.28886413574219 1.0014026901881468e-15
52.508094787597656 4.902161359982493e-16
52.72917556762695 2.9558090844143626e-16
52.952125549316406 1.4073940521366055e-15
53.17696762084961 4.639707671880156e-16
53.403724670410156 2.9773967778663226e-16
53.63242721557617 3.1268949166831544e-16
53.86309814453125 2.837352320834237e-16
54.095760345458984 9.898823009516595e-16
54.330440521240234 5.525817425364849e-16
54.56716537475586 3.5278268449585447e-16
54.805965423583984 1.357313229130195e-15
55.04685974121094 3.1003941674393235e-16
55.28988265991211 4.806729863584495e-16
55.535064697265625 3.710228508007062e-16
55.78242874145508 4.529606094231305e-16
56.032005310058594 3.202915859001432e-16
56.2838249206543 4.348650739940225e-16
56.53791809082031 3.0322760425189287e-16
56.79431915283203 2.534621686694366e-16
57.05305099487305 2.670025726664478e-16
57.31415557861328 3.9199504246758784e-16
57.577659606933594 2.3368506108179194e-16
57.843597412109375 6.58704382915608e-16
58.112003326416016 9.077979262200214e-16
58.382911682128906 3.2759486279004737e-16
58.65635681152344 3.8416266115322533e-16
58.932376861572266 5.608495252555157e-16
59.21100616455078 2.8600890674187064e-16
59.492286682128906 1.2590624894463797e-15
59.776248931884766 2.507671480592898e-16
60.06293487548828 3.0205435774082726e-16
60.35238265991211 2.2577176165118704e-16
60.64463424682617 3.0974337872886697e-16
60.93973159790039 3.970450264293384e-16
61.23771286010742 5.959484000678066e-16
61.53862380981445 3.8552154022863765e-16
61.84251022338867 3.56522414367321e-16
62.14940643310547 2.73067169750111e-16
62.45936965942383 3.526334478784601e-16
62.77243423461914 7.8332664637923875e-16
63.08865737915039 4.446064293434798e-16
63.4080810546875 6.04232488171072e-16
63.73075485229492 1.4462902285909966e-15
64.05673217773438 6.048366873602604e-16
64.38606262207031 2.2629917200975085e-16
64.71878814697266 4.202333474538129e-16
65.05497741699219 2.878774614235136e-16
65.3946762084961 2.347418670323897e-16
65.73794555664062 4.90676498405082e-16
66.08483123779297 9.101610422637425e-16
66.4354019165039 9.652560885596616e-16
66.78971099853516 2.0543193301898993e-16
67.14781951904297 2.331150873176286e-16
67.5097885131836 2.763477812943861e-16
67.87567901611328 2.4164515908273263e-16
68.24555969238281 2.208154277696673e-16
68.61949157714844 2.653023657830716e-16
68.99754333496094 3.9913621842721124e-16
69.3797836303711 2.0977044900971625e-16
69.76628875732422 2.187633475181339e-15
70.15711975097656 5.703599053081686e-16
70.55235290527344 2.5974823839902716e-16
70.95207214355469 1.906265382548136e-16
71.35633850097656 1.018088074578754e-15
71.7652359008789 1.8203254197197147e-16
72.1788558959961 2.1115109947885096e-16
72.5972671508789 2.0496063859318171e-16
73.02055358886719 1.8496351419748777e-16
73.44880676269531 9.10966994113055e-16
73.88211822509766 2.1662667779192738e-16
74.32057189941406 2.7112775546847426e-16
74.76425170898438 2.6870172075863993e-16
75.21327209472656 1.1023320656885355e-15
75.66770935058594 2.0616907667622778e-16
76.12767791748047 6.891884104730207e-16
76.59326934814453 4.3612522079152047e-16
77.06459045410156 2.604184002789829e-16
77.54175567626953 2.7488426718020828e-16
78.02485656738281 2.0529050498657806e-16
78.51402282714844 2.6990487812065546e-16
79.00935363769531 2.013615558956288e-16
79.51097869873047 4.0608591200119596e-16
80.01901245117188 1.9163907349902752e-16
80.53358459472656 1.93474832123744e-16
81.05481719970703 3.354059624016101e-16
81.58283233642578 5.21809247320973e-16
82.11778259277344 2.6776577582170353e-16
82.6597900390625 2.9505648916796745e-16
83.20899963378906 2.5169777257052627e-16
83.76555633544922 3.7620764534996816e-16
84.32960510253906 1.7531827061776425e-16
84.90130615234375 1.7827760521212376e-16
85.4808120727539 1.446653791013826e-16
86.06828308105469 1.6858872620072684e-16
86.66387939453125 1.3638467912990615e-16
87.26778411865234 1.6254406086110373e-16
87.88015747070312 2.9908143091464227e-16
88.50119018554688 1.9151212443605778e-16
89.13106536865234 1.506414744769475e-16
89.76996612548828 1.7649352883207959e-16
90.41809844970703 1.8384892471801952e-16
91.07565307617188 2.2659240422817845e-16
91.74283599853516 1.6466630191044938e-16
92.41987609863281 2.6272272694220864e-16
93.10697937011719 1.0321514684811356e-16
93.80437469482422 5.087932096578714e-16
94.51229858398438 1.0349208029975142e-16
95.23099517822266 9.906039068482712e-17
95.960693359375 1.27865182041753e-16
96.70166778564453 1.6199175567482453e-16
97.45417785644531 1.2527961397025924e-16
98.2184829711914 2.778753258054204e-16
98.99488067626953 9.210992948723395e-17
99.78364562988281 8.821981818040527e-17
100.58507537841797 1.1317600284491792e-16
101.39949035644531 1.755439387237585e-16
102.22720336914062 2.8173041097639116e-16
103.06853485107422 1.6808028143924764e-16
103.92383575439453 1.7040622067751815e-16
104.79344940185547 8.451445270030663e-17
105.677734375 1.0033471204930181e-16
106.57707977294922 1.1105757344383492e-16
107.49185180664062 7.289454370996182e-17
108.42247772216797 3.35419726687003e-16
109.36934661865234 7.476017348095881e-17
110.3329086303711 1.1148671474562743e-16
111.31359100341797 8.911719003101709e-17
112.31187438964844 6.035099161275049e-17
113.32821655273438 6.935274823291186e-17
114.36312866210938 8.225174976550457e-17
115.41710662841797 8.32365049760265e-17
116.4906997680664 6.571274325609472e-17
117.58445739746094 1.489862529840044e-16
118.69894409179688 1.114551362985626e-16
119.83476257324219 1.3877859276219381e-16
