WAVELENGTH FLUX
5.000441551208496 1.0886518747854477e-16
5.002439022064209 1.0892559813304074e-16
5.0044379234313965 1.0898486396956894e-16
5.006438732147217 1.090466709049389e-16
5.008440971374512 1.0916579153059144e-16
5.010444641113281 1.0945266438446973e-16
5.012449741363525 1.098389775828667e-16
5.014456748962402 1.0950606716481615e-16
5.016465663909912 1.0936111865171726e-16
5.018475532531738 1.1021369701779812e-16
5.020487308502197 1.0992989465835362e-16
5.022500991821289 1.0965927424915078e-16
5.0245161056518555 1.0977944043109758e-16
5.0265326499938965 1.1531210082388506e-16
5.02855110168457 1.132990211456168e-16
5.030570983886719 1.0999553971176583e-16
5.032592296600342 1.0987907268151837e-16
5.034615516662598 1.102166153109992e-16
5.036640167236328 1.681341474407371e-16
5.038666725158691 8.094052873417173e-15
5.040694713592529 5.141146941489965e-16
5.042724132537842 9.547340335306319e-16
5.044755458831787 2.581499136973379e-16
5.046788692474365 2.690541129344773e-16
5.048823356628418 8.407919555593715e-16
5.050859451293945 1.179148477823403e-16
5.0528974533081055 1.1219491369887083e-16
5.05493688583374 1.1082108581542845e-16
5.05697774887085 1.1114844419720754e-16
5.059020519256592 1.7890766537598295e-16
5.061065196990967 2.481117527092068e-16
5.063111305236816 8.412299245326611e-16
5.065158843994141 2.422018450175359e-16
5.067208290100098 1.649064939845111e-15
5.0692596435546875 1.7382712205368225e-16
5.071312427520752 1.2750230783319333e-16
5.073366641998291 1.2763174505544563e-16
5.075422763824463 1.1528352669680503e-16
5.077480316162109 1.2252287906897112e-16
5.079539775848389 1.155418849806074e-16
5.081601142883301 1.1329014053456044e-16
5.083663463592529 2.867818243062402e-16
5.085728168487549 2.148641610473688e-16
5.087794303894043 1.88607767573931e-16
5.089861869812012 1.093413854310242e-16
5.091931343078613 2.1929300516098591e-16
5.094002723693848 1.092198428205381e-16
5.096075534820557 1.0991255695271451e-16
5.09814977645874 5.798367216802865e-16
5.100225925445557 1.2867375439924603e-16
5.102303981781006 4.721475573926876e-15
5.10438346862793 1.0957165266122426e-16
5.106464862823486 1.0971184984888465e-16
5.108547687530518 1.0937367194469337e-16
5.110632419586182 1.0941190754132802e-16
5.1127190589904785 1.0946732202492417e-16
5.11480712890625 1.0951030894699733e-16
5.116897106170654 1.0954998714662027e-16
5.118988513946533 1.0959821508505456e-16
5.121081829071045 1.151505822287555e-16
5.123176574707031 1.0969065417286859e-16
5.12527322769165 1.0974192613595707e-16
5.127371788024902 1.142799647078761e-16
5.129471778869629 1.1495478526904175e-16
5.131573677062988 1.3489548932951468e-16
5.133677005767822 1.7598341647448549e-16
5.135782241821289 1.1035617060650425e-16
5.137889385223389 1.1010881713357129e-16
5.139997959136963 1.1031051685413622e-16
5.14210844039917 1.1012198584892314e-16
5.144220352172852 1.1022404670162238e-16
5.146334648132324 1.853462010360793e-16
5.148449897766113 1.1026754978439777e-16
5.150567531585693 1.1027240037150978e-16
5.152686595916748 1.1033576240643134e-16
5.1548075675964355 1.1037036502581566e-16
5.156929969787598 1.1041431809484428e-16
5.159054279327393 1.1045956818307338e-16
5.16118049621582 1.1067704389228092e-16
5.163308620452881 2.429375990113447e-16
5.165438175201416 1.1077250715241444e-16
5.167569637298584 1.1071643754177315e-16
5.169702529907227 1.1070307030307429e-16
5.171837329864502 1.1073730234554418e-16
5.17397403717041 1.1078950075091873e-16
5.176112651824951 1.1086341099301157e-16
5.178252696990967 1.1088525517862787e-16
5.180394649505615 1.1093218609786168e-16
5.1825385093688965 1.109840933356606e-16
5.1846842765808105 1.1120744533593972e-16
5.186831474304199 3.1179462782932087e-16
5.188980579376221 1.114503452684547e-16
5.191131591796875 1.1125802908475857e-16
5.193284034729004 1.1122236105674528e-16
5.195438385009766 1.112366415028404e-16
5.19759464263916 1.11280263699624e-16
5.1997528076171875 1.1132293298434193e-16
5.2019124031066895 1.1136541698060265e-16
5.204073905944824 1.1140768921862656e-16
5.206237316131592 1.1147044906606218e-16
5.208402633666992 1.1981040163917703e-16
5.210569858551025 1.116767545282778e-16
5.212738513946533 1.257656785330852e-16
5.214909076690674 1.1208338328251908e-16
5.217081546783447 1.6251922691388142e-15
5.2192559242248535 1.117638268682776e-16
5.221431732177734 1.1180784611175521e-16
5.223609447479248 4.374419864475865e-16
5.2257890701293945 1.1262874015165284e-16
5.227970600128174 1.1185357265601714e-16
5.230154037475586 1.1189430964682416e-16
5.232339382171631 1.1193484811428415e-16
5.23452615737915 1.1197498953505013e-16
5.236714839935303 1.1201472067423227e-16
5.238905429840088 1.120541606458388e-16
5.241097927093506 1.120932829800901e-16
5.243292331695557 1.121320744420964e-16
5.24548864364624 1.1217053503185766e-16
5.247686386108398 1.122086779842637e-16
5.249886512756348 1.1224649006442473e-16
5.2520880699157715 1.1228446096326337e-16
5.254291534423828 1.123223392178734e-16
5.256496906280518 1.123598733653486e-16
5.25870418548584 1.1239707664057879e-16
5.260913372039795 1.1243394904356395e-16
5.263123989105225 1.124705435138633e-16
5.265336990356445 1.1250679387702782e-16
5.267551422119141 1.1254285895173513e-16
5.269767761230469 1.125783813959606e-16
5.271986484527588 1.1261431412176991e-16
5.274206638336182 1.1264921452617475e-16
5.276428699493408 1.126829370253873e-16
5.278652667999268 1.127171624504123e-16
5.28087854385376 1.1275101729852288e-16
5.283106327056885 1.1278464715350683e-16
5.285336017608643 6.660009894210526e-16
5.287567615509033 1.1834429348659824e-16
5.289800643920898 1.129917864137799e-16
5.292036056518555 1.1291620195812727e-16
5.294273376464844 1.1295077149028708e-16
5.296512126922607 1.1299672302767563e-16
5.298753261566162 1.130353556710043e-16
5.30099630355835 1.1305122430387552e-16
5.303240776062012 1.1307506034040685e-16
5.305487632751465 1.2984674944740542e-16
5.307735919952393 1.193636976386188e-16
5.309986591339111 1.131755131539953e-16
5.312238693237305 1.132085739087178e-16
5.314493179321289 1.1324172730766893e-16
5.316749572753906 1.1328582596048536e-16
5.319007396697998 1.2320161715751783e-16
5.321267604827881 1.141677063725853e-16
5.323529243469238 1.1547876779114714e-16
5.325793266296387 1.4744146341155956e-16
5.328059196472168 1.1559297165523866e-16
5.330327033996582 1.1364715168693832e-16
5.332596778869629 1.1362064220266722e-16
5.33486795425415 1.2818543990515392e-16
5.337141513824463 1.1397994299098066e-16
5.339416980743408 1.1447752190793336e-16
5.341694355010986 1.1386182159950809e-16
5.3439741134643555 1.1386796258837568e-16
5.346255302429199 1.139166272781734e-16
5.348538398742676 1.1835871951648117e-16
5.350823879241943 1.2493242310611358e-16
5.3531107902526855 1.1406037141630041e-16
5.355400085449219 1.1410759350310984e-16
5.357690811157227 1.1415497440859688e-16
5.359983921051025 1.1420279206544734e-16
5.362278938293457 1.1424806862345605e-16
5.3645758628845215 1.1429296136966052e-16
5.366875171661377 1.1435425214432825e-16
5.369175910949707 1.1447582784203885e-16
5.37147855758667 1.1480864561586078e-16
5.373783588409424 1.1568858049916e-16
5.3760905265808105 1.1539051754595509e-16
5.37839937210083 1.185247644439226e-16
5.380710124969482 1.8153186609080538e-16
5.383022785186768 1.1722286156910295e-16
5.3853373527526855 1.157618223793179e-16
5.3876543045043945 1.4786421226157826e-16
5.389973163604736 1.1652542258126764e-16
5.392293930053711 1.1624441940101603e-16
5.394616603851318 1.2011142920769733e-16
5.396941184997559 1.2079771118343052e-16
5.39926815032959 1.1666172871132658e-16
5.401597023010254 1.1536541096000288e-16
5.403927803039551 1.2051348663100138e-15
5.4062604904174805 1.1500141178581014e-16
5.408595085144043 1.257234989392899e-16
5.4109320640563965 1.1490764259157113e-16
5.413270950317383 1.1499478110601992e-16
5.415611743927002 1.1500127943691213e-16
5.417954444885254 1.1525765248724437e-16
5.420299530029297 1.1654017948339559e-16
5.422646522521973 1.155200871171054e-16
5.424995422363281 1.153144831040492e-16
5.427346706390381 1.159119060296595e-16
5.429699420928955 1.169473641030085e-16
5.43205451965332 1.3678454485545918e-16
5.434412002563477 1.175248023450195e-16
5.436770915985107 1.1663957350579996e-16
5.439132213592529 1.1577201324446454e-16
5.441495418548584 1.159025224927907e-16
5.44386100769043 1.1558552041228079e-16
5.44622802734375 1.1563655414735286e-16
5.4485979080200195 1.1930653614956893e-16
5.450969219207764 1.325932670137673e-16
5.453342914581299 1.7260861221949774e-16
5.455718517303467 1.1869700329979085e-16
5.458096027374268 1.166574273721413e-16
5.460475921630859 1.156963493794731e-16
5.462857723236084 1.1570148451671582e-16
5.4652419090271 1.211638676446608e-16
5.467628002166748 1.1643562385396888e-16
5.470016002655029 1.1576255029825693e-16
5.472406387329102 1.1578887449407082e-16
5.474798679351807 1.1581946032440058e-16
5.4771928787231445 1.1584844473306444e-16
5.479589462280273 1.1587692621591587e-16
5.481987953186035 1.1591082076869584e-16
5.484388828277588 1.1600449731870625e-16
5.486791610717773 1.1610013263240718e-16
5.489196300506592 1.1612492158100417e-16
5.491603374481201 1.161989707894399e-16
5.494012355804443 1.2574155132897825e-16
5.496423721313477 1.1627579932473384e-16
5.498836994171143 1.1635093379413325e-16
5.5012526512146 1.1640847909498734e-16
5.5036702156066895 1.164544703370453e-16
5.506089687347412 1.228391399956522e-16
5.508511543273926 1.1657126823953778e-16
5.5109357833862305 1.166291444126369e-16
5.513361930847168 1.1681886655793205e-16
5.515789985656738 1.1688860119229272e-16
5.5182204246521 1.1680043035643947e-16
5.520652770996094 1.1685648011474606e-16
5.523087501525879 1.1691227841014644e-16
5.525524616241455 1.169677590681916e-16
5.527963161468506 1.1702305443777954e-16
5.530404567718506 1.1715839442088302e-16
5.532847881317139 1.1725099894481955e-16
5.535293102264404 1.321799414052868e-16
5.537740707397461 1.1798619707325669e-16
5.540190696716309 1.2491051936349318e-16
5.542642593383789 1.5187880432442882e-16
5.5450968742370605 1.1742305251223058e-16
5.547553062438965 1.1746136751820404e-16
5.55001163482666 1.1751433354718704e-16
5.552472114562988 1.1756745839484764e-16
5.554934978485107 1.176979941129534e-16
5.557399749755859 1.212902476073691e-16
5.5598673820495605 1.2779409744863264e-16
5.562336444854736 2.0110322408160603e-16
5.564808368682861 1.3764019371597383e-16
5.567281723022461 1.2272718606282681e-16
5.56975793838501 1.1902285952157754e-16
5.572236061096191 1.1802771492256195e-16
5.574716567993164 1.1802833696238259e-16
5.5771989822387695 1.1807754428266214e-16
5.579683780670166 1.1812632808646807e-16
5.5821709632873535 1.1817474131335957e-16
5.584660053253174 1.1822285013778566e-16
5.587151527404785 1.182704560363993e-16
5.5896453857421875 1.1831741342541272e-16
5.592141151428223 1.1836418552596892e-16
5.594639301300049 1.184106796938393e-16
5.597139835357666 1.1845656505677884e-16
5.599642276763916 1.1850162985655073e-16
5.602147102355957 1.1855034748590765e-16
5.604654312133789 1.458822610441216e-16
5.607163906097412 1.1863716836300122e-16
5.609675407409668 1.1867965235926194e-16
5.612189292907715 1.1872315544203733e-16
5.6147050857543945 1.187662747130085e-16
5.617223739624023 1.1880899693728563e-16
5.619744300842285 1.188537970392615e-16
5.622267246246338 1.189052939954766e-16
5.624792098999023 1.189365415702964e-16
5.627319812774658 1.1897596830701314e-16
5.629849433898926 1.1901673176759975e-16
5.632381439208984 1.1905707171171274e-16
5.634915828704834 1.190970278440215e-16
5.637452125549316 1.1913660016452603e-16
5.63999080657959 1.1917578867322635e-16
5.642531871795654 1.1921452719567343e-16
5.64507532119751 1.192529083760959e-16
5.647621154785156 1.1929121014717954e-16
5.6501688957214355 1.193308751119127e-16
5.652719497680664 1.1936627844212996e-16
5.655272006988525 1.194028464426497e-16
5.657826900482178 1.1943954679206745e-16
5.660384178161621 1.1947585009479118e-16
5.662943363189697 1.1951176958571068e-16
5.665505409240723 1.1954730526482596e-16
5.668069362640381 1.1958244389724721e-16
5.670636177062988 1.1961717224808464e-16
5.6732048988342285 1.1965154325689744e-16
5.67577600479126 1.1968551721901622e-16
5.678349494934082 1.1978759792405017e-16
5.680925369262695 2.968359201016915e-15
5.683503150939941 1.2009515029324228e-16
5.686083793640137 1.1981852786151475e-16
5.688666820526123 1.5581049303756687e-16
5.691251754760742 1.1988713753024235e-16
5.693839073181152 1.1991254851865998e-16
5.696429252624512 1.1994350492590416e-16
5.699021339416504 1.1997436868891974e-16
5.701615810394287 1.2000426630497986e-16
5.704212665557861 1.2003388598835416e-16
5.706812381744385 1.2006322773904264e-16
5.709414005279541 1.200922253825963e-16
5.712018013000488 1.2012085244923553e-16
5.714624404907227 1.2014909570407054e-16
5.717233180999756 1.2017686250287272e-16
5.719844341278076 1.2020402049674406e-16
5.7224578857421875 1.2023006675987213e-16
5.72507381439209 1.2025571597630618e-16
5.727692127227783 1.2028124607873201e-16
5.730312824249268 1.2030641883913323e-16
5.732936382293701 1.2033126072728942e-16
5.735561847686768 1.2035581144787e-16
5.738189697265625 1.5888949750550565e-16
5.740819931030273 1.3956494373971122e-16
5.743453025817871 1.2057654293996854e-16
5.746088027954102 1.2057298275461211e-16
5.748725891113281 1.2050066731674028e-16
5.751365661621094 1.2052940026249792e-16
5.7540082931518555 1.2056219631942442e-16
5.756653308868408 1.2231331782386448e-16
5.759300231933594 4.596371878111849e-16
5.7619500160217285 1.3184124734039328e-16
5.764602184295654 1.407920959569357e-16
5.767257213592529 1.3566713634446335e-16
5.769914150238037 1.243712770134474e-16
5.772573471069336 1.4408933052280067e-16
5.775235652923584 1.2085575941009704e-16
5.777900218963623 1.2093286587807679e-16
5.780567169189453 1.2089750225252892e-16
5.783236503601074 1.217614229191691e-16
5.785908222198486 1.2366866318369997e-16
5.788582801818848 1.232993568186971e-16
5.791259288787842 1.4585445454065002e-16
5.793938636779785 1.8346233358693673e-16
5.7966203689575195 1.5059348476652963e-16
5.799304485321045 1.2217529115813143e-16
5.8019914627075195 1.2133314188521365e-16
5.804680347442627 1.2141171742596128e-16
5.807372093200684 1.6066478591872206e-16
5.8100666999816895 1.2691661101994658e-16
5.812763214111328 1.211793789355074e-16
5.815462589263916 3.542960941445815e-16
5.818163871765137 1.4316458230263578e-16
5.820868492126465 1.241339092648692e-16
5.823575019836426 1.220563492034912e-16
5.826284408569336 1.2283866353961936e-16
5.828996181488037 1.214152246717585e-16
5.831710338592529 1.2163898695362145e-16
5.834427356719971 3.0052278982329347e-16
5.837146759033203 1.3772190592560427e-16
5.839868545532227 1.2139034307893291e-16
5.842592716217041 1.2140077217209598e-16
5.845319747924805 1.214183084010821e-16
5.848049640655518 1.2143626814654186e-16
5.850781440734863 1.2753796262631682e-16
5.853516101837158 1.3128174237406242e-16
5.856253147125244 1.2222514698801123e-16
5.858993053436279 1.218832236100063e-16
5.8617353439331055 1.2240449297970253e-16
5.864480495452881 1.2165600702190534e-16
5.867228031158447 1.2176896680635559e-16
5.869977951049805 1.2210853437397595e-16
5.872730255126953 1.2187804876809418e-16
5.875485420227051 1.2235078579689068e-16
5.878243446350098 1.2206194756187697e-16
5.8810038566589355 1.2297392411338403e-16
5.8837666511535645 1.2477981159182e-16
5.886532306671143 1.218423675051911e-16
5.889300346374512 1.218582890776215e-16
5.89207124710083 1.2189324242158555e-16
5.8948445320129395 1.2195346117017941e-16
5.897620677947998 1.221387099227219e-16
5.900399208068848 1.2222422054572517e-16
5.9031805992126465 1.2207576478682905e-16
5.905964374542236 1.2214252157098453e-16
5.908751010894775 1.2210830938084934e-16
5.9115400314331055 1.2212870434603245e-16
5.914331436157227 1.2217881163881846e-16
5.917126178741455 1.2223123503731962e-16
5.919922828674316 1.2251201322444462e-16
5.922722816467285 1.2231311930051747e-16
5.925525188446045 1.223041460452325e-16
5.928329944610596 1.2252225702915048e-16
5.931137561798096 1.2238965666823578e-16
5.933948040008545 1.2237026755467753e-16
5.936760902404785 1.2243117451754104e-16
5.939576625823975 1.2242834225112366e-16
5.942394733428955 1.2239729319965087e-16
5.945215702056885 1.2237341745845013e-16
5.948039531707764 1.2238175543902467e-16
5.950865745544434 1.224085693257612e-16
5.953694820404053 1.2243952573300537e-16
5.956526279449463 1.224664057941909e-16
5.9593610763549805 1.2249376231140925e-16
5.962197780609131 1.2252916564162652e-16
5.965037822723389 1.2268151245812409e-16
5.9678802490234375 1.2264874287097718e-16
5.9707255363464355 1.2285592183591967e-16
5.973573207855225 1.2274161209270974e-16
5.976424217224121 1.226754376437055e-16
5.979277610778809 1.227065661045171e-16
5.982133388519287 1.2273737692797347e-16
5.984992504119873 1.2276773776517661e-16
5.98785400390625 1.2280073234545013e-16
5.990718364715576 1.228282476813461e-16
5.993585109710693 1.2285572331257265e-16
5.996455192565918 1.2288420479542408e-16
5.999327659606934 1.229124877549285e-16
6.002202987670898 1.2295084246557135e-16
6.0050811767578125 1.2298077978630087e-16
6.007961750030518 1.2593483365962984e-16
6.010845184326172 1.230391059456532e-16
6.013731479644775 1.2304756304023595e-16
6.016620635986328 1.2307771211920228e-16
6.01951265335083 1.2719488781289922e-16
6.022407531738281 1.2313544270851359e-16
6.025304794311523 1.231527010048139e-16
6.028204917907715 1.2317434004963828e-16
6.031108379364014 1.2319897017955766e-16
6.0340142250061035 1.232230576789952e-16
6.036922454833984 1.2332205465470555e-16
6.039834022521973 1.3092616058978302e-16
6.04274845123291 1.2332181642668913e-16
6.045665264129639 1.233150666328907e-16
6.048585414886475 1.2335031114443036e-16
6.051507949829102 2.287488177629899e-16
6.054433822631836 1.7590451006149283e-16
6.057362079620361 1.2343469680180057e-16
6.060293197631836 1.234943993896922e-16
6.06322717666626 1.2354667720440555e-16
6.066164016723633 1.3503669236879993e-16
6.069103717803955 1.2371159716621392e-16
6.072046279907227 1.2374680197308418e-16
6.074991703033447 1.2378491845571062e-16
6.077939987182617 1.2382693923082831e-16
6.080891132354736 1.2388253900288168e-16
6.083845138549805 1.2393782113757982e-16
6.086802005767822 1.2399261358135534e-16
6.089762210845947 1.240467707504204e-16
6.092724800109863 1.2410051763790165e-16
6.0956902503967285 1.2415376159957047e-16
6.098658561706543 1.2420666145410446e-16
6.101629734039307 1.2426007746934068e-16
6.104604244232178 1.2431367877303412e-16
6.10758113861084 1.243806208456468e-16
6.110561370849609 1.4278632915212754e-16
6.11354398727417 1.245222341665159e-16
6.116529941558838 1.245272898944198e-16
6.119518756866455 1.2456232264772266e-16
6.1225104331970215 1.2461081528395297e-16
6.125504970550537 1.2465892410837905e-16
6.12850284576416 1.247066358861111e-16
6.131503105163574 1.2475388444270014e-16
6.134506702423096 1.2480205944157523e-16
6.137512683868408 1.2484954622618067e-16
6.140522003173828 1.248936845836665e-16
6.1435346603393555 1.249373597200093e-16
6.146549701690674 1.2498205394286677e-16
6.1495680809021 1.250262849445812e-16
6.152588844299316 1.2507043653695683e-16
6.155612945556641 1.2511417784774864e-16
6.158640384674072 1.2516739533963785e-16
6.161670207977295 1.2552150805114935e-16
6.164703369140625 1.318400429654214e-16
6.167739391326904 1.360517951816352e-16
6.170778274536133 2.2210956176417387e-16
6.173820495605469 1.5980932234666462e-16
6.176865577697754 4.056499812009356e-16
6.179913520812988 5.511106368895173e-15
6.182964324951172 3.0446861339873882e-16
6.186018466949463 2.776679244943293e-15
6.189075469970703 3.3599335328075137e-16
6.192135810852051 2.5188456980517544e-16
6.195199012756348 1.3981815365138106e-16
6.198265075683594 2.4332554010118715e-16
6.201333999633789 1.97561699919797e-16
6.204406261444092 1.4801106659880848e-16
6.207481861114502 1.2645620890844447e-16
6.210559844970703 1.2775501481905073e-16
6.21364164352417 1.263037165081591e-16
6.216725826263428 1.3060629977307612e-16
6.219813346862793 1.2656147922192042e-16
6.222903728485107 1.2744666835647056e-16
6.225997447967529 1.3264717271992615e-16
6.229094505310059 2.278595919870505e-16
6.232193946838379 1.3001757217006497e-16
6.235297203063965 1.2621759708022497e-16
6.238402843475342 1.2626074282097574e-16
6.241512298583984 1.2633943747573158e-16
6.244624137878418 1.9565492287640916e-16
6.247739791870117 1.6840739497556541e-16
6.250857830047607 1.5019087941878782e-16
6.253979682922363 1.5567737651594994e-16
6.25710391998291 1.2661238060809448e-16
6.260231971740723 1.2650265013675565e-16
6.263362884521484 1.2652354802775119e-16
6.266496658325195 4.440781454821891e-16
6.269633769989014 1.2660376469483413e-16
6.2727742195129395 1.2662802424783908e-16
6.2759175300598145 1.2665531459060843e-16
6.279064178466797 1.2668830917088195e-16
6.282214164733887 1.267281594240723e-16
6.285367012023926 1.2695343048337254e-16
6.288523197174072 1.2687882540956516e-16
6.291682243347168 1.268154170525293e-16
6.294844627380371 1.2688208119245617e-16
6.298010349273682 1.2689323820455828e-16
6.301178932189941 1.2690694955039196e-16
6.304350852966309 1.2715681103494218e-16
6.307526111602783 1.2708722198436932e-16
6.310704708099365 1.2697504305841733e-16
6.3138861656188965 1.8512369606874744e-16
6.317070960998535 1.2493288632725661e-16
6.320259094238281 1.2415704385224108e-16
6.323450088500977 1.2401647608766627e-16
6.3266448974609375 1.2404266793458214e-16
6.329842567443848 1.2406915094907364e-16
6.333043098449707 1.240951972122017e-16
6.336247444152832 1.241419957825375e-16
6.339454650878906 1.241667317915753e-16
6.342665672302246 1.3805263258683767e-16
6.345879554748535 1.2419677499142322e-16
6.349096775054932 1.2422005516258292e-16
6.352316856384277 1.242571525586947e-16
6.355540752410889 1.24377285653417e-16
6.358767509460449 1.2470154045353778e-16
6.361998081207275 1.2464198344943396e-16
6.365231513977051 1.2460740068238435e-16
6.368468284606934 1.2439799825595532e-16
6.371708393096924 1.2442539447784308e-16
6.3749518394470215 1.244287826096321e-16
6.378198623657227 1.2444180574119613e-16
6.381448268890381 1.549966399590433e-16
6.384701728820801 1.2525478531699285e-16
6.387958526611328 1.2561976387303085e-16
6.391218662261963 1.2458429256479207e-16
6.394481658935547 1.669471366442786e-16
6.3977484703063965 1.2451515350047243e-16
6.4010186195373535 1.2451708579438336e-16
6.40429162979126 1.2453119418691106e-16
6.407568454742432 1.2454501141186315e-16
6.410848617553711 1.245583918854518e-16
6.4141316413879395 1.24589612990492e-16
6.417418479919434 1.9506643350141443e-16
6.420708656311035 1.2459694511944168e-16
6.424002170562744 1.2460759920573136e-16
6.4272990226745605 1.2461990765324615e-16
6.430599212646484 1.2463222933565074e-16
6.433902740478516 1.2464126876538472e-16
6.4372100830078125 1.247065167721029e-16
6.440520286560059 1.247938670447885e-16
6.44383430480957 1.2467634122335697e-16
6.4471516609191895 2.3235918982154294e-16
6.450472354888916 1.2475841077501203e-16
6.45379638671875 1.2470422713616735e-16
6.457123756408691 1.2471088428573718e-16
6.460454940795898 1.247251382620527e-16
6.463789463043213 1.2473824080295554e-16
6.467127323150635 1.247518595045606e-16
6.470468521118164 1.2476658993690895e-16
6.473813056945801 1.2478001011516701e-16
6.477161407470703 1.2478830839107214e-16
6.480513095855713 1.2481361350037137e-16
6.48386812210083 1.2511149116511906e-16
6.487226963043213 1.257983951806729e-16
6.490589141845703 1.2493694943842547e-16
6.493954658508301 1.2485956503775991e-16
6.497323513031006 3.009788376560511e-16
6.500696182250977 1.2487107939188665e-16
6.504072189331055 1.249016122826572e-16
6.507452011108398 1.250450255485392e-16
6.51083517074585 1.2554044717845436e-16
6.514221668243408 1.2709876280827566e-16
6.517611980438232 1.253614982334571e-16
6.521005630493164 1.249652853374891e-16
6.524402618408203 1.2491913527675353e-16
6.527803421020508 1.2494257426659083e-16
6.531208038330078 1.250089472389421e-16
6.534615993499756 1.2499452120905916e-16
6.538027286529541 1.2501115746553883e-16
6.541442394256592 1.250355626023316e-16
6.54486083984375 1.2504867837812424e-16
6.548283100128174 1.2505710900292738e-16
6.551708698272705 1.2507856275929455e-16
6.555138111114502 1.2510369581502636e-16
6.558570861816406 1.2513413606156831e-16
6.562007427215576 1.2523109486424933e-16
6.5654473304748535 1.2521003815457618e-16
6.5688910484313965 1.2516301459111377e-16
6.572338581085205 1.2514662979754032e-16
6.575789451599121 1.3162976703626553e-16
6.5792436599731445 4.460221919752561e-16
6.582702159881592 1.2555079686227863e-16
6.5861639976501465 1.252976663599476e-16
6.589629173278809 1.2526439384698827e-16
6.5930986404418945 1.2526003956824379e-16
6.596571445465088 1.2528148008972116e-16
6.600047588348389 1.2530923365363354e-16
6.603528022766113 1.2532514199117416e-16
6.607011795043945 1.2534224146879686e-16
6.610498905181885 1.2536208056860833e-16
6.613990306854248 1.2538247553379143e-16
6.617485046386719 1.2541075849329585e-16
6.620983600616455 1.2542529040229718e-16
6.624485492706299 1.2544322367797733e-16
6.627991676330566 1.2549056487879496e-16
6.631501197814941 1.2556342294714863e-16
6.635014533996582 2.749733115187884e-16
6.638531684875488 1.2560779953265088e-16
6.64205265045166 1.2691575075210953e-16
6.6455769538879395 1.8137546939802875e-16
6.649105548858643 1.372973407193093e-14
6.652637481689453 7.707790179359688e-16
6.656173229217529 6.629041840263317e-16
6.659712791442871 2.7929198840970324e-16
6.6632561683654785 7.039779763089952e-16
6.666803359985352 1.2637971124539556e-16
6.670353889465332 1.2591494162025917e-16
6.673908710479736 1.2594441571984566e-16
6.677467346191406 1.8002004462885446e-16
6.681029319763184 2.1568295073978808e-16
6.684595584869385 7.174716346752298e-16
6.688165187835693 2.418246665400795e-15
6.691739082336426 1.801144226280243e-16
6.695316314697266 1.404286526481146e-16
6.698897838592529 1.2992999690425276e-16
6.702483177185059 1.2890007101484054e-16
6.706071853637695 1.340471328932803e-16
6.709664821624756 1.2652185396185668e-16
6.713261604309082 1.2657016130962977e-16
6.716862201690674 2.557725569121911e-16
6.720466613769531 2.7152350514329923e-16
6.724074840545654 1.3208102383891526e-16
6.727686882019043 1.741974739749794e-16
6.7313032150268555 1.2624999609045745e-16
6.734922885894775 1.325701456612852e-16
6.738546848297119 7.796790895743012e-15
6.7421746253967285 5.070865441482724e-16
6.7458062171936035 1.2658872986002036e-16
6.749441623687744 1.2640734569529974e-16
6.753081321716309 1.3006496631044181e-16
6.7567243576049805 1.2801566273878864e-16
6.760371685028076 1.2769907093986254e-16
6.764023303985596 1.2668466957618671e-16
6.767678260803223 1.267249301109609e-16
6.771337509155273 1.267967161532407e-16
6.77500057220459 1.5658555465408416e-16
6.77866792678833 1.2755367244051042e-16
6.782339096069336 1.2866515172087548e-16
6.786014080047607 1.343029633131307e-16
6.7896928787231445 1.5476174713485784e-16
6.7933759689331055 1.2813137538031746e-16
6.797062873840332 1.284362278319902e-16
6.800754070281982 1.2786253506379282e-16
6.804449081420898 1.347241769159325e-16
6.80814790725708 1.3957480373261286e-16
6.8118510246276855 1.2820578193077783e-16
6.815558433532715 1.2945818631774231e-16
6.81926965713501 1.2767543342667823e-16
6.82298469543457 1.28036904736919e-16
6.826704025268555 1.2877849531712994e-16
6.830427169799805 1.2814380294184045e-16
6.8341546058654785 1.2806006579407049e-16
6.837885856628418 1.2796384814521832e-16
6.841621398925781 1.2793978711556038e-16
6.845361232757568 1.2807871375379988e-16
6.849104881286621 1.2823282081064096e-16
6.8528523445129395 1.2906268810582356e-16
6.85660457611084 1.301225116112959e-16
6.860360622406006 1.2841322559351633e-16
6.8641204833984375 1.2827016966965895e-16
6.867884635925293 1.2857324864609838e-16
6.871653079986572 1.2958374571728296e-16
6.875425815582275 1.5480759279312798e-16
6.879202365875244 1.309991907117041e-16
6.882983207702637 1.284612417737138e-16
6.886767864227295 1.2857575004027074e-16
6.890557289123535 1.288013122671466e-16
6.894350528717041 1.2861290037594173e-16
6.898148059844971 1.286310983494179e-16
6.901949405670166 1.331533543152494e-16
6.905755519866943 1.40306944601506e-16
6.909565448760986 1.294640361390343e-16
6.913379669189453 1.2880476657338463e-16
6.917198181152344 1.288621662904509e-16
6.921020984649658 1.28854450349697e-16
6.924847602844238 1.2888420238196932e-16
6.9286789894104 1.2897070562170766e-16
6.932514190673828 1.2900313110171974e-16
6.936354160308838 1.291990868801111e-16
6.940197944641113 1.3033646683981642e-16
6.9440460205078125 1.2945535405132493e-16
6.9478983879089355 1.295342604643176e-16
6.951755046844482 1.2924959121959114e-16
6.955615997314453 1.2916888486158557e-16
6.959481716156006 1.2937720202705092e-16
6.963351249694824 1.2926801418619392e-16
6.967225074768066 1.3152707752630074e-16
6.971103191375732 1.353684116467684e-16
6.974985599517822 1.29868242908442e-16
6.978872776031494 1.3037427891997744e-16
6.982763767242432 1.2969159683427008e-16
6.986659049987793 1.296309810389822e-16
6.990559101104736 1.300319584952785e-16
6.9944634437561035 1.3063992962806007e-16
6.9983720779418945 1.3139778588783626e-16
7.002285003662109 1.2970234356478837e-16
7.006202220916748 1.295311237954348e-16
7.010124206542969 1.2957293281231567e-16
7.014050006866455 1.2971929745862325e-16
7.017980575561523 1.2970720076934528e-16
7.021915435791016 1.2966266536516542e-16
7.02585506439209 1.2962863846348744e-16
7.02979850769043 1.2964928489157677e-16
7.033746719360352 1.4118458984886965e-16
7.0376996994018555 1.2963759848388262e-16
7.041656494140625 1.2921057476445824e-16
7.045618057250977 1.3119481561785044e-16
7.049583911895752 1.2911221306345834e-16
7.053554534912109 1.2910433830402683e-16
7.057529449462891 1.299135459362303e-16
7.061508655548096 1.3588675610581863e-16
7.065492630004883 1.3552814353177484e-16
7.069481372833252 1.335277825826052e-16
7.073473930358887 1.311208458187535e-16
7.077471733093262 1.2945830543175052e-16
7.081473350524902 1.3274552118603625e-16
7.085479736328125 1.3005612540405485e-16
7.08949089050293 1.779068562441326e-16
7.093506336212158 1.3453494446155997e-16
7.097526550292969 1.292490221193297e-16
7.101551055908203 1.2997621313943732e-16
7.1055803298950195 1.9316406367633028e-15
7.109614372253418 1.2931229812746756e-16
7.11365270614624 1.4626836248428176e-16
7.1176958084106445 1.3071567290239033e-16
7.121743202209473 1.2987238542894967e-16
7.125795364379883 1.2947451817175656e-16
7.129852294921875 1.525460280588488e-16
7.133913516998291 1.2935865994643993e-16
7.137979507446289 1.2934598092201072e-16
7.142050266265869 1.295124228961462e-16
7.146125793457031 1.305295771169006e-16
7.150205612182617 1.7766291075532335e-16
7.154290199279785 1.3071738020317464e-16
7.158379554748535 1.360314531560113e-16
7.162473678588867 1.3056790535776385e-16
7.166572093963623 1.502357721649923e-16
7.170675754547119 6.949994270680996e-16
7.174783706665039 3.942063278555136e-16
7.178896427154541 1.3510351532740442e-16
7.183013916015625 2.155614544514163e-16
7.187136173248291 1.3588246800152315e-16
7.191263198852539 1.3370339633537266e-16
7.195394992828369 1.3864032786844435e-16
7.199531078338623 1.314342744790172e-16
7.203672409057617 1.2968905573542831e-16
7.207818508148193 1.301038636515665e-16
7.211969375610352 1.321255857128747e-16
7.216124534606934 1.3268014083042006e-16
7.220284938812256 1.298683223177808e-16
7.22445011138916 1.3013112752455625e-16
7.2286200523376465 1.3014153014793972e-16
7.232794761657715 1.3540925451669382e-16
7.236974239349365 2.3884256528828457e-16
7.241158962249756 1.2945749810347267e-16
7.24534797668457 1.2948842804093725e-16
7.249542236328125 1.442020653141243e-16
7.253741264343262 1.5443889523305594e-16
7.2579450607299805 1.306027792923891e-16
7.262153625488281 1.31075489851406e-16
7.266367435455322 1.486446869480241e-16
7.270585536956787 1.306061144846189e-16
7.274808883666992 1.4988261236554645e-16
7.2790374755859375 1.4290643577707024e-16
7.283270835876465 1.417357965392954e-16
7.287508964538574 1.2949414551333122e-16
7.291751861572266 1.3416243525322529e-16
7.296000003814697 1.299447802761603e-16
7.300252914428711 1.3083727506988052e-16
7.304510593414307 1.2959499537361368e-16
7.308773517608643 3.029880262767179e-16
7.313041687011719 1.339348745579895e-16
7.317314147949219 1.322563067194377e-16
7.321592330932617 1.293723051178246e-16
7.3258748054504395 1.2964228363487212e-16
7.33016300201416 1.566145125929684e-16
7.334455966949463 1.3429567088885043e-16
7.338753700256348 1.2975658014319224e-16
7.343056678771973 1.2974768629724607e-16
7.347364902496338 1.3180606900330263e-16
7.351677894592285 1.296949982009489e-16
7.355996131896973 1.2935741586679865e-16
7.360319137573242 1.2957448129442237e-16
7.364647388458252 1.3129500373364287e-16
7.368980884552002 1.431507783125735e-16
7.373319149017334 1.3135272108806437e-16
7.3776631355285645 1.333996953191126e-16
7.382011890411377 1.296435938889624e-16
7.3863654136657715 1.3171750112075535e-16
7.3907246589660645 1.301880507855897e-16
7.3950886726379395 1.296732797467857e-16
7.399457931518555 1.30136527359595e-16
7.40383243560791 1.2970853749321516e-16
7.408212184906006 1.2953790005901282e-16
7.412596702575684 1.2969600405257376e-16
7.41698694229126 1.305981603158486e-16
7.421381950378418 1.299585048568838e-16
7.425782680511475 1.296216107370032e-16
7.430188179016113 1.2964585705511835e-16
7.43459939956665 1.2977959561655592e-16
7.4390153884887695 1.5464079347696788e-16
7.443436622619629 1.3495548308498193e-16
7.4478631019592285 1.3439420464341775e-16
7.452295303344727 1.300068783791059e-16
7.456732273101807 1.3738199425084908e-16
7.461174964904785 1.3867251512044001e-16
7.465622425079346 1.3266222078962971e-16
7.470075607299805 1.7035440608394783e-16
7.474534034729004 5.013397961780664e-16
7.478997707366943 2.540957757837624e-16
7.483467102050781 1.2965632585295082e-16
7.487941265106201 1.3631572535404373e-16
7.4924211502075195 1.322393660604926e-16
7.496906280517578 1.710185460890442e-16
7.501396656036377 1.296250385734616e-16
7.505892276763916 1.2977342815790872e-16
7.5103936195373535 1.2955588627425218e-16
7.514900207519531 1.2944192063817707e-16
7.519412517547607 1.3041656439289115e-16
7.523930072784424 1.3004181848818013e-16
7.5284528732299805 1.291007648837806e-16
7.5329813957214355 1.2956526981112098e-16
7.537515163421631 1.2986732970104574e-16
7.542054176330566 1.3248062486667227e-16
7.5465989112854 1.3381581348934107e-16
7.551149368286133 1.3021829250878464e-16
7.5557050704956055 1.2979068645420903e-16
7.560266494750977 1.295700873110085e-16
7.564833164215088 1.2989865668520435e-16
7.5694050788879395 1.3218344865108402e-16
7.573983192443848 1.2949287496391034e-16
7.578566551208496 1.3082347107981824e-16
7.583155155181885 1.3406339857284554e-16
7.587749481201172 1.3006978381032932e-16
7.592349529266357 1.3078154294892915e-16
7.596955299377441 1.311800322459429e-16
7.601566314697266 1.3172868460263707e-16
7.606183052062988 1.308011702905038e-16
7.610805511474609 1.3151723076828891e-16
7.615433692932129 1.3275780316377144e-16
7.620067119598389 1.301193881773029e-16
7.624706745147705 1.2995838574287558e-16
7.629351615905762 1.3062820351569652e-16
7.634002208709717 1.3184704422212606e-16
7.63865852355957 1.3730010998765123e-16
7.643320083618164 1.3184819565753873e-16
7.6479878425598145 1.3033421690855027e-16
7.652661323547363 1.306870855404205e-16
7.6573405265808105 1.3022464525588905e-16
7.662024974822998 1.3772128388578363e-16
7.666715621948242 1.3077421081997948e-16
7.671411991119385 1.3089750705336418e-16
7.676114082336426 1.4632009766851327e-16
7.680821895599365 2.8668317143766466e-16
7.685535430908203 1.372261269536645e-16
7.6902546882629395 1.3082545631328837e-16
7.694979667663574 1.41074382921498e-16
7.699710845947266 1.3861179344603372e-16
7.7044477462768555 1.345558555874453e-16
7.709190368652344 1.4604821332733444e-16
7.7139387130737305 1.3749536431688315e-16
7.718693256378174 1.3690848959844413e-16
7.723453044891357 1.4066796592549353e-16
7.728219509124756 1.4201613797505696e-16
7.7329912185668945 1.761943938528008e-16
7.73776912689209 1.371390016741055e-16
7.742552757263184 1.3262861740442536e-16
7.747342586517334 1.5265136454677375e-16
7.752138137817383 2.0538999165321104e-16
7.756939888000488 7.950801284948986e-16
7.761747360229492 1.656977895168581e-16
7.7665605545043945 1.5636835687756243e-16
7.7713799476623535 1.4474370317922402e-16
7.776205539703369 1.4871750531170836e-16
7.781036853790283 1.314499181187618e-16
7.785874366760254 1.3851142004178409e-16
7.790717601776123 1.3082933413600001e-16
7.795567035675049 1.354294377236401e-16
7.800422668457031 1.3325216600250253e-16
7.80528450012207 2.454726362735788e-16
7.810152053833008 1.3423353308123545e-16
7.815025806427002 1.3379328770690002e-16
7.8199052810668945 1.3333816631642845e-16
7.824791431427002 1.3143850964375347e-16
7.829683303833008 1.4361170981966765e-16
7.83458137512207 1.5730350772111078e-16
7.8394856452941895 1.2875008000872752e-16
7.844396114349365 1.3356122714913195e-16
7.849312782287598 9.386658185212178e-16
7.8542351722717285 1.2983958937202316e-16
7.859164237976074 1.454282381495035e-16
7.864099502563477 2.4599763788219885e-16
7.869040489196777 1.295920572280779e-16
7.873988151550293 4.636644059589055e-16
7.878942012786865 1.4714939586343444e-16
7.883901596069336 1.3499190550171386e-16
7.8888678550720215 1.3567191413968145e-16
7.893840312957764 1.480363452383281e-16
7.8988189697265625 2.277019644495224e-16
7.903804302215576 1.5684551435955242e-16
7.908795356750488 1.3940816323513037e-16
7.913793087005615 1.2907379217836647e-16
7.918797016143799 1.323078830849916e-16
7.923807144165039 1.3436774809870585e-16
7.928823947906494 1.4361520383057507e-16
7.933846950531006 1.755392006332098e-16
7.938876152038574 1.2964017928739378e-16
7.943912029266357 1.4075576618443236e-16
7.948954105377197 1.3130564458504275e-16
7.954002857208252 1.3761960022744371e-16
7.959057807922363 1.293176582578369e-16
7.964118957519531 1.291710421486231e-16
7.969186782836914 1.290101720630938e-16
7.974261283874512 1.2890483557516884e-16
7.979341983795166 1.4668899375193232e-16
7.984428882598877 1.905109050226236e-16
7.989522933959961 1.3342575481713046e-16
7.994622707366943 1.6005418104287012e-16
7.999729633331299 1.4362007427002178e-16
8.004842758178711 1.383558042075057e-16
8.009963035583496 1.4269715246464942e-16
8.01508903503418 1.362949201072768e-16
8.020221710205078 1.8930126256460565e-16
8.025361061096191 1.2975009504718983e-16
8.03050708770752 1.291710289137333e-16
8.035659790039062 1.3082979735714304e-16
8.04081916809082 1.3323846789155866e-16
8.045985221862793 1.29522004956362e-16
8.05115795135498 1.2941691993134327e-16
8.056337356567383 1.4164299349201184e-16
8.0615234375 1.4273456749811642e-16
8.066715240478516 1.3077234470051756e-16
8.071914672851562 1.5259974847655044e-16
8.077120780944824 1.3035422806192916e-16
8.0823335647583 1.4238417379063895e-16
8.087553024291992 1.2881809410741408e-16
8.092779159545898 3.976569018546112e-16
8.09801197052002 1.6548170347107966e-16
8.103251457214355 1.2874286699378606e-16
8.108498573303223 1.4697990986464477e-16
8.113751411437988 1.2877706594903145e-16
8.119011878967285 1.3270052256071337e-16
8.124279022216797 1.3140339748111182e-16
8.129552841186523 1.431568928316615e-16
8.134833335876465 1.5157232398131058e-16
8.140120506286621 1.2904793120369561e-16
8.145415306091309 1.357975926532303e-16
8.150715827941895 1.2897998327945806e-16
8.156023979187012 1.3382362207432357e-16
8.16133975982666 1.5415824939482895e-16
8.166661262512207 2.481293021730827e-16
8.171990394592285 1.400713900328305e-16
8.177326202392578 1.3532539825491564e-16
8.182668685913086 1.6220903286068506e-16
8.188018798828125 1.3422213784111691e-16
8.193375587463379 1.3094087778724156e-16
8.198740005493164 1.294051011747511e-16
8.204110145568848 1.288622192300101e-16
8.209488868713379 1.2905264282446472e-16
8.214873313903809 1.3889930819206735e-16
8.22026538848877 1.2868315117100463e-16
8.225665092468262 1.2755154162325249e-16
8.231070518493652 1.967133302486728e-16
8.23648452758789 1.4185942364492511e-16
8.241905212402344 1.3553731531040683e-16
8.247332572937012 1.3183815037617989e-16
8.252767562866211 1.4891236259424625e-16
8.258209228515625 1.4730564697242325e-16
8.26365852355957 1.368551397576569e-16
8.26911449432373 1.54751966551295e-16
8.274578094482422 1.3792065426574361e-16
8.280049324035645 1.3225265388985266e-16
8.285527229309082 1.395397974490896e-16
8.291011810302734 1.295594332247188e-16
8.296504974365234 1.4568483619296235e-16
8.30200481414795 3.964492975696226e-16
8.307511329650879 1.291211069094045e-16
8.313026428222656 1.311739971361937e-16
8.318548202514648 4.438392557212838e-16
8.324076652526855 1.3809070936479472e-16
8.32961368560791 1.4018592476916703e-16
8.33515739440918 1.9847466908803912e-16
8.340707778930664 1.284891938609732e-16
8.346266746520996 1.3318804296141742e-16
8.351832389831543 1.3024938126492684e-16
8.357406616210938 1.342904298724893e-16
8.362987518310547 1.6050335996782111e-16
8.368575096130371 1.5069786834238892e-16
8.374171257019043 1.639535236853349e-16
8.37977409362793 1.35546142981904e-16
8.385385513305664 1.6738351743079218e-16
8.391003608703613 1.303594426085107e-16
8.396629333496094 1.3496944589372182e-16
8.402262687683105 1.2734559350306148e-16
8.407903671264648 2.1251270494156225e-16
8.413552284240723 2.625803195279515e-16
8.419208526611328 5.846284505903751e-15
8.424872398376465 2.9718707878579947e-15
8.430543899536133 2.417503764566494e-16
8.436223030090332 2.0874066870409184e-16
8.441908836364746 1.4265912862625158e-16
8.447603225708008 2.0030005155915174e-16
8.4533052444458 1.7254525680202108e-16
8.459015846252441 2.78975939241259e-16
8.464733123779297 1.3421802179038885e-16
8.470458030700684 1.55397789468907e-16
8.476190567016602 1.357724463626087e-16
8.481931686401367 1.3845492029722426e-16
8.487680435180664 1.3151335294557726e-16
8.493436813354492 1.6386897920928707e-16
8.499200820922852 1.2852467660052927e-16
8.504972457885742 1.3499766267877723e-16
8.510751724243164 1.716362183960498e-16
8.516539573669434 1.4999606184091933e-16
8.522335052490234 2.1905615357310993e-16
8.528139114379883 1.516693092537712e-16
8.533949851989746 1.3716569644683382e-16
8.539769172668457 1.3179807512986292e-16
8.5455961227417 1.8333780650880055e-16
8.551431655883789 2.356372602669763e-16
8.55727481842041 1.431524326737986e-16
8.563125610351562 1.3206213765116944e-16
8.568984985351562 1.2787222300312704e-16
8.574851989746094 9.8612083939114e-16
8.580726623535156 1.4351614068041572e-16
8.586609840393066 1.5413387072781579e-16
8.592501640319824 1.3115568004870933e-16
8.598401069641113 1.3957750365013223e-16
8.604308128356934 2.6497750217802e-16
8.610223770141602 1.3641931483651497e-16
8.616147994995117 2.6439786694430203e-16
8.622079849243164 1.3651529425735072e-16
8.628019332885742 1.4086042769297747e-16
8.633968353271484 1.6687176394686277e-16
8.639924049377441 2.593464800842326e-16
8.645889282226562 1.598479682248831e-16
8.651862144470215 1.2915477646905786e-16
8.657843589782715 1.6092089427125828e-16
8.663832664489746 2.0185532316431884e-16
8.669830322265625 1.4085598077000439e-16
8.675836563110352 1.3788059225431645e-16
8.681851387023926 1.401197503201628e-16
8.687873840332031 1.4312661140379715e-16
8.693904876708984 1.527769239463144e-16
8.699944496154785 1.4686832650873382e-16
8.705992698669434 2.632729277810095e-16
8.712048530578613 3.4053119994676827e-16
8.71811294555664 1.8575862667205334e-16
8.724186897277832 1.6039912197574963e-16
8.730268478393555 2.594539473894155e-16
8.736358642578125 2.304479393854024e-16
8.742456436157227 1.8139454087423177e-16
8.748563766479492 1.5159518063599664e-16
8.754679679870605 1.6436365968537338e-16
8.760804176330566 1.3068311507348024e-16
8.766937255859375 1.8066246617978764e-16
8.773077964782715 1.409825460211699e-16
8.779228210449219 1.2831688883065595e-16
8.78538703918457 1.4217978738744445e-16
8.79155445098877 1.3955414406963373e-16
8.797730445861816 1.5239603705273578e-16
8.803915023803711 1.4346351875856755e-16
8.810108184814453 1.492733574484542e-16
8.816309928894043 4.2702790164955207e-16
8.822521209716797 3.539985738218584e-16
8.828741073608398 1.926965676638949e-16
8.834968566894531 1.387143241373209e-16
8.841206550598145 1.4874908375877319e-16
8.847452163696289 2.1440790145637435e-16
8.853707313537598 1.3031840121523826e-16
8.859970092773438 3.277496051215989e-16
8.866243362426758 1.369299301199215e-16
8.87252426147461 1.455077798372066e-16
8.878814697265625 1.7271123555501352e-16
8.885113716125488 1.4080600582611638e-16
8.891422271728516 1.829719279802561e-16
8.89773941040039 1.965089967850375e-16
8.904065132141113 2.563392748934634e-16
8.910400390625 1.2792521550188964e-16
8.916744232177734 1.4604976180944114e-16
8.923097610473633 1.3499754356476902e-16
8.929459571838379 2.4231148284464615e-16
8.935831069946289 1.5889743843938616e-16
8.942212104797363 1.869044107867822e-16
8.948601722717285 1.4335607792316426e-16
8.954999923706055 1.720541232764014e-16
8.961407661437988 1.5494277395755384e-16
8.967824935913086 1.5925484663845807e-16
8.974250793457031 8.414130954075049e-16
8.98068618774414 1.766760511973231e-16
8.987131118774414 1.349160431133754e-16
8.993584632873535 1.5185999754602182e-16
9.00004768371582 1.7192537426841874e-16
9.00652027130127 1.470863448484232e-16
9.013002395629883 1.3795495910010741e-16
9.019493103027344 1.488771048478168e-16
9.025994300842285 1.892022391191157e-16
9.032504081726074 1.49566841129788e-16
9.039023399353027 1.921318481509825e-16
9.045552253723145 3.7463168761204234e-16
9.05208969116211 2.827030959674147e-16
9.058637619018555 1.39761137746119e-16
9.065195083618164 9.846079326682254e-16
9.071761131286621 1.5329595661963427e-16
9.078337669372559 1.4551156501568964e-16
9.084922790527344 1.294999556299538e-16
9.09151840209961 1.3856503458036732e-16
9.098122596740723 1.5887811550027692e-16
9.104737281799316 4.1959741099888213e-16
9.111361503601074 2.431046762601906e-16
9.117995262145996 1.5162137248291252e-16
9.124638557434082 1.9550780384138293e-16
9.131291389465332 1.4271364313734128e-16
9.137953758239746 1.920132105988077e-16
9.14462661743164 1.5824834650399335e-16
9.151308059692383 2.420766958995791e-16
9.157999992370605 2.956247953360159e-16
9.164702415466309 1.8836346474309713e-16
9.17141342163086 3.573155124916589e-15
9.17813491821289 3.246239476671121e-16
9.184865951538086 3.3057228947876464e-16
9.191607475280762 7.355301653524547e-16
9.198358535766602 3.017633225141066e-16
9.205119132995605 1.4294848302196753e-16
9.21189022064209 1.901646803054334e-16
9.218670845031738 4.019577910536337e-16
9.225461959838867 3.6812104827231096e-16
9.23226261138916 7.86809804677026e-16
9.239073753356934 1.884271642677086e-16
9.245894432067871 2.1424312707835378e-16
9.252725601196289 2.727851077786753e-16
9.259567260742188 1.7299356222424522e-16
9.26641845703125 1.462330782680727e-16
9.273280143737793 1.5470295775436247e-16
9.2801513671875 3.551211042352072e-16
9.287033081054688 1.7368509845122935e-16
9.293925285339355 2.332587652813066e-16
9.300827026367188 1.4811220762666656e-16
9.307740211486816 1.6588723372946745e-16
9.31466293334961 1.7190252026071063e-15
9.321596145629883 2.29053379047087e-16
9.32853889465332 1.6089405391474216e-16
9.335493087768555 2.4644060964383325e-16
9.342456817626953 1.5241472471713458e-16
9.349431991577148 1.276265569786437e-16
9.356416702270508 1.2705286421044632e-16
9.363411903381348 4.633722854712212e-16
9.370417594909668 1.3138699945264856e-16
9.377433776855469 1.2828222665426753e-16
9.384461402893066 2.294692986939685e-16
9.391498565673828 1.620115021304074e-16
9.39854621887207 1.332016351932429e-16
9.40560531616211 2.7495729730212936e-16
9.412673950195312 1.7201910375798835e-16
9.419754028320312 1.918056875267304e-16
9.426844596862793 1.3619307763025926e-16
9.433945655822754 1.710965392946406e-16
9.441057205200195 2.4097507131815975e-15
9.448180198669434 1.365928639464735e-16
9.455313682556152 1.6120774727280187e-16
9.462457656860352 2.593820554680173e-16
9.469612121582031 2.2813048371149425e-16
9.476778030395508 1.3214387633057948e-16
9.483954429626465 4.522897063893459e-16
9.491142272949219 1.982497686056533e-16
9.498340606689453 1.5738233472476463e-16
9.505550384521484 4.716526678053424e-16
9.512770652770996 3.6913150563882614e-16
9.520001411437988 1.450008835578341e-16
9.527243614196777 1.4304202722307993e-16
9.534497261047363 1.3029202407986517e-16
9.54176139831543 1.7818874616200086e-16
9.549036979675293 3.387549453865964e-16
9.556323051452637 4.0582049952112974e-16
9.563620567321777 2.6393009299918084e-16
9.570929527282715 1.6209774067234972e-16
9.57824993133545 1.485559867165788e-16
9.585580825805664 1.3916705001273852e-16
9.592923164367676 1.4863816214735228e-16
9.600276947021484 1.7134045831367024e-16
9.60764217376709 1.9629336072551229e-16
9.615017890930176 1.430788599213957e-16
9.622406005859375 1.3653297607012465e-16
9.629804611206055 1.4702301590072613e-16
9.637214660644531 1.423709521357279e-16
9.644637107849121 2.1808434208481323e-16
9.652070045471191 1.3901635755746606e-16
9.659514427185059 3.0849016701362463e-16
9.666970252990723 1.9564058949075484e-16
9.6744384765625 1.5425211123329657e-16
9.681917190551758 1.4910057596210412e-16
9.689408302307129 3.1982457957863044e-16
9.696910858154297 7.952391059911864e-16
9.704424858093262 5.9024802715146275e-16
9.711950302124023 3.6761584605883297e-16
9.719488143920898 2.1833014045819459e-16
9.727036476135254 7.554945201610017e-16
9.734597206115723 4.848906281006247e-16
9.742170333862305 1.400997391667839e-16
9.749754905700684 1.4757193295521632e-16
9.75735092163086 1.3462405497458908e-16
9.764958381652832 1.7064757212792642e-16
9.772578239440918 1.6530788966332511e-16
9.780210494995117 2.881080661434036e-16
9.787854194641113 1.6608829817532194e-16
9.795509338378906 1.384056335676059e-16
9.803177833557129 1.698328587815658e-16
9.810856819152832 2.40299991353154e-16
9.818549156188965 7.183620780610309e-16
9.826252937316895 1.3380404767230811e-16
9.833968162536621 1.7380016258315792e-16
9.841696739196777 1.749383498711411e-16
9.84943675994873 3.0524290739164766e-16
9.857189178466797 1.1489629235007792e-15
9.864953994750977 2.1686441611742002e-16
9.872730255126953 1.5053429833934023e-16
9.88051986694336 1.7237059596131928e-16
9.888320922851562 1.5626100868638775e-16
9.896134376525879 2.182338036953342e-16
9.903960227966309 1.5249531196113194e-16
9.911799430847168 1.4403787327125497e-16
9.919650077819824 2.0396901447485314e-16
9.927513122558594 1.5267486971106006e-16
9.935389518737793 1.4432919966555124e-16
9.943277359008789 2.38649547655429e-16
9.951178550720215 1.3908652894319015e-16
9.959091186523438 1.478742972476065e-16
9.96701717376709 2.0073657792945312e-16
9.974956512451172 5.265364323204808e-16
9.98290729522705 1.3285759423286984e-16
9.99087142944336 4.81464379828981e-16
9.998847961425781 1.647303587770855e-16
10.006837844848633 1.7316463640981098e-16
10.014840126037598 1.8084934282377562e-16
10.022854804992676 7.235122501385739e-16
10.030882835388184 4.816220338362887e-16
10.038923263549805 1.7069953230528455e-16
10.046977043151855 1.6330586111804057e-16
10.05504322052002 1.651641719949777e-16
10.063122749328613 1.8271685194912434e-16
10.071215629577637 1.4851171601019497e-16
10.079320907592773 2.1060546467703138e-16
10.08743953704834 1.8601353064961768e-16
10.095571517944336 1.681981778375936e-16
10.103715896606445 1.7120522420968517e-16
10.1118745803833 4.1390267614559346e-16
10.12004566192627 3.2369009384276425e-16
10.128230094909668 2.2105287492758433e-16
10.13642692565918 1.7390866220974528e-16
10.144638061523438 4.2918963561006346e-16
10.152862548828125 1.777558858561743e-16
10.161100387573242 1.6330232740246374e-16
10.169350624084473 2.6501418929254794e-16
10.17761516571045 1.8147409579682467e-16
10.185893058776855 1.6355316826885923e-16
10.194184303283691 1.4091167318628636e-16
10.202488899230957 1.6100105799878202e-16
10.210807800292969 1.721931954984287e-16
10.219139099121094 1.5325964008202074e-16
10.227484703063965 1.2872595280462057e-16
10.235843658447266 1.580008461237836e-15
10.244216918945312 1.397924514953878e-16
10.252603530883789 1.35446391617475e-16
10.261003494262695 1.35661842388543e-16
10.269417762756348 1.429571783445667e-16
10.27784538269043 1.6466520341459591e-16
10.286287307739258 1.8140036422574415e-16
10.294742584228516 1.4991277467940259e-16
10.30321216583252 1.2848791007666251e-16
10.311695098876953 1.5518887673340062e-16
10.32019329071045 1.5220385321793766e-16
10.328704833984375 1.296794075007635e-16
10.33722972869873 1.3156577634407842e-16
10.345769882202148 1.2795177792571994e-16
10.354323387145996 1.9753120673369584e-16
10.36289119720459 6.761287506131355e-16
10.37147331237793 1.4554748450660914e-16
10.380069732666016 4.706343753840651e-16
10.388679504394531 1.4111875950700023e-16
10.39730453491211 2.6135921565536603e-16
10.405943870544434 1.261729557969267e-16
10.414597511291504 1.296468629067432e-16
10.42326545715332 1.2689695720859232e-16
10.431947708129883 1.9145352034401962e-16
10.440644264221191 1.4371836979657269e-16
10.449356079101562 8.013326610137339e-16
10.458081245422363 1.6836775648061187e-16
10.466822624206543 2.8404379030424066e-16
10.475577354431152 3.334684010045455e-16
10.484347343444824 1.830500932394199e-16
10.493131637573242 1.4727396264624002e-16
10.501931190490723 4.857474019267724e-16
10.51074504852295 1.637727218557655e-16
10.519573211669922 1.222075710543557e-16
10.528417587280273 1.3107133409600853e-16
10.537275314331055 1.0822854428049864e-15
10.546149253845215 2.51934041823251e-16
10.555037498474121 1.9296559326887675e-16
10.56394100189209 4.788421246429593e-16
10.572858810424805 1.6165693943264266e-16
10.581792831420898 2.1047220257162664e-16
10.590741157531738 1.411947807140163e-16
10.59970474243164 7.890419482512779e-16
10.608683586120605 1.2949328524549416e-15
10.617677688598633 1.390368901655031e-15
10.626687049865723 1.4317761866908962e-16
10.635712623596191 1.2406568340794582e-16
10.644752502441406 2.441234980770599e-16
10.653807640075684 4.656596450057222e-16
10.66287899017334 2.451091003205291e-16
10.671964645385742 3.772862888687373e-16
10.681066513061523 7.592863160889448e-16
10.690183639526367 1.6377507766615005e-16
10.69931697845459 2.5626815059567366e-16
10.708465576171875 2.5447233486837614e-16
10.717629432678223 2.9211739072011343e-16
10.72680950164795 3.050063205015677e-16
10.736004829406738 1.3621152706664165e-16
10.745216369628906 1.7379621858599727e-16
10.754444122314453 1.5971149004125675e-16
10.763687133789062 3.576533092310239e-16
10.77294635772705 6.489996088015603e-16
10.782220840454102 1.511717965112675e-16
10.791511535644531 3.431022096394811e-16
10.80081844329834 3.30265637082079e-16
10.810141563415527 4.012511802871664e-16
10.819480895996094 1.856205788304966e-15
10.828836441040039 1.585718733851751e-16
10.838208198547363 1.997018345401534e-16
10.84759521484375 2.1781372829305528e-16
10.856999397277832 1.5754041224854597e-16
10.866419792175293 2.148750268918953e-16
10.875856399536133 2.5785149340210836e-16
10.885309219360352 2.073671915452292e-16
10.894779205322266 1.4398335876016527e-16
10.904265403747559 1.623579518407242e-16
10.91376781463623 3.9675923221897886e-16
10.923286437988281 2.262716169691855e-16
10.932822227478027 1.3732276811899029e-16
10.942375183105469 1.4376152877221325e-16
10.951944351196289 1.9828462930538874e-16
10.961529731750488 1.592070554513872e-16
10.971132278442383 1.2985375070411007e-16
10.980751991271973 9.934916142190285e-16
10.990388870239258 6.00475050017052e-16
11.000041961669922 4.3890309181182055e-16
11.009712219238281 4.817565003166653e-16
11.019399642944336 6.57272050201801e-16
11.029104232788086 9.142347413444436e-16
11.038825035095215 3.008972313255391e-16
11.048563957214355 1.9816024781104036e-16
11.058320045471191 1.4769676443581793e-16
11.068092346191406 2.1640201553755798e-16
11.077882766723633 1.8214953839781097e-16
11.087690353393555 2.8889480093272524e-16
11.097516059875488 1.5033470296625364e-16
11.1073579788208 1.7105774783263432e-16
11.117218017578125 2.014304037923728e-16
11.127096176147461 7.621366348960147e-16
11.136990547180176 3.743172266303742e-16
11.146903991699219 1.6338410578654319e-16
11.15683364868164 1.7841205845761058e-16
11.16678237915039 1.4679717574116446e-16
11.17674732208252 3.8762930230854117e-16
11.186731338500977 3.2089160286415445e-16
11.196732521057129 2.499730282014593e-16
11.206751823425293 1.3071163626100107e-16
11.216789245605469 2.9447637747821666e-16
11.226844787597656 2.9893309426975436e-16
11.236918449401855 3.1651945701844416e-16
11.24700927734375 1.6967666061213618e-16
11.257119178771973 1.0610621852785826e-15
11.267247200012207 3.0329618745084086e-16
11.277393341064453 1.449650170064738e-16
11.287557601928711 3.6255170076499553e-16
11.29773998260498 3.787181980660707e-16
11.307941436767578 2.7767892004077583e-16
11.318160057067871 5.097021818893936e-16
11.328398704528809 2.056915539112793e-15
11.338654518127441 3.5175925693733446e-16
11.348930358886719 2.860941129624085e-16
11.359223365783691 1.2975689778054746e-16
11.369536399841309 1.7904553322303839e-16
11.379867553710938 1.371279505411218e-16
11.390216827392578 1.8184230366597408e-16
11.400586128234863 4.720689844989179e-16
11.41097354888916 1.6567826805440186e-16
11.421380043029785 1.600838483718477e-15
11.431805610656738 1.0248238923335571e-15
11.44225025177002 4.564040630515153e-16
11.452713966369629 2.2325917076205517e-16
11.463197708129883 3.485463286195009e-16
11.473699569702148 2.0685171905726574e-16
11.484220504760742 1.508020798646808e-16
11.49476146697998 7.536055308095062e-16
11.505321502685547 2.6224095048367816e-16
11.515901565551758 2.4537533336376296e-16
11.526500701904297 1.989448306072804e-15
11.537118911743164 5.801638352166043e-16
11.547757148742676 4.2350252405330008e-16
11.558414459228516 3.6890375965513314e-16
11.569091796875 4.116192341384735e-16
11.579789161682129 2.351975707580125e-16
11.590506553649902 1.7180279271908328e-16
11.601243019104004 2.0013362281990607e-16
11.61199951171875 2.3796233923740974e-16
11.62277603149414 1.1965839892981428e-16
11.633573532104492 2.3930888339552766e-16
11.644390106201172 3.306133970464861e-16
11.655226707458496 1.2634469172698252e-16
11.666084289550781 2.0750049335530334e-16
11.676960945129395 2.9428121579321335e-16
11.687858581542969 2.1166429556576866e-16
11.698777198791504 2.0462264597744765e-16
11.709715843200684 3.3414128927180024e-16
11.720674514770508 2.15319838303212e-16
11.731654167175293 1.5685713988675349e-15
11.742653846740723 2.2675154054314385e-16
11.753674507141113 3.670081528587372e-16
11.764716148376465 3.6281076579191326e-15
11.775777816772461 1.847469914003459e-16
11.786861419677734 1.8898598101976983e-16
11.797965049743652 6.60852723167641e-16
11.809089660644531 1.970891878841271e-16
11.820235252380371 1.4121276692925566e-16
11.831402778625488 6.92350384465121e-16
11.84259033203125 4.576760418404952e-16
11.853799819946289 2.5030165051521437e-16
11.865030288696289 4.227339740025648e-16
11.87628173828125 5.046955818964103e-16
11.887555122375488 2.0114684627838963e-16
11.898849487304688 4.000779337761008e-16
11.910165786743164 1.4470468672409111e-16
11.921503067016602 2.805531675286057e-16
11.932862281799316 7.460781607654941e-16
11.944242477416992 4.57747563184979e-16
11.955645561218262 1.561511193963713e-16
11.967069625854492 4.1507862257417845e-16
11.978515625 1.4569293859249843e-15
11.989983558654785 2.817700891760141e-16
12.001473426818848 1.6287195525591976e-16
12.012986183166504 2.637653450909399e-16
12.024519920349121 2.1543394952307492e-16
12.036076545715332 3.6449370908503323e-16
12.04765510559082 6.018456022652686e-16
12.059255599975586 3.8025516581864324e-16
12.070878982543945 1.7566446886517484e-16
12.082525253295898 2.759769132123867e-16
12.094193458557129 2.9918103669528346e-16
12.105883598327637 1.5888520940121018e-16
12.117597579956055 4.459848695860177e-16
12.12933349609375 5.712152180024823e-15
12.141092300415039 2.204135794576221e-15
12.152873992919922 2.513679061771299e-16
12.164678573608398 8.803578703772447e-16
12.176506042480469 3.8868997284696076e-16
12.188356399536133 4.260312085684298e-16
12.20022964477539 5.753733345042892e-16
12.212126731872559 7.335787602606584e-16
12.22404670715332 2.0114213465762052e-16
12.235989570617676 3.6774787731948624e-16
12.247956275939941 2.5801002091214293e-16
12.259946823120117 2.0337599876754653e-16
12.271960258483887 1.548534199225524e-15
12.283997535705566 9.715901585875819e-15
12.29605770111084 2.552579049873953e-16
12.30814266204834 2.5794149065275413e-16
12.320250511169434 2.703657963928598e-16
12.332383155822754 4.970253809216674e-16
12.344538688659668 3.5360420057557274e-16
12.356719017028809 6.283435986520209e-16
12.36892318725586 4.65634339896423e-16
12.38115119934082 2.752823197258586e-16
12.393403053283691 1.8930208048079534e-15
12.405679702758789 4.460822254353928e-16
12.417981147766113 1.4437428828812477e-15
12.430306434631348 2.354094931074596e-15
12.442656517028809 3.205008295078946e-16
12.455031394958496 3.342779262741042e-16
12.467430114746094 1.0102656194317422e-15
12.479853630065918 3.9751097395966705e-16
12.492302894592285 1.4559743298071755e-16
12.504776000976562 1.271497250749428e-15
12.517273902893066 3.4657062427003024e-16
12.529797554016113 4.514239857776928e-16
12.542346000671387 4.259647164820703e-16
12.554920196533203 3.1732850583197003e-16
12.567519187927246 1.8229293842880317e-16
12.580142974853516 1.7185798750350874e-15
12.592792510986328 2.8018748752340825e-16
12.605467796325684 2.687448135598315e-16
12.618167877197266 4.971527005615515e-16
12.630894660949707 2.9059061383268755e-16
12.643646240234375 5.312251302604478e-16
12.656424522399902 5.184541498168987e-16
12.669227600097656 1.7482025494944812e-16
12.68205738067627 2.9962684072333524e-16
12.694912910461426 2.852546768418999e-16
12.707794189453125 3.456978891667827e-16
12.720702171325684 5.379504130429693e-16
12.733635902404785 2.6384268978693604e-16
12.746596336364746 2.945875505525438e-16
12.75958251953125 1.1247784387907744e-15
12.77259635925293 4.42023322961489e-16
12.785635948181152 3.247955512482699e-16
12.798702239990234 4.767313185384016e-16
12.811795234680176 6.515817358017058e-16
12.824915885925293 3.650309662016089e-15
12.838062286376953 3.664945597251255e-16
12.851236343383789 5.298270282656217e-15
12.864437103271484 4.502262176628042e-15
12.877665519714355 3.1807609181726075e-16
12.890920639038086 2.0256656614221644e-16
12.904203414916992 6.681252951132072e-16
12.917512893676758 1.6937120464948852e-15
12.930850982666016 1.3589690726629588e-15
12.944215774536133 4.3196128623215714e-16
12.957608222961426 6.078643007511025e-16
12.971029281616211 1.651444678910422e-15
12.984477043151855 4.967901704601267e-16
12.997953414916992 9.090281356967898e-16
13.011458396911621 8.252242311426663e-16
13.02499008178711 1.7352269311848314e-15
13.03855037689209 4.0183364778730176e-16
13.052139282226562 3.909214546767226e-16
13.065756797790527 1.3430957811105316e-15
13.079401969909668 4.462139390586908e-16
13.093076705932617 1.4821357364765126e-16
13.106779098510742 8.580023415585987e-16
13.12051010131836 2.598333916800058e-16
13.134270668029785 1.2101458073468518e-15
13.148059844970703 1.2240580058681485e-15
13.161877632141113 4.890433130036573e-16
13.175724983215332 1.0142007227464489e-15
13.189600944519043 1.6613064982268466e-16
13.203507423400879 1.363027816318185e-16
13.21744155883789 4.413483965212049e-16
13.231406211853027 1.0113474922636228e-15
13.245400428771973 5.817848974589714e-16
13.259424209594727 5.487372717471344e-16
13.273477554321289 9.187196749210367e-16
13.28756046295166 6.397940017912414e-16
13.30167293548584 2.1352681513766246e-16
13.315816879272461 4.0667221761937354e-16
13.329989433288574 8.679824543200633e-16
13.344192504882812 6.061168188413576e-16
13.358427047729492 6.955252757096669e-16
13.372690200805664 6.799750213474988e-16
13.386984825134277 1.6667496113552415e-15
13.401309967041016 8.230857905882044e-16
13.415666580200195 1.7451602453759602e-16
13.430052757263184 1.208301498983324e-15
13.444470405578613 1.8157495889199694e-15
13.458918571472168 2.4032876400358104e-15
13.473398208618164 4.511421885040532e-16
13.487909317016602 7.179146329066438e-16
13.502450942993164 5.473088142090611e-15
13.517024993896484 7.023583222589029e-15
13.53162956237793 1.2781274011440611e-15
13.546266555786133 9.605837489434885e-16
13.560934066772461 1.6365861063590258e-16
13.575634956359863 6.768097121631687e-16
13.59036636352539 4.3370998575176364e-16
13.605130195617676 5.705165005242922e-16
13.619926452636719 3.2800940600838954e-16
13.63475513458252 1.143191664514662e-15
13.649615287780762 1.5613938534307387e-15
13.664508819580078 2.084921042387421e-16
13.679433822631836 4.628847650705171e-16
13.694392204284668 1.8798934881914062e-15
13.709383010864258 1.693998555389294e-15
13.724407196044922 1.6173810901179127e-16
13.739463806152344 1.9547686066902854e-16
13.75455379486084 8.425560075511469e-16
13.76967716217041 8.502653837997004e-16
13.784832954406738 6.183378102043427e-16
13.800023078918457 3.521675215239551e-15
13.815245628356934 2.871458102455431e-16
13.8305025100708 9.583268296555294e-16
13.845793724060059 1.1420185238827148e-15
13.86111831665039 2.098023450941363e-16
13.876476287841797 1.497742318529673e-16
13.891868591308594 2.505702128990532e-16
13.907295227050781 1.2296997746924542e-15
13.92275619506836 3.5405521915020605e-16
13.938251495361328 4.0488656628744307e-16
13.953782081604004 7.678606717953225e-16
13.969346046447754 4.885847505418375e-16
13.984946250915527 2.9213022856322025e-16
14.000579833984375 1.2466670092962603e-15
14.016249656677246 7.017383153173364e-16
14.031953811645508 1.1274426750472444e-15
14.047693252563477 8.874247191957465e-16
14.063467979431152 5.783144446553929e-16
14.079277992248535 9.069176472295873e-16
14.095124244689941 2.617599151789765e-16
14.111005783081055 2.9489706168542643e-16
14.126923561096191 4.575073764048732e-16
14.142876625061035 7.77352734760491e-16
14.158865928649902 4.546124295493948e-16
14.17489242553711 2.2933499103226947e-16
14.190954208374023 1.720527203780825e-16
14.207052230834961 9.545127038215143e-15
14.223187446594238 2.986184744694086e-16
14.239358901977539 1.499409782295682e-16
14.25556755065918 2.007015769398858e-15
14.27181339263916 1.261125544068536e-15
14.288095474243164 7.150256152817962e-16
14.304415702819824 2.327908325175078e-16
14.320773124694824 2.665469218803842e-16
14.337166786193848 1.2179351223298024e-15
14.353599548339844 1.1734353729430709e-16
14.37006950378418 2.3994821327620337e-15
14.386576652526855 5.8483204554715955e-16
14.403122901916504 9.4809117764179e-16
14.419706344604492 6.50123939159922e-16
14.436327934265137 6.355865773839924e-16
14.452988624572754 1.3846799107439158e-15
14.469687461853027 1.9308589841716647e-16
14.486424446105957 3.8749983861650927e-16
14.50320053100586 2.2995861903968545e-16
14.520015716552734 3.883569036102326e-16
14.536870002746582 1.921433254474178e-15
14.553763389587402 5.218465697102114e-16
14.570695877075195 1.0658774617046049e-15
14.587668418884277 2.669834614855754e-16
14.604680061340332 1.6716270652935482e-16
14.621731758117676 3.436012973338711e-16
14.638822555541992 3.202843067107527e-16
14.655953407287598 2.216295587808767e-15
14.673125267028809 2.0371032531880576e-16
14.690337181091309 4.730449782123917e-16
14.707589149475098 1.7919573598738822e-16
14.724882125854492 1.0387122680532122e-15
14.742215156555176 3.9843447810019065e-16
14.759589195251465 7.866950846522323e-16
14.77700424194336 3.515551484668258e-16
14.794461250305176 1.108858308963342e-16
14.811958312988281 6.582653022115751e-16
14.829497337341309 4.976543558245629e-16
14.847078323364258 1.5910911726686093e-16
14.864701271057129 3.682995604659448e-16
14.882365226745605 6.735128481742182e-16
14.90007209777832 7.890649240199722e-16
14.91781997680664 4.488879691336134e-16
14.9356107711792 3.825193378262132e-16
14.953444480895996 1.0202052334304162e-15
14.971320152282715 7.96936030621892e-16
14.989239692687988 1.1653295323356432e-16
15.007201194763184 6.561229864813795e-15
15.025205612182617 1.4203730056384852e-16
15.043253898620605 5.731084742824496e-16
15.061345100402832 1.324403908016777e-16
15.079480171203613 2.0452923412523326e-15
15.09765911102295 1.2761663081129306e-16
15.11588191986084 1.7486722557335133e-16
15.134148597717285 2.668339337006054e-16
15.152459144592285 3.3723351539465007e-16
15.170814514160156 1.0447426132420708e-15
15.189214706420898 1.4124687324027245e-15
15.207658767700195 2.193176749955747e-16
15.22614860534668 1.819206542135951e-16
15.244683265686035 1.254550556694593e-16
15.263262748718262 2.094454133510972e-15
15.28188705444336 1.148274523942678e-16
15.300558090209961 1.154577507861434e-16
15.319273948669434 5.021678238235666e-16
15.338035583496094 5.439979106490098e-16
15.356843948364258 4.05025532630352e-16
15.37569808959961 2.6267111087198533e-16
15.394598007202148 1.944499655693807e-16
15.413544654846191 2.719882085939866e-16
15.432538986206055 2.712033796287963e-16
15.451579093933105 4.49357913600662e-16
15.470666885375977 2.335787849166911e-16
15.489801406860352 3.02992737897487e-16
15.508983612060547 4.1761781559181003e-16
15.528213500976562 1.3231333585958955e-16
15.547491073608398 1.161595969922824e-16
15.566816329956055 1.303361756722408e-16
15.586190223693848 1.3273109515615333e-16
15.605611801147461 1.4183920073330942e-16
15.625082015991211 2.212796071187186e-15
15.644600868225098 1.4080841457606014e-16
15.664168357849121 1.34179799428644e-16
15.683785438537598 1.1536980494341676e-16
15.703451156616211 1.4610034555825999e-16
15.723166465759277 1.6566151268391398e-16
15.742931365966797 1.289664439871918e-16
15.762746810913086 3.9330836705230563e-16
15.782610893249512 1.296622153789122e-16
15.802525520324707 1.3015035781943689e-16
15.822490692138672 1.3315570747865599e-15
15.842506408691406 2.1896128588301745e-16
15.86257266998291 9.49936544796502e-16
15.882689476013184 1.3174581055003937e-16
15.902857780456543 1.3516174884252815e-16
15.923077583312988 5.095817973317651e-16
15.94334888458252 1.1485783970125054e-16
15.963671684265137 1.2541802444779651e-16
15.98404598236084 1.3420125318501118e-16
16.004472732543945 3.690856282168205e-15
16.024951934814453 2.1136007838880636e-16
16.045482635498047 4.0496761675258347e-16
16.06606674194336 3.410458306957404e-15
16.08670425415039 1.4137376936368298e-16
16.107393264770508 1.9255534344878597e-15
16.128137588500977 1.748763047077547e-16
16.14893341064453 1.0015394860091284e-15
16.169784545898438 1.1981249275176556e-16
16.190689086914062 1.2561675955304605e-16
16.211647033691406 1.3465453492580043e-16
16.2326602935791 2.7201203139562815e-16
16.25372886657715 1.8208884319318428e-16
16.274850845336914 6.790409557649142e-16
16.29602813720703 4.3124080530117855e-16
16.317258834838867 5.533430133978297e-16
16.338546752929688 2.5554444035158367e-16
16.35988998413086 2.1133675851297727e-16
16.381290435791016 1.3962271403369193e-16
16.40274429321289 1.251948577359746e-16
16.424257278442383 1.2401517906846578e-16
16.445825576782227 1.7879635995275781e-16
16.467449188232422 1.4636063613597327e-16
16.489131927490234 1.1672556058483607e-16
16.5108699798584 1.4369082799089712e-16
16.53266716003418 1.1267925772602268e-16
16.554519653320312 1.1881586584509227e-16
16.576431274414062 1.6365908709193542e-16
16.59840202331543 1.2424248830079535e-16
16.62042999267578 1.5819584369615339e-16
16.64251708984375 1.2527825077660975e-16
16.664661407470703 1.990655142734184e-16
16.686866760253906 1.3750642868475666e-16
16.709129333496094 1.2319300124425748e-16
16.73145294189453 1.366630882717568e-16
16.753835678100586 3.286619919546898e-16
16.77627944946289 2.6382088398250016e-15
16.798782348632812 1.0958593310731937e-16
16.821346282958984 1.657101244341525e-16
16.843969345092773 9.933192430142622e-17
16.866655349731445 1.0008917175627157e-16
16.889402389526367 9.642185658435037e-17
16.91221046447754 1.1745052814345715e-16
16.93507957458496 9.452570715747261e-17
16.958009719848633 1.9155738775917668e-16
16.98100471496582 2.2058823765134595e-16
17.004060745239258 2.1716553633016893e-16
17.027179718017578 1.01972450252818e-16
17.05035972595215 3.2884097531040053e-15
17.073604583740234 2.6550417138275495e-16
17.096914291381836 3.0734766250458843e-15
17.12028694152832 1.0223390550083376e-16
17.143722534179688 1.0096056351820433e-16
17.16722297668457 1.0109760418464722e-16
17.190786361694336 4.635883847518894e-16
17.21441650390625 9.725137315495325e-17
17.23811149597168 1.1449140530733445e-16
17.261871337890625 1.3754477016050972e-16
17.28569793701172 1.1844280077138596e-16
17.309589385986328 9.608870132083851e-17
17.333545684814453 1.0087627050506273e-16
17.35757064819336 1.027961500893534e-16
17.38166046142578 1.3120308742397597e-16
17.405818939208984 8.654639606700803e-16
17.430044174194336 1.1246162319813752e-16
17.454336166381836 1.1437147073595916e-16
17.478696823120117 9.48577308379065e-17
17.503124237060547 1.0172016016598933e-16
17.527620315551758 1.2747254256603122e-16
17.552186965942383 1.0175612597902313e-16
17.576820373535156 9.572210149079991e-17
17.601524353027344 1.1313232770857512e-16
17.626296997070312 1.6192491683435228e-15
17.651140213012695 9.719394035066247e-17
17.676054000854492 1.0002747070002001e-16
17.70103645324707 9.619123201212569e-17
17.726091384887695 1.1382031698509263e-16
17.751216888427734 1.0151673990975029e-16
17.776412963867188 1.6193477418027596e-15
17.801681518554688 1.5919395291048437e-16
17.8270206451416 9.483937404575272e-17
17.852434158325195 1.123645320465585e-16
17.877918243408203 1.0683826410554483e-16
17.90347671508789 9.681527691857039e-17
17.929107666015625 9.633459233844848e-17
17.954811096191406 9.983288473272304e-17
17.9805908203125 9.519179269136972e-17
18.00644302368164 1.0695936334722259e-16
18.03236961364746 1.154299178128922e-16
18.05837059020996 1.1629047681752298e-16
18.084447860717773 1.0049791147543607e-16
18.110599517822266 1.4231522001477653e-16
18.13682746887207 9.69402341306251e-17
18.163131713867188 1.4935524171165205e-16
18.189512252807617 9.507121622783909e-17
18.21596908569336 1.0648930638361076e-16
18.242504119873047 1.2962219307215443e-16
18.269115447998047 1.2011068805386848e-16
18.295804977416992 9.558124917609438e-17
18.322572708129883 9.678054195028806e-17
18.34941864013672 9.544817897659175e-17
18.3763427734375 1.5002488743090557e-16
18.40334701538086 1.0530477712898992e-16
18.430429458618164 1.5288248542736596e-16
18.457592010498047 9.67000605854091e-17
18.48483657836914 9.65564885008495e-17
18.51215934753418 9.608213019805239e-17
18.53956413269043 2.2399656588219924e-16
18.56705093383789 1.3570613956470645e-16
18.59461784362793 1.423865957754725e-16
18.622268676757812 4.622140632070575e-15
18.649999618530273 9.338260972537333e-17
18.677814483642578 1.7094181019797889e-16
18.705711364746094 1.820625057624806e-16
18.733694076538086 1.2428562080665632e-16
18.76175880432129 1.0164218681272763e-16
18.789907455444336 9.851453750732582e-17
18.81814193725586 1.0179802102268772e-16
18.846460342407227 9.478172286578023e-17
18.87486457824707 1.1491844226164862e-16
18.90335464477539 1.0186254772791175e-16
18.931930541992188 1.2873953180155624e-16
18.960594177246094 7.699124608792803e-15
18.989343643188477 1.791083063053638e-16
19.018178939819336 2.0839445722179144e-16
19.047103881835938 1.645091640638439e-16
19.07611656188965 1.3393832886422752e-16
19.1052188873291 1.3602930910386357e-16
19.134408950805664 9.362115537914383e-17
19.16368865966797 1.0939647565982023e-16
19.193058013916016 9.505866293486298e-17
19.222517013549805 1.2403020066838975e-16
19.252065658569336 9.358762478583338e-17
19.281707763671875 9.899291259917749e-17
19.311439514160156 1.885096176311679e-16
19.341264724731445 9.999164385332912e-17
19.371179580688477 2.6058735688218055e-16
19.40118980407715 2.1622034020526173e-16
19.431291580200195 3.66302600883454e-16
19.46148681640625 9.384779624953846e-17
19.491777420043945 9.384252214595282e-17
19.52216148376465 9.428472628397877e-17
19.552640914916992 1.1932120040746827e-16
19.583215713500977 9.402596433603748e-17
19.6138858795166 1.0250995221485496e-16
19.644651412963867 1.3948474030751808e-16
19.675514221191406 9.351545493174935e-17
19.70647430419922 9.945358602592052e-17
19.737533569335938 9.390438202088198e-17
19.768688201904297 9.837767551189525e-17
19.799943923950195 1.6376413241228475e-16
19.831296920776367 2.529696719501674e-16
19.862749099731445 9.509578680075436e-17
19.894302368164062 1.0313178027725802e-16
19.925954818725586 9.732647453712816e-17
19.95771026611328 9.499939048088988e-17
19.989564895629883 9.436434076357577e-17
20.021522521972656 9.567252359360593e-17
20.05358123779297 1.0687771731204116e-16
20.085744857788086 9.595230916399587e-17
20.118009567260742 9.612889568116369e-17
20.150379180908203 9.50573791505523e-17
20.18285369873047 9.450142113468806e-17
20.21543312072754 1.2034768522553227e-16
20.24811553955078 9.5115149444533e-17
20.280906677246094 9.543845133258813e-17
20.31380271911621 9.661067213969417e-17
20.346805572509766 9.453184814634021e-17
20.37991714477539 9.404702104571063e-17
20.413135528564453 9.585487390528202e-17
20.446462631225586 9.80368109250744e-17
20.47989845275879 9.437803225707475e-17
20.513442993164062 9.682715523216665e-17
20.547100067138672 1.0157166470242381e-16
20.58086585998535 9.532177916154875e-17
20.614744186401367 1.0063585873183032e-16
20.648733139038086 9.768600031856821e-17
20.68283462524414 1.0753686114623771e-16
20.71704864501953 9.591186995820938e-17
20.751375198364258 9.527046087634596e-17
20.785818099975586 9.593985513269327e-17
20.82037353515625 9.654819684238927e-17
20.855045318603516 9.6868534115129e-17
20.88983154296875 1.0158369521725278e-16
20.924734115600586 5.812168030491598e-16
20.959754943847656 1.0436912997707404e-16
20.994892120361328 9.587906066639307e-17
21.030147552490234 9.711859412302624e-17
21.065521240234375 9.544990612971076e-17
21.101015090942383 9.692835581702884e-17
21.136627197265625 9.636048640034384e-17
21.172361373901367 1.2859651558236828e-16
21.208215713500977 9.68949311028368e-17
21.244192123413086 9.676920626717364e-17
21.280288696289062 1.047615444596692e-16
21.316511154174805 1.0495515766256581e-16
21.352855682373047 9.747121790943514e-17
21.389324188232422 9.661392130514028e-17
21.425918579101562 9.67030781402837e-17
21.462636947631836 1.0493197675307962e-16
21.499483108520508 9.673061332851436e-17
21.536453247070312 9.816031891669592e-17
21.57355308532715 2.2774709542374327e-16
21.610780715942383 3.2339616282215516e-14
21.648136138916016 3.038727733659487e-15
21.68562126159668 1.2894509610994302e-15
21.723237991333008 1.0789337599024807e-16
21.760982513427734 1.744535690926258e-16
21.798860549926758 6.653760167488329e-15
21.836870193481445 3.1454790842437097e-16
21.87501335144043 1.0533945915771305e-16
21.913288116455078 1.0933127397521635e-16
21.951698303222656 1.254319343169772e-16
21.990243911743164 1.0172633424208142e-16
22.0289249420166 7.738372303920304e-16
22.06774139404297 1.6316035673957004e-16
22.1066951751709 2.6526549443887763e-14
22.14578628540039 6.88828792047352e-16
22.185016632080078 1.0437455628189239e-16
22.22438621520996 1.0354265743112536e-16
22.26389503479004 1.0451277485352755e-16
22.303544998168945 1.3633766880133353e-16
22.343338012695312 1.0494132720272392e-16
22.383270263671875 1.0666822224138353e-16
22.42334747314453 1.0507234599430742e-16
22.46356773376465 1.0470756596161644e-16
22.50393295288086 1.042295879164588e-16
22.544445037841797 1.0388188750905581e-16
22.585100173950195 1.0491656472390654e-16
22.625904083251953 1.0481964562589492e-16
22.666854858398438 1.048005145926878e-16
22.70795440673828 1.0545171087555894e-16
22.749204635620117 1.2364850644653328e-16
22.790603637695312 1.2551699495372726e-16
22.8321533203125 1.0592389865642871e-16
22.873855590820312 1.454687633820737e-16
22.91571044921875 1.0618542669633838e-16
22.957717895507812 1.549856682353984e-16
22.999879837036133 1.3288889474724885e-16
23.04219627380371 1.2497522473972953e-16
23.084671020507812 1.0732026555720193e-16
23.127300262451172 1.8579138302431044e-16
23.170087814331055 1.1264002951265296e-16
23.213035583496094 1.0956582269226698e-16
23.256141662597656 2.6600021505249075e-16
23.299407958984375 1.0883466120521911e-16
23.342836380004883 1.1165842420590363e-16
23.386425018310547 1.1168515868330135e-16
23.430179595947266 1.0916569888636283e-16
23.474096298217773 1.419216143920993e-16
23.518178939819336 1.4067077172213131e-16
23.56242561340332 1.274815687608754e-16
23.606840133666992 1.10174495274208e-16
23.65142250061035 1.1007718574694727e-16
23.69617462158203 1.1210015188789675e-16
23.7410945892334 1.136577528336688e-16
23.78618621826172 4.0162445711910955e-16
23.831449508666992 1.1659866446142554e-16
23.87688636779785 1.1407997228809547e-16
23.922494888305664 1.1187100300588486e-16
23.968278884887695 1.1158232358954876e-16
24.014238357543945 1.1177728675120505e-16
24.060375213623047 1.113989409564682e-16
24.106687545776367 1.1447773366617017e-16
24.153181076049805 1.1301289606301226e-16
24.199851989746094 1.1987980540129268e-16
24.2467041015625 1.1282355772952133e-16
24.293739318847656 1.2838548526449375e-16
24.340957641601562 1.1233141835227678e-16
24.388357162475586 1.128137639110687e-16
24.435943603515625 1.148665085540701e-16
24.48371696472168 1.121086751569285e-16
24.531675338745117 1.2021055853230568e-16
24.579824447631836 1.1668653089481337e-16
24.62816047668457 1.1459462421289126e-16
24.676687240600586 1.179053716012429e-16
24.725406646728516 1.3535709581598867e-16
24.77431869506836 3.4450238157107205e-15
24.82342529296875 1.8823622451255177e-16
24.872726440429688 1.5281351841661374e-16
24.922222137451172 9.465494717986688e-16
24.9719181060791 1.5209952258163757e-16
25.02181053161621 1.2061735934011436e-16
25.071903228759766 1.2933375188383474e-16
25.122196197509766 1.2477554995730413e-16
25.172693252563477 1.1583175553702557e-16
25.223392486572266 1.1886805101557702e-16
25.274295806884766 1.3427388626023823e-16
25.32540512084961 2.2525528331159873e-16
25.37672233581543 1.0118223468747874e-16
25.42824935913086 1.2933669002937053e-16
25.479984283447266 1.0141155562305804e-16
25.53192901611328 1.6308428259299477e-16
25.584087371826172 1.395163055196931e-16
25.636459350585938 1.5920465993633326e-16
25.68904685974121 2.0443566345434126e-16
25.741849899291992 1.0629573950282845e-16
25.79486846923828 1.0418405989554388e-16
25.848108291625977 2.3456020493498324e-16
25.901567459106445 1.0195151927459796e-16
25.955249786376953 1.0638840358376909e-16
26.009153366088867 3.2332068159864297e-16
26.063282012939453 1.0769461441521893e-16
26.11763572692871 1.1428430575173077e-16
26.172216415405273 1.0287270730940641e-16
26.227025985717773 1.0536629289678427e-16
26.282066345214844 1.0287036473391166e-16
26.337337493896484 5.149929614361808e-16
26.392841339111328 1.0187869429346879e-16
26.44858169555664 1.1699539351809577e-16
26.50455665588379 1.0285971064762198e-16
26.560768127441406 1.0158895608594861e-16
26.617219924926758 1.0811326044939937e-16
26.67391014099121 1.0302216230248249e-16
26.730844497680664 1.0150481527403972e-16
26.788021087646484 1.0098713917692443e-16
26.845443725585938 1.2222260588916947e-16
26.903112411499023 1.0822976056687133e-16
26.961030960083008 7.155435759290422e-16
27.019197463989258 4.013691296250716e-16
27.07761573791504 1.0548523485142449e-16
27.136287689208984 1.159224939415002e-16
27.195215225219727 1.1350405605841155e-16
27.254398345947266 1.0059909882540846e-16
27.313838958740234 1.0829351964848692e-16
27.3735408782959 1.0461777385176258e-16
27.433504104614258 1.108296355542398e-16
27.493728637695312 1.0828213764325819e-16
27.55422019958496 1.0634038078612671e-16
27.614978790283203 1.0327582220040555e-16
27.67600440979004 1.0029454415875623e-16
27.737300872802734 1.0081936047891908e-16
27.798870086669922 1.1871201166482501e-16
27.8607120513916 1.1591877493746615e-16
27.92283058166504 1.3536497057542018e-16
27.985227584838867 1.5044925093747998e-16
28.047903060913086 1.0820208641229776e-16
28.11086082458496 1.1462671882065832e-16
28.174100875854492 1.0323859907284067e-16
28.237625122070312 1.0630305177944342e-16
28.301437377929688 1.0570520533735949e-16
28.36553955078125 1.0952411955450451e-16
28.429931640625 1.1245615718864977e-16
28.494617462158203 2.6066119697935744e-15
28.559598922729492 1.1612799207543796e-16
28.624876022338867 1.0861159375507071e-16
28.690452575683594 1.0864603755577742e-16
28.756330490112305 4.5661043204120195e-15
28.822513580322266 3.2895763292306113e-16
28.888999938964844 2.2677676624310427e-16
28.955793380737305 1.037789068315154e-16
29.022897720336914 1.1349259464384402e-16
29.090312957763672 6.951834449758906e-16
29.15804100036621 1.1247729330766173e-16
29.22608757019043 1.0675857021660902e-16
29.294450759887695 1.0156985813996599e-16
29.363134384155273 1.0215317267304858e-16
29.43214225769043 1.4587385688909807e-16
29.501474380493164 3.9075582267784296e-15
29.57113265991211 1.6318183696571682e-16
29.641122817993164 1.309525112553765e-16
29.711444854736328 1.0095170275948266e-16
29.782100677490234 1.0309455714969313e-16
29.853092193603516 1.1482975526509314e-16
29.92442512512207 1.0049035435335979e-16
29.9960994720459 1.0281140329984888e-16
30.068117141723633 1.0629425719517076e-16
30.14048194885254 1.1028965205036519e-16
30.21319580078125 1.0059131671020556e-16
30.2862606048584 1.0609911536250215e-16
30.35968017578125 1.3592642107055177e-16
30.433456420898438 9.744925593329961e-16
30.507593154907227 1.1569360975728432e-16
30.582090377807617 1.0670694091149591e-16
30.656953811645508 1.073821188146862e-16
30.7321834564209 1.0633801835829726e-16
30.807783126831055 1.0712698984399524e-16
30.883756637573242 1.9249739580728194e-16
30.960105895996094 1.8371673463868864e-16
31.036832809448242 2.3356340597474254e-16
31.113941192626953 1.4934560671187703e-16
31.19143295288086 1.0971233292236238e-16
31.26931381225586 1.515073274374986e-16
31.34758186340332 1.2265649851640048e-16
31.426244735717773 1.203011513529925e-16
31.50530242919922 1.588155277064087e-16
31.584758758544922 1.0211893401313379e-16
31.66461753845215 1.492498919888373e-16
31.74488067626953 1.2958060904840016e-16
31.825551986694336 1.1271798301357996e-16
31.906635284423828 1.1026831740800622e-16
31.98813247680664 1.2453358970196502e-16
32.070045471191406 1.6088445861963654e-16
32.152381896972656 1.83747346938798e-16
32.235137939453125 1.0500559582759684e-16
32.31832504272461 1.2919502376894224e-16
32.401939392089844 2.36122610145753e-16
32.48598861694336 1.2667907121780096e-16
32.57047653198242 1.585924271690358e-16
32.65540313720703 1.5940606848932257e-16
32.74077606201172 2.6418592341903124e-16
32.826595306396484 1.4131280946126027e-16
32.912864685058594 1.1203880817366982e-16
32.99959182739258 1.352919801581685e-16
33.08677291870117 1.026042971268003e-16
33.17441940307617 1.0846051087054913e-16
33.26253128051758 1.1173542479476497e-16
33.35110855102539 1.3189990437199064e-16
33.440162658691406 3.845660341245756e-16
33.529693603515625 2.3142369487085977e-16
33.61970138549805 1.4608570777014025e-16
33.71019744873047 1.4691225734314757e-14
33.80118179321289 2.734340144256109e-16
33.89265823364258 1.9714943310250057e-16
33.9846305847168 1.77666920926933e-16
34.07710266113281 1.2977553250538706e-16
34.170082092285156 3.2101934602051223e-16
34.26356506347656 2.981270894808827e-16
34.357566833496094 2.585790417642406e-16
34.452083587646484 1.0953990216059202e-16
34.547119140625 1.8763042390169753e-16
34.64268493652344 1.142147299360477e-16
34.73877716064453 1.4586116462977905e-16
34.83540725708008 1.134454652012632e-16
34.93257522583008 8.094874707134246e-16
35.0302848815918 2.725898931541128e-16
35.128543853759766 1.274878950382002e-16
35.22735595703125 5.446297972276615e-16
35.326725006103516 1.7258572909503207e-16
35.426658630371094 2.1075034701568127e-16
35.527156829833984 4.0551355595686847e-16
35.62822723388672 2.560972352287855e-16
35.72987365722656 3.4403741342258864e-16
35.83210372924805 1.1623068158540275e-16
35.93491744995117 1.2843274705597258e-16
36.038326263427734 1.0858422400296256e-16
36.142330169677734 1.158945550891306e-16
36.2469367980957 1.405612662439191e-16
36.352149963378906 2.3418904568540825e-16
36.457977294921875 1.272055021945195e-16
36.56441879272461 2.1065058241636248e-16
36.671485900878906 1.271181519218339e-16
36.77918243408203 1.2953697361672677e-16
36.88751220703125 1.5030197308377614e-16
36.996482849121094 1.5479630343212785e-16
37.106101989746094 1.1806228445472176e-16
37.21636962890625 1.6167053166446814e-16
37.327293395996094 2.1990555556563858e-16
37.438880920410156 5.015076675203003e-16
37.55113983154297 2.379088967523939e-16
37.6640739440918 1.845742099139958e-16
37.777687072753906 2.0900466505094936e-16
37.89198684692383 1.39473914167661e-16
38.00698471069336 1.1486874525044644e-16
38.1226806640625 2.4349537020711164e-16
38.23908233642578 2.9328722262961042e-16
38.356197357177734 2.0004177268468818e-16
38.474029541015625 1.6392183935915166e-16
38.592594146728516 1.9427288274384536e-16
38.71188735961914 1.679284904881217e-16
38.8319206237793 1.638084560582278e-16
38.952701568603516 7.263068765293618e-16
39.07423400878906 3.7730532064027093e-16
39.196529388427734 5.986691757735058e-16
39.3195915222168 3.67291405970255e-16
39.44342803955078 1.5137431679500008e-16
39.568050384521484 1.42958885645351e-16
39.69346237182617 2.2851276026850196e-16
39.81966781616211 1.4621015543893763e-16
39.94668197631836 1.3529002139447797e-16
40.07450866699219 1.4738635333042883e-16
40.203155517578125 3.562671821644896e-15
40.3326301574707 3.7424176128872974e-16
40.46294021606445 1.9307943979094365e-16
40.59409713745117 1.905953965591122e-16
40.72610855102539 3.050690274094441e-16
40.858978271484375 2.4320989363410734e-16
40.99271774291992 1.6520228847760414e-16
41.12733840942383 1.1751187185768408e-16
41.26284408569336 2.0235647550151777e-16
41.39924621582031 3.201782687736683e-16
41.536556243896484 3.721781031555986e-15
41.674774169921875 1.924782316868503e-16
41.81391906738281 2.0218307197534705e-16
41.95399475097656 2.0516239125330585e-16
42.09501266479492 1.8804205544428352e-16
42.23698425292969 2.245529606494269e-16
42.379913330078125 1.9430415678844476e-16
42.52381134033203 2.278650129979129e-15
42.66869354248047 1.5630649700263327e-16
42.8145637512207 2.0529601070073521e-16
42.9614372253418 2.0480658447589984e-16
43.10932159423828 1.85444642146418e-16
43.25822830200195 3.8057505310512974e-16
43.408164978027344 1.4464011369675278e-16
43.559146881103516 2.1811151331357437e-16
43.711177825927734 5.157996544393221e-16
43.864280700683594 9.985556006941883e-16
44.018455505371094 6.016252148803049e-16
44.1737174987793 4.475982026527412e-16
44.330081939697266 3.7842054539444963e-16
44.487552642822266 3.782078077757908e-16
44.646148681640625 5.983018811117527e-16
44.80588150024414 1.8516711974218402e-16
44.966758728027344 1.700092004532723e-16
45.1287956237793 2.0024038867592952e-16
45.29200744628906 4.177565701764821e-16
45.45640182495117 2.070773606934804e-16
45.62199401855469 2.2521658449382105e-16
45.788795471191406 1.7081126124498332e-16
45.95682144165039 2.1443869904494092e-16
46.1260871887207 1.95462341994917e-16
46.29660415649414 7.78201779410995e-16
46.468387603759766 4.081515606617532e-16
46.641448974609375 2.907719053531796e-16
46.81580352783203 2.593430390128844e-16
46.9914665222168 4.1461241034605376e-16
47.168453216552734 8.910501790286725e-16
47.346778869628906 1.1423265262381602e-15
47.52645492553711 6.263783233957133e-16
47.70750427246094 7.03457103985993e-16
47.88993453979492 2.8470847293981887e-16
48.073768615722656 2.0869756266801048e-16
48.25901794433594 3.572587242265014e-16
48.445701599121094 3.7461765862885344e-16
48.63383483886719 3.186900848249017e-16
48.82343292236328 5.74269174117984e-16
49.01451873779297 1.8855604562458927e-16
49.20710372924805 1.3293588125301982e-15
49.401206970214844 4.466781131137862e-16
49.59684753417969 1.829110739569518e-16
49.79404830932617 6.5710597880458e-16
49.992820739746094 1.8003552944992145e-16
50.19318389892578 3.2704990296760763e-16
50.395164489746094 3.2140924587404523e-16
50.59877395629883 2.5729815854140265e-15
50.80403518676758 5.885556023832895e-16
51.01097106933594 2.884524644458013e-16
51.21959686279297 4.2810813335509732e-16
51.429935455322266 3.457885216921389e-16
51.64201354980469 2.9371028911698435e-16
51.85584259033203 1.1700741079803494e-16
52.07145309448242 2.5253697046301847e-16
52.28886413574219 4.761810118204823e-16
52.508094787597656 7.494138294513407e-16
52.72917556762695 7.055978738810598e-16
52.952125549316406 7.918880318936116e-16
53.17696762084961 3.4758436388921603e-16
53.403724670410156 2.0976868876937274e-16
53.63242721557617 2.8578904875249894e-16
53.86309814453125 3.272009130602353e-16
54.095760345458984 8.689783003682384e-16
54.330440521240234 5.649742051317297e-16
54.56716537475586 4.911242082572651e-16
54.805965423583984 2.947639981033687e-16
55.04685974121094 3.755234809566031e-16
55.28988265991211 4.189962399524802e-15
55.535064697265625 2.952414599878241e-16
55.78242874145508 1.7315347939770887e-16
56.032005310058594 4.637980254063349e-16
56.2838249206543 1.7481153315706936e-16
56.53791809082031 2.4446839930527e-16
56.79431915283203 2.657608488355526e-16
57.05305099487305 6.15978188171529e-16
57.31415557861328 8.800236100004345e-16
57.577659606933594 1.3659649030627893e-16
57.843597412109375 7.17268399707448e-16
58.112003326416016 4.350929523266135e-16
58.382911682128906 2.1235706263750427e-16
58.65635681152344 1.6678073437481253e-16
58.932376861572266 1.506524197308128e-16
59.21100616455078 6.865574731992896e-16
59.492286682128906 2.1124902442848744e-16
59.776248931884766 1.6224620966613564e-16
60.06293487548828 3.4555344357949623e-16
60.35238265991211 3.272818841160369e-16
60.64463424682617 1.352076077356881e-16
60.93973159790039 2.2934183611727447e-15
61.23771286010742 4.411332766223819e-16
61.53862380981445 7.677575984735535e-16
61.84251022338867 6.006676441334339e-16
62.14940643310547 2.1208188280876503e-16
62.45936965942383 4.348711091037717e-16
62.77243423461914 4.542801279362751e-16
63.08865737915039 4.887186876266221e-16
63.4080810546875 9.453695549031436e-16
63.73075485229492 6.941807697245783e-16
64.05673217773438 3.138278774796456e-16
64.38606262207031 3.0528155326986614e-16
64.71878814697266 5.650517086464035e-16
65.05497741699219 3.5150964691569046e-16
65.3946762084961 7.142485684318088e-16
65.73794555664062 5.857860164040047e-16
66.08483123779297 1.7257299713104366e-16
66.4354019165039 2.542017078417284e-16
66.78971099853516 2.64409831284682e-16
67.14781951904297 3.599397687930185e-16
67.5097885131836 5.353722565097641e-16
67.87567901611328 3.7519218519510827e-16
68.24555969238281 2.7854022019923545e-16
68.61949157714844 5.841400196292528e-16
68.99754333496094 3.8118811967048465e-16
69.3797836303711 2.8728030319569934e-16
69.76628875732422 8.809236354464514e-16
70.15711975097656 2.130967076889145e-16
70.55235290527344 2.3050281123851673e-16
70.95207214355469 3.9248801564288984e-16
71.35633850097656 2.0937886832517855e-16
71.7652359008789 1.934266041853097e-16
72.1788558959961 7.329780550823775e-16
72.5972671508789 1.8937405445851031e-16
73.02055358886719 2.6239402521911477e-16
73.44880676269531 2.7039610429050375e-16
73.88211822509766 1.1676114920351055e-16
74.32057189941406 1.8600341919380983e-16
74.76425170898438 4.515166300062988e-16
75.21327209472656 2.845697977644856e-16
75.66770935058594 3.40577204423716e-16
76.12767791748047 5.513981728113746e-16
76.59326934814453 5.476933565792027e-16
77.06459045410156 2.0489848755067693e-16
77.54175567626953 5.95996151550208e-16
78.02485656738281 6.097992945795457e-16
78.51402282714844 3.1997468969875167e-16
79.00935363769531 1.9282334467329723e-16
79.51097869873047 1.717595675689937e-16
80.01901245117188 2.7946676836441324e-16
80.53358459472656 2.346332085871247e-16
81.05481719970703 1.9583031163605e-16
81.58283233642578 6.494257193135884e-16
82.11778259277344 4.1973486856435374e-16
82.6597900390625 6.998768545366267e-16
83.20899963378906 4.128391204011973e-16
83.76555633544922 4.534348949340337e-16
84.32960510253906 5.175852528316934e-16
84.90130615234375 6.60490669522249e-16
85.4808120727539 2.8141952341496923e-16
86.06828308105469 2.569350566927384e-16
86.66387939453125 3.8048489703580636e-16
87.26778411865234 2.5957022913120575e-16
87.88015747070312 5.930799229919299e-16
88.50119018554688 3.732523738667775e-16
89.13106536865234 2.870344254129792e-16
89.76996612548828 4.862982909798429e-16
90.41809844970703 6.021507988240762e-16
91.07565307617188 3.2770362711443074e-16
91.74283599853516 1.7074368389766018e-16
92.41987609863281 1.5755460005041248e-16
93.10697937011719 1.2670041909504972e-16
93.80437469482422 6.459251439008232e-16
94.51229858398438 1.2639920623807221e-16
95.23099517822266 2.434011907312888e-16
95.960693359375 4.909868830406915e-16
96.70166778564453 7.745994012258817e-16
97.45417785644531 4.762628034394516e-16
98.2184829711914 6.5668796804511e-16
98.99488067626953 2.492073633567006e-16
99.78364562988281 1.5809656878775722e-16
100.58507537841797 2.594699086665153e-16
101.39949035644531 2.5521542099113457e-16
102.22720336914062 3.782752792439955e-16
103.06853485107422 3.267190307225864e-16
103.92383575439453 5.604566078471081e-16
104.79344940185547 2.7360487685293986e-16
105.677734375 2.5799466843997394e-16
106.57707977294922 2.3964573781073886e-16
107.49185180664062 1.3614966719171248e-16
108.42247772216797 1.733254138511117e-16
109.36934661865234 1.2055183340071036e-16
110.3329086303711 1.0823203696791708e-16
111.31359100341797 1.4278172341047684e-16
112.31187438964844 1.215351857129134e-16
113.32821655273438 1.1492318035219733e-16
114.36312866210938 1.5693688803873748e-16
115.41710662841797 2.864064034221493e-16
116.4906997680664 2.0676766427214056e-16
117.58445739746094 2.0353046316641223e-16
118.69894409179688 2.0260751489126026e-16
119.83476257324219 1.8614614424542218e-16
