WAVELENGTH FLUX
5.000441551208496 1.8796752977981495e-17
5.002439022064209 1.8816310836384698e-17
5.0044379234313965 1.8835651973467413e-17
5.006438732147217 1.885539842905028e-17
5.008440971374512 1.8885140535155236e-17
5.010444641113281 1.8942561758917442e-17
5.012449741363525 1.9020412689448483e-17
5.014456748962402 1.89715594024711e-17
5.016465663909912 1.8954956233215936e-17
5.018475532531738 1.9116901653541568e-17
5.020487308502197 1.9074397804946143e-17
5.022500991821289 1.9033819632816742e-17
5.0245161056518555 1.906404150367698e-17
5.0265326499938965 2.005224440299203e-17
5.02855110168457 1.9705400954703645e-17
5.030570983886719 1.9128937131454215e-17
5.032592296600342 1.9129737842287166e-17
5.034615516662598 1.9596077456226186e-17
5.036640167236328 3.6080810991285215e-17
5.038666725158691 9.676755322943751e-16
5.040694713592529 1.2344335241973032e-16
5.042724132537842 2.609733921478917e-16
5.044755458831787 5.954975800165203e-17
5.046788692474365 6.588381744166048e-17
5.048823356628418 2.373343437163595e-16
5.050859451293945 1.978575162504582e-17
5.0528974533081055 1.972194291259348e-17
5.05493688583374 1.9408353779290952e-17
5.05697774887085 1.9492587235428452e-17
5.059020519256592 4.326407720919776e-17
5.061065196990967 6.877561439336627e-17
5.063111305236816 1.2835568029266224e-16
5.065158843994141 6.329112238200897e-17
5.067208290100098 2.6561817672349946e-16
5.0692596435546875 3.789565849011636e-17
5.071312427520752 2.4458913458747826e-17
5.073366641998291 2.2314646244051114e-17
5.075422763824463 2.1157286563830195e-17
5.077480316162109 2.136521495440765e-17
5.079539775848389 2.1635559085285906e-17
5.081601142883301 1.9937552502339102e-17
5.083663463592529 6.190845359217964e-17
5.085728168487549 5.022229736093668e-17
5.087794303894043 5.1945618979350053e-17
5.089861869812012 1.9114026373732334e-17
5.091931343078613 6.133765264740374e-17
5.094002723693848 1.9356666571534964e-17
5.096075534820557 1.9212424470679192e-17
5.09814977645874 2.1010474909119589e-16
5.100225925445557 2.5177571283656347e-17
5.102303981781006 8.27490679551282e-16
5.10438346862793 1.9142921446890036e-17
5.106464862823486 1.912081256347772e-17
5.108547687530518 1.9111865777972345e-17
5.110632419586182 1.9130991848095796e-17
5.1127190589904785 1.915328105688165e-17
5.11480712890625 1.9174203763295567e-17
5.116897106170654 1.9194352228656133e-17
5.118988513946533 1.9219981592755476e-17
5.121081829071045 1.9671863743948295e-17
5.123176574707031 2.0501889857808505e-17
5.12527322769165 1.939991984576536e-17
5.127371788024902 2.300177359837034e-17
5.129471778869629 2.089442014568942e-17
5.131573677062988 2.754615995431009e-17
5.133677005767822 3.325312384577474e-17
5.135782241821289 1.9538820014225266e-17
5.137889385223389 1.9463988292930044e-17
5.139997959136963 1.9512730737705343e-17
5.14210844039917 1.9495560122549968e-17
5.144220352172852 1.954106994549141e-17
5.146334648132324 3.33538281222694e-17
5.148449897766113 1.9575748665492083e-17
5.150567531585693 1.958708765732896e-17
5.152686595916748 1.961399915137776e-17
5.1548075675964355 1.9637319027206855e-17
5.156929969787598 1.965874300507198e-17
5.159054279327393 1.968062358663523e-17
5.16118049621582 1.9743507511162738e-17
5.163308620452881 4.1699279792096496e-17
5.165438175201416 1.9791073705106987e-17
5.167569637298584 1.978837544194884e-17
5.169702529907227 1.9800214050875698e-17
5.171837329864502 1.9821487481869337e-17
5.17397403717041 1.9863590975048286e-17
5.176112651824951 1.998494664271594e-17
5.178252696990967 1.992027600806532e-17
5.180394649505615 1.9948251256381863e-17
5.1825385093688965 1.9980158921330484e-17
5.1846842765808105 2.0033373104497245e-17
5.186831474304199 5.366071842247465e-17
5.188980579376221 2.0101723038512502e-17
5.191131591796875 2.006077263510745e-17
5.193284034729004 2.0073519488346894e-17
5.195438385009766 2.0094108013793338e-17
5.19759464263916 2.0119432975427262e-17
5.1997528076171875 2.0144116044905844e-17
5.2019124031066895 2.0168837164692604e-17
5.204073905944824 2.019356986500794e-17
5.206237316131592 2.0224579211811327e-17
5.208402633666992 2.37541919727996e-17
5.210569858551025 2.0311224726615032e-17
5.212738513946533 2.6277440256943605e-17
5.214909076690674 2.040363238156578e-17
5.217081546783447 6.05351881915538e-17
5.2192559242248535 2.0513384359600542e-17
5.221431732177734 2.044191595467596e-17
5.223609447479248 7.599147483613585e-17
5.2257890701293945 2.0642477474718018e-17
5.227970600128174 2.0467436130934446e-17
5.230154037475586 2.0486472865551742e-17
5.232339382171631 2.0514390211225406e-17
5.23452615737915 2.0539369411363283e-17
5.236714839935303 2.0557767562547687e-17
5.238905429840088 2.057848181944724e-17
5.241097927093506 2.0601462551225188e-17
5.243292331695557 2.062457397753992e-17
5.24548864364624 2.0647634118656673e-17
5.247686386108398 2.0670705840302002e-17
5.249886512756348 2.0693719659304452e-17
5.2520880699157715 2.071675498500283e-17
5.254291534423828 2.0739666233609323e-17
5.256496906280518 2.076255928424234e-17
5.25870418548584 2.0785434136901882e-17
5.260913372039795 2.0808203110443017e-17
5.263123989105225 2.083089432900657e-17
5.265336990356445 2.085434159065e-17
5.267551422119141 2.08789402877061e-17
5.269767761230469 2.090036261121e-17
5.271986484527588 2.0921470606081128e-17
5.274206638336182 2.0945807914063663e-17
5.276428699493408 2.0970112134821696e-17
5.278652667999268 2.099091076414373e-17
5.28087854385376 2.1009752284136462e-17
5.283106327056885 2.1082977620682106e-17
5.285336017608643 1.2645749269275515e-16
5.287567615509033 2.1864458158752804e-17
5.289800643920898 2.1177741086017406e-17
5.292036056518555 2.1119644882875357e-17
5.294273376464844 2.1145136934993016e-17
5.296512126922607 2.1182568512072266e-17
5.298753261566162 2.1213490177730723e-17
5.30099630355835 2.1223216167373122e-17
5.303240776062012 2.1240701111161268e-17
5.305487632751465 2.1897197967397653e-17
5.307735919952393 2.235637916031564e-17
5.309986591339111 2.133552744222312e-17
5.312238693237305 2.1340682431800552e-17
5.314493179321289 2.136566494066088e-17
5.316749572753906 2.1629318834744805e-17
5.319007396697998 2.1893786674551485e-17
5.321267604827881 2.1522195636696738e-17
5.323529243469238 2.2358088115461174e-17
5.325793266296387 2.3215292075527427e-17
5.328059196472168 2.1731432627003252e-17
5.330327033996582 2.1541806434659145e-17
5.332596778869629 2.1852933878458716e-17
5.33486795425415 2.2325652709281745e-17
5.337141513824463 2.1665838858789022e-17
5.339416980743408 2.1683639785571163e-17
5.341694355010986 2.1656872220948947e-17
5.3439741134643555 2.1677070317146267e-17
5.346255302429199 2.1775911782901453e-17
5.348538398742676 2.2142885498576928e-17
5.350823879241943 2.2349020561586368e-17
5.3531107902526855 2.1816868803751404e-17
5.355400085449219 2.1792667153389327e-17
5.357690811157227 2.1815528771159068e-17
5.359983921051025 2.1838380462761458e-17
5.362278938293457 2.1860874812339225e-17
5.3645758628845215 2.188347834975785e-17
5.366875171661377 2.1906497131843974e-17
5.369175910949707 2.1929783920448567e-17
5.37147855758667 2.1957481236079293e-17
5.373783588409424 2.1989198649487026e-17
5.3760905265808105 2.2006303090193398e-17
5.37839937210083 2.2117600241612407e-17
5.380710124969482 2.2356326220756436e-17
5.383022785186768 2.2122821405638842e-17
5.3853373527526855 2.2109318509319527e-17
5.3876543045043945 2.2251307370186704e-17
5.389973163604736 2.2161111596193922e-17
5.392293930053711 2.219220862414224e-17
5.394616603851318 2.5422547439508826e-17
5.396941184997559 2.5157809938822455e-17
5.39926815032959 2.2792480359782172e-17
5.401597023010254 2.2340267336344332e-17
5.403927803039551 2.428086647149048e-16
5.4062604904174805 2.262615088221001e-17
5.408595085144043 2.476603403966019e-17
5.4109320640563965 2.2301293894603283e-17
5.413270950317383 2.232254085581732e-17
5.415611743927002 2.2342656233953385e-17
5.417954444885254 2.2366651089162323e-17
5.420299530029297 2.2409594997843626e-17
5.422646522521973 2.2414227209273923e-17
5.424995422363281 2.2495317379083722e-17
5.427346706390381 2.2940530800178138e-17
5.429699420928955 2.3851418781999082e-17
5.43205451965332 3.590652072749784e-17
5.434412002563477 2.264394519154725e-17
5.436770915985107 2.2575504267664612e-17
5.439132213592529 2.2550035376604104e-17
5.441495418548584 2.2571159915087484e-17
5.44386100769043 2.2585493300741802e-17
5.44622802734375 2.2664745475230508e-17
5.4485979080200195 2.3477164222571914e-17
5.450969219207764 3.0286414109073707e-17
5.453342914581299 5.899986156531658e-17
5.455718517303467 2.4997092054525852e-17
5.458096027374268 2.3400330724194314e-17
5.460475921630859 2.2767241424931954e-17
5.462857723236084 2.275385929698207e-17
5.4652419090271 2.3007170124686635e-17
5.467628002166748 2.2915698838189296e-17
5.470016002655029 2.2809384622780305e-17
5.472406387329102 2.2829615806202127e-17
5.474798679351807 2.2849987610328083e-17
5.4771928787231445 2.287060260555413e-17
5.479589462280273 2.2891123302190345e-17
5.481987953186035 2.2911738297416392e-17
5.484388828277588 2.2951214664969873e-17
5.486791610717773 2.2994997334792304e-17
5.489196300506592 2.2995104868271936e-17
5.491603374481201 2.334052887462918e-17
5.494012355804443 2.3283622157207982e-17
5.496423721313477 2.303258276746549e-17
5.498836994171143 2.3058184007424005e-17
5.5012526512146 2.30772207420413e-17
5.5036702156066895 2.316618732564383e-17
5.506089687347412 2.7372235304353464e-17
5.508511543273926 2.313087498529394e-17
5.5109357833862305 2.315036997797059e-17
5.513361930847168 2.3172219126670565e-17
5.515789985656738 2.3191833233355423e-17
5.5182204246521 2.3208474452918765e-17
5.520652770996094 2.3227658425685094e-17
5.523087501525879 2.3246900301094303e-17
5.525524616241455 2.3268276302483898e-17
5.527963161468506 2.3292200020160157e-17
5.530404567718506 2.3351943967082412e-17
5.532847881317139 2.376598922269583e-17
5.535293102264404 2.3929481470766936e-17
5.537740707397461 2.3927358925315125e-17
5.540190696716309 2.8843963322013936e-17
5.542642593383789 4.7217752383017466e-17
5.5450968742370605 2.3528154944252133e-17
5.547553062438965 2.353809434649257e-17
5.55001163482666 2.3567975418940436e-17
5.552472114562988 2.3597945826894457e-17
5.554934978485107 2.3821024857571433e-17
5.557399749755859 2.604912186426672e-17
5.5598673820495605 3.097066783794492e-17
5.562336444854736 8.02507204544e-17
5.564808368682861 3.7472218117105564e-17
5.567281723022461 2.69925511313855e-17
5.56975793838501 2.4572027098792002e-17
5.572236061096191 2.387020405371016e-17
5.574716567993164 2.386621538879643e-17
5.5771989822387695 2.38957937131401e-17
5.579683780670166 2.3925233071140864e-17
5.5821709632873535 2.3954550006410968e-17
5.584660053253174 2.398377264309124e-17
5.587151527404785 2.4012819917481653e-17
5.5896453857421875 2.40416455074679e-17
5.592141151428223 2.4070438010229647e-17
5.594639301300049 2.4099202388850566e-17
5.597139835357666 2.4127733502538745e-17
5.599642276763916 2.4155923817814552e-17
5.602147102355957 2.4513724100496815e-17
5.604654312133789 2.5466378085806786e-17
5.607163906097412 2.4370552371353686e-17
5.609675407409668 2.4268165609493098e-17
5.612189292907715 2.4295899321070776e-17
5.6147050857543945 2.4323513918640246e-17
5.617223739624023 2.4351146714183192e-17
5.619744300842285 2.4378683556775083e-17
5.622267246246338 2.4406088050468965e-17
5.624792098999023 2.4433363503987288e-17
5.627319812774658 2.4460504954246378e-17
5.629849433898926 2.448751405560746e-17
5.632381439208984 2.4514392462431758e-17
5.634915828704834 2.4541136865996822e-17
5.637452125549316 2.4567753883747553e-17
5.63999080657959 2.459423689823905e-17
5.642531871795654 2.4620589218193765e-17
5.64507532119751 2.4646807534889246e-17
5.647621154785156 2.4673260770878692e-17
5.6501688957214355 2.4701722401395417e-17
5.652719497680664 2.47256213036533e-17
5.655272006988525 2.4750928067313746e-17
5.657826900482178 2.4776703015200898e-17
5.660384178161621 2.4802347268551267e-17
5.662943363189697 2.4827883988422004e-17
5.665505409240723 2.4853314829174335e-17
5.668069362640381 2.4878618284112332e-17
5.670636177062988 2.4903829094821723e-17
5.6732048988342285 2.4928975385443335e-17
5.67577600479126 2.495410347809147e-17
5.678349494934082 2.5028170884500694e-17
5.680925369262695 6.6516083861649475e-16
5.683503150939941 2.5250755261171363e-17
5.686083793640137 2.5054983116875988e-17
5.688666820526123 3.515662194521442e-17
5.691251754760742 2.5115969489078298e-17
5.693839073181152 2.5134442086517832e-17
5.696429252624512 2.5161375087262558e-17
5.699021339416504 2.5188217098139904e-17
5.701615810394287 2.5214794411221233e-17
5.704212665557861 2.5241269153906605e-17
5.706812381744385 2.526763801747357e-17
5.709414005279541 2.5293879495226203e-17
5.712018013000488 2.5320063070335956e-17
5.714624404907227 2.534615565557833e-17
5.717233180999756 2.5372122509367594e-17
5.719844341278076 2.5398117487297685e-17
5.7224578857421875 2.5423740233952128e-17
5.72507381439209 2.5450071047210916e-17
5.727692127227783 2.54771264706863e-17
5.730312824249268 2.550404789090245e-17
5.732936382293701 2.553101728759413e-17
5.735561847686768 2.5565755564598907e-17
5.738189697265625 2.878829075806667e-17
5.740819931030273 2.6184377474947714e-17
5.743453025817871 2.5664105685070237e-17
5.746088027954102 2.5685890313682433e-17
5.748725891113281 2.5695905816539225e-17
5.751365661621094 2.5723093588912618e-17
5.7540082931518555 2.5751479118812988e-17
5.756653308868408 2.6526505993744547e-17
5.759300231933594 5.0778973369572614e-17
5.7619500160217285 2.7947934812716895e-17
5.764602184295654 2.8834593020034936e-17
5.767257213592529 2.8759994563672453e-17
5.769914150238037 2.726094642474058e-17
5.772573471069336 2.926125277998979e-17
5.775235652923584 2.6186387523836218e-17
5.777900218963623 2.600866446050675e-17
5.780567169189453 2.6023083872944774e-17
5.783236503601074 2.6213835030921953e-17
5.785908222198486 2.662928318485426e-17
5.788582801818848 2.6689943647895225e-17
5.791259288787842 2.901515000414301e-17
5.793938636779785 3.302083829488005e-17
5.7966203689575195 4.6702809290646055e-17
5.799304485321045 2.6776188807282453e-17
5.8019914627075195 2.6264761232514393e-17
5.804680347442627 2.6781984034654e-17
5.807372093200684 5.568099457207212e-17
5.8100666999816895 3.0808954028190805e-17
5.812763214111328 2.7013376230487134e-17
5.815462589263916 1.9663249154176923e-16
5.818163871765137 4.219661717231033e-17
5.820868492126465 2.7017798338041842e-17
5.823575019836426 2.6591710987070877e-17
5.826284408569336 2.680624524202018e-17
5.828996181488037 2.6516306856791768e-17
5.831710338592529 2.662888448379901e-17
5.834427356719971 4.3085409505608756e-17
5.837146759033203 3.036316985247373e-17
5.839868545532227 2.6559128342742413e-17
5.842592716217041 2.657739083630636e-17
5.845319747924805 2.6600125068261767e-17
5.848049640655518 2.6622675666121187e-17
5.850781440734863 3.109945655059698e-17
5.853516101837158 3.4017541302169696e-17
5.856253147125244 2.747717805430684e-17
5.858993053436279 2.6818020985220485e-17
5.8617353439331055 2.6889229655432725e-17
5.864480495452881 2.6782692101258345e-17
5.867228031158447 2.6835906284425107e-17
5.869977951049805 2.6908397084586804e-17
5.872730255126953 2.687916783046163e-17
5.875485420227051 2.6977867021151457e-17
5.878243446350098 2.71044934836823e-17
5.8810038566589355 2.784348175368615e-17
5.8837666511535645 2.924605581777596e-17
5.886532306671143 2.6967250985169952e-17
5.889300346374512 2.6977011716398077e-17
5.89207124710083 2.7000414310288428e-17
5.8948445320129395 2.702815298494978e-17
5.897620677947998 2.707799392557855e-17
5.900399208068848 2.7110167942684414e-17
5.9031805992126465 2.7100949841938123e-17
5.905964374542236 2.712999877068976e-17
5.908751010894775 2.7142039211686082e-17
5.9115400314331055 2.716402236364529e-17
5.914331436157227 2.7191512884122878e-17
5.917126178741455 2.722140553709932e-17
5.919922828674316 2.7292736630042218e-17
5.922722816467285 2.7279852464821092e-17
5.925525188446045 2.730205564682324e-17
5.928329944610596 2.7360424819567432e-17
5.931137561798096 2.7358785347593352e-17
5.933948040008545 2.7377370441596193e-17
5.936760902404785 2.7409625522402086e-17
5.939576625823975 2.74289732769297e-17
5.942394733428955 2.742412930726259e-17
5.945215702056885 2.7415774783075805e-17
5.948039531707764 2.7434206021484712e-17
5.950865745544434 2.746040448584549e-17
5.953694820404053 2.7486445785889886e-17
5.956526279449463 2.7512343156507696e-17
5.9593610763549805 2.7538094943337697e-17
5.962197780609131 2.7565572228925483e-17
5.965037822723389 2.762162033287085e-17
5.9678802490234375 2.763081196383754e-17
5.9707255363464355 2.7698222220676937e-17
5.973573207855225 2.7688223261432396e-17
5.976424217224121 2.768955336785738e-17
5.979277610778809 2.771451106129933e-17
5.982133388519287 2.7739515076855584e-17
5.984992504119873 2.776363897224008e-17
5.98785400390625 2.778764044489392e-17
5.990718364715576 2.781186360195192e-17
5.993585109710693 2.7835911396720064e-17
5.996455192565918 2.7859661406467686e-17
5.999327659606934 2.7883348550488755e-17
6.002202987670898 2.791864931031007e-17
6.0050811767578125 2.8599167491534993e-17
6.007961750030518 2.8366637095178987e-17
6.010845184326172 2.798902252810363e-17
6.013731479644775 2.801962490204564e-17
6.016620635986328 2.8055081171822114e-17
6.01951265335083 2.953033794197574e-17
6.022407531738281 2.822630094117569e-17
6.025304794311523 2.815690710522739e-17
6.028204917907715 2.8190325201974534e-17
6.031108379364014 2.8222959131500976e-17
6.0340142250061035 2.825651950331348e-17
6.036922454833984 2.8489350993412453e-17
6.039834022521973 3.06731508239443e-17
6.04274845123291 2.836529706258665e-17
6.045665264129639 2.8387816227582794e-17
6.048585414886475 2.8420288029709176e-17
6.051507949829102 3.6058956879501564e-17
6.054433822631836 3.21191551789156e-17
6.057362079620361 2.851671412807571e-17
6.060293197631836 2.8548964245797925e-17
6.06322717666626 2.858070812898526e-17
6.066164016723633 3.249484737824738e-17
6.069103717803955 2.8673924766575086e-17
6.072046279907227 2.8682203190145516e-17
6.074991703033447 2.870860679529821e-17
6.077939987182617 2.8735688688553195e-17
6.080891132354736 2.8766248049103354e-17
6.083845138549805 2.879671145670246e-17
6.086802005767822 2.882704913284845e-17
6.089762210845947 2.8857386808994447e-17
6.092724800109863 2.888758221007508e-17
6.0956902503967285 2.891760886631076e-17
6.098658561706543 2.894747670386882e-17
6.101629734039307 2.8977768057900514e-17
6.104604244232178 2.900893622338151e-17
6.10758113861084 2.904981879797633e-17
6.110561370849609 3.542477735619186e-17
6.11354398727417 2.912435107988981e-17
6.116529941558838 2.912810317114835e-17
6.119518756866455 2.9156554875497725e-17
6.1225104331970215 2.918590655235356e-17
6.125504970550537 2.921509279308688e-17
6.12850284576416 2.924505327487355e-17
6.131503105163574 2.927735633215497e-17
6.134506702423096 2.9310026657628364e-17
6.137512683868408 2.934239258063634e-17
6.140522003173828 2.9373660007790843e-17
6.1435346603393555 2.940483148199429e-17
6.146549701690674 2.9436257727826406e-17
6.1495680809021 2.946754831603806e-17
6.152588844299316 2.9498637072180255e-17
6.155612945556641 2.9529679506208145e-17
6.158640384674072 2.956059620878293e-17
6.161670207977295 2.972054646947108e-17
6.164703369140625 3.0275293492918544e-17
6.167739391326904 3.0375273159196603e-17
6.170778274536133 3.69057813772415e-17
6.173820495605469 4.2063639617036304e-17
6.176865577697754 4.8921155492280565e-17
6.179913520812988 2.236983573452065e-16
6.182964324951172 4.255078613210348e-17
6.186018466949463 1.2436254198617885e-16
6.189075469970703 4.4377607897481944e-17
6.192135810852051 3.862835853310358e-17
6.195199012756348 3.1625420997450046e-17
6.198265075683594 3.874694314571918e-17
6.201333999633789 3.533571316527705e-17
6.204406261444092 3.180016124749065e-17
6.207481861114502 3.0166138739286046e-17
6.210559844970703 3.020873854083253e-17
6.21364164352417 3.0168133898923524e-17
6.216725826263428 3.043774183905661e-17
6.219813346862793 3.030141254794052e-17
6.222903728485107 3.0340362828624415e-17
6.225997447967529 3.059331135122068e-17
6.229094505310059 4.017439218518969e-17
6.232193946838379 3.0553451171862976e-17
6.235297203063965 3.0379359431422615e-17
6.238402843475342 3.034342339689086e-17
6.241512298583984 3.037414157611863e-17
6.244624137878418 3.72255164624953e-17
6.247739791870117 3.4594976235458264e-17
6.250857830047607 3.250715582576217e-17
6.253979682922363 3.348752697903757e-17
6.25710391998291 3.0584017149858035e-17
6.260231971740723 3.054995716095555e-17
6.263362884521484 3.057911031446437e-17
6.266496658325195 6.130878735274809e-17
6.269633769989014 3.0635947548714114e-17
6.2727742195129395 3.066430991755733e-17
6.2759175300598145 3.0692447293273936e-17
6.279064178466797 3.072040930670068e-17
6.282214164733887 3.074893711166641e-17
6.285367012023926 3.079543458825924e-17
6.288523197174072 3.081244142165333e-17
6.291682243347168 3.083069564341115e-17
6.294844627380371 3.086127154757356e-17
6.298010349273682 3.088643769052987e-17
6.301178932189941 3.09118486789475e-17
6.304350852966309 3.09609269590515e-17
6.307526111602783 3.097886685217655e-17
6.310704708099365 3.099586375940329e-17
6.3138861656188965 5.5063596889029886e-17
6.317070960998535 3.100405946491246e-17
6.320259094238281 3.066098796021732e-17
6.323450088500977 3.056696068562719e-17
6.3266448974609375 3.058999932004802e-17
6.329842567443848 3.061368646406909e-17
6.333043098449707 3.0637284272584e-17
6.336247444152832 3.066274158311593e-17
6.339454650878906 3.074816948805796e-17
6.342665672302246 3.202887337813911e-17
6.345879554748535 3.075007200346683e-17
6.349096775054932 3.077923839186545e-17
6.352316856384277 3.0828925476900285e-17
6.355540752410889 3.0912199403527224e-17
6.358767509460449 3.136249005922149e-17
6.361998081207275 3.1358807451134404e-17
6.365231513977051 3.092599346742216e-17
6.368468284606934 3.0958061605409614e-17
6.371708393096924 3.099040436736044e-17
6.3749518394470215 3.102240633089889e-17
6.378198623657227 3.127198988276329e-17
6.381448268890381 3.639907700377112e-17
6.384701728820801 3.22587667227023e-17
6.387958526611328 3.2781127970807084e-17
6.391218662261963 3.1337585305338744e-17
6.394481658935547 3.87316436131094e-17
6.3977484703063965 3.1381915568726686e-17
6.4010186195373535 3.127434900187029e-17
6.40429162979126 3.13033698064811e-17
6.407568454742432 3.133426003927628e-17
6.410848617553711 3.13649616748918e-17
6.4141316413879395 3.139871726132886e-17
6.417418479919434 4.3808537414547513e-17
6.420708656311035 3.1456467702974865e-17
6.424002170562744 3.148637193647988e-17
6.4272990226745605 3.1517788256144646e-17
6.430599212646484 3.154969095800959e-17
6.433902740478516 3.1577345260248464e-17
6.4372100830078125 3.1688584509024595e-17
6.440520286560059 3.183280841190689e-17
6.44383430480957 3.1674684566011254e-17
6.4471516609191895 5.0723446389413154e-17
6.450472354888916 3.17339073891476e-17
6.45379638671875 3.1754421468338916e-17
6.457123756408691 3.1783415803170124e-17
6.460454940795898 3.181280718469536e-17
6.463789463043213 3.184200996904093e-17
6.467127323150635 3.187102746492929e-17
6.470468521118164 3.190061075235664e-17
6.473813056945801 3.193109401229044e-17
6.477161407470703 3.195715351030831e-17
6.480513095855713 3.200550718019571e-17
6.48386812210083 3.245875583376047e-17
6.487226963043213 3.349689397229412e-17
6.490589141845703 3.2226457047975976e-17
6.493954658508301 3.2099951353814566e-17
6.497323513031006 6.354503374283825e-17
6.500696182250977 3.215318538931603e-17
6.504072189331055 3.221556142494743e-17
6.507452011108398 3.244736721108684e-17
6.51083517074585 3.297150524314739e-17
6.514221668243408 3.5896726909045214e-17
6.517611980438232 3.2783804727269306e-17
6.521005630493164 3.24015612574861e-17
6.524402618408203 3.2348443027270396e-17
6.527803421020508 3.2365102444807214e-17
6.531208038330078 3.239183692220493e-17
6.534615993499756 3.241838280242298e-17
6.538027286529541 3.244474339418382e-17
6.541442394256592 3.247112052955691e-17
6.54486083984375 3.2497686262109664e-17
6.548283100128174 3.252409979342971e-17
6.551708698272705 3.255033134501499e-17
6.555138111114502 3.257638422558796e-17
6.558570861816406 3.2602228656646566e-17
6.562007427215576 3.262788779924796e-17
6.5654473304748535 3.2653368270837044e-17
6.5688910484313965 3.2678653527801565e-17
6.572338581085205 3.2703766731198675e-17
6.575789451599121 3.273737342512548e-17
6.5792436599731445 9.035837784887536e-17
6.582702159881592 3.281698128727758e-17
6.5861639976501465 3.284562158880662e-17
6.589629173278809 3.288195797875485e-17
6.5930986404418945 3.2918115697690766e-17
6.596571445465088 3.295418738984298e-17
6.600047588348389 3.298977269979501e-17
6.603528022766113 3.302518595617963e-17
6.607011795043945 3.3060499950890744e-17
6.610498905181885 3.3095618730977295e-17
6.613990306854248 3.3130555531329085e-17
6.617485046386719 3.3166111062779064e-17
6.620983600616455 3.320149454066163e-17
6.624485492706299 3.3237883870169065e-17
6.627991676330566 3.328426223275369e-17
6.631501197814941 3.333343315708629e-17
6.635014533996582 1.0004026883845743e-16
6.638531684875488 3.3646107428631335e-17
6.64205265045166 3.4602453948195743e-17
6.6455769538879395 7.402633854617117e-17
6.649105548858643 4.066926205254905e-15
6.652637481689453 4.831592927564369e-16
6.656173229217529 4.1371654065543433e-16
6.659712791442871 1.5110350447989512e-16
6.6632561683654785 4.584869700083728e-16
6.666803359985352 3.755968088635447e-17
6.670353889465332 3.392497648290256e-17
6.673908710479736 3.461348522884475e-17
6.677467346191406 7.867072607508491e-17
6.681029319763184 1.1383265190238702e-16
6.684595584869385 2.582121176794019e-16
6.688165187835693 9.360876619880125e-16
6.691739082336426 7.940180815279397e-17
6.695316314697266 4.4749336247318374e-17
6.698897838592529 3.709540095214071e-17
6.702483177185059 3.6314767447017264e-17
6.706071853637695 3.973760111709229e-17
6.709664821624756 3.4668641632089786e-17
6.713261604309082 3.454779716204069e-17
6.716862201690674 1.0079915080219318e-16
6.720466613769531 1.5364959287511294e-16
6.724074840545654 4.3319849034818535e-17
6.727686882019043 8.13537426401823e-17
6.7313032150268555 3.74610710311708e-17
6.734922885894775 3.9335392816044505e-17
6.738546848297119 2.7494954165670606e-15
6.7421746253967285 4.2662828738690526e-16
6.7458062171936035 3.460801591063455e-17
6.749441623687744 3.463589851472249e-17
6.753081321716309 3.467233085762177e-17
6.7567243576049805 3.5002101298067063e-17
6.760371685028076 3.5276678939320365e-17
6.764023303985596 3.480671131121469e-17
6.767678260803223 3.483048779074191e-17
6.771337509155273 3.552761906738935e-17
6.77500057220459 5.66510987595845e-17
6.77866792678833 3.5997993668356406e-17
6.782339096069336 3.908351301079966e-17
6.786014080047607 3.6233703746987067e-17
6.7896928787231445 5.1039657685257475e-17
6.7933759689331055 3.676646430975287e-17
6.797062873840332 3.6143835536516856e-17
6.800754070281982 3.5627175217193784e-17
6.804449081420898 4.5767820574497766e-17
6.80814790725708 3.6742194830580564e-17
6.8118510246276855 3.538692226263898e-17
6.815558433532715 3.533333419383535e-17
6.81926965713501 3.538271356768231e-17
6.82298469543457 3.5580853102890815e-17
6.826704025268555 3.5941493923796584e-17
6.830427169799805 3.565798934937261e-17
6.8341546058654785 3.564726247118902e-17
6.837885856628418 3.56118028926901e-17
6.841621398925781 3.560978457199547e-17
6.845361232757568 3.568557085971758e-17
6.849104881286621 3.596698101283057e-17
6.8528523445129395 3.6182736186364e-17
6.85660457611084 3.6048494699113994e-17
6.860360622406006 3.588823010979307e-17
6.8641204833984375 3.5908929477441597e-17
6.867884635925293 3.6022600637218634e-17
6.871653079986572 3.5922812876842687e-17
6.875425815582275 3.593770874531354e-17
6.879202365875244 3.597633807991977e-17
6.882983207702637 3.6026372580811876e-17
6.886767864227295 3.613407149656628e-17
6.890557289123535 3.621741821508712e-17
6.894350528717041 3.616499812530841e-17
6.898148059844971 3.6292929878845864e-17
6.901949405670166 4.1096675407129165e-17
6.905755519866943 4.621649326491388e-17
6.909565448760986 3.6625833679451505e-17
6.913379669189453 3.635950468326658e-17
6.917198181152344 3.639973213081626e-17
6.921020984649658 3.644420466926956e-17
6.924847602844238 3.651077616496783e-17
6.9286789894104 3.65462059649647e-17
6.932514190673828 3.6567811922564585e-17
6.936354160308838 3.6667043817568897e-17
6.940197944641113 3.729445369474547e-17
6.9440460205078125 3.6889174899263887e-17
6.9478983879089355 3.695149468661363e-17
6.951755046844482 3.683232112140189e-17
6.955615997314453 3.680514327519585e-17
6.959481716156006 3.6909096717136614e-17
6.963351249694824 3.690844489881392e-17
6.967225074768066 3.800015125381651e-17
6.971103191375732 3.70094469603291e-17
6.974985599517822 3.727888284689477e-17
6.978872776031494 3.7554128850083015e-17
6.982763767242432 3.7238579298728736e-17
6.986659049987793 3.718392251257368e-17
6.990559101104736 3.717454228442733e-17
6.9944634437561035 3.717658376617911e-17
6.9983720779418945 3.721492193320972e-17
7.002285003662109 3.725327995257503e-17
7.006202220916748 3.729092659661354e-17
7.010124206542969 3.732830854285604e-17
7.014050006866455 3.736762940045436e-17
7.017980575561523 3.7480830721643466e-17
7.021915435791016 3.7485204852722646e-17
7.02585506439209 3.747897783707135e-17
7.02979850769043 3.75203434851439e-17
7.033746719360352 3.756901810110897e-17
7.0376996994018555 3.730527983460256e-17
7.041656494140625 3.6841896564172806e-17
7.045618057250977 3.667344288678761e-17
7.049583911895752 3.670909106246619e-17
7.053554534912109 3.6744547332242665e-17
7.057529449462891 3.67801988166437e-17
7.061508655548096 3.6815221643779196e-17
7.065492630004883 3.6849860659110467e-17
7.069481372833252 3.6884321003429426e-17
7.073473930358887 3.691843393189111e-17
7.077471733093262 3.6956378360950145e-17
7.081473350524902 3.699089164482831e-17
7.085479736328125 3.702325425911383e-17
7.08949089050293 3.7056682282028325e-17
7.093506336212158 3.708731112574994e-17
7.097526550292969 3.712006416928459e-17
7.101551055908203 3.720148852006186e-17
7.1055803298950195 3.915658085215667e-16
7.109614372253418 3.722518559025028e-17
7.11365270614624 5.19938965486211e-17
7.1176958084106445 3.7521557786283127e-17
7.121743202209473 3.7324834384283315e-17
7.125795364379883 3.755951545023196e-17
7.129852294921875 5.818772902246711e-17
7.133913516998291 3.742862239010157e-17
7.137979507446289 3.746092213866054e-17
7.142050266265869 3.7494538758754695e-17
7.146125793457031 3.755013191336316e-17
7.150205612182617 7.447875340167847e-17
7.154290199279785 3.8248292202692615e-17
7.158379554748535 3.869203820538036e-17
7.162473678588867 3.808351782467205e-17
7.166572093963623 4.05746450312694e-17
7.170675754547119 8.660055588305106e-17
7.174783706665039 6.228642219255717e-17
7.178896427154541 3.9408416320520687e-17
7.183013916015625 9.600968902872745e-17
7.187136173248291 3.9835347395716456e-17
7.191263198852539 3.8620778249970144e-17
7.195394992828369 3.9499971979440506e-17
7.199531078338623 3.858672818723501e-17
7.203672409057617 3.800998808566099e-17
7.207818508148193 3.801471625004234e-17
7.211969375610352 3.804384624249401e-17
7.216124534606934 3.810125257700519e-17
7.220284938812256 3.8123331681915454e-17
7.22445011138916 3.8203363060541185e-17
7.2286200523376465 3.820685707144861e-17
7.232794761657715 3.990639559288986e-17
7.236974239349365 1.287574121376772e-16
7.241158962249756 3.8396771122645884e-17
7.24534797668457 3.836054722926096e-17
7.249542236328125 4.4638901018097645e-17
7.253741264343262 3.9120928044266657e-17
7.2579450607299805 3.873892941994477e-17
7.262153625488281 3.8762732369251594e-17
7.266367435455322 4.053845091638653e-17
7.270585536956787 3.859479816129108e-17
7.274808883666992 4.4062663842336054e-17
7.2790374755859375 4.554092824119692e-17
7.283270835876465 3.8807486149113163e-17
7.287508964538574 3.876209047709625e-17
7.291751861572266 4.131843922063218e-17
7.296000003814697 3.887448447000751e-17
7.300252914428711 3.9019181520200184e-17
7.304510593414307 3.9318862438683246e-17
7.308773517608643 1.9765276919651663e-16
7.313041687011719 4.2282984754428215e-17
7.317314147949219 4.0505178403427196e-17
7.321592330932617 3.91637230604377e-17
7.3258748054504395 3.917933692168025e-17
7.33016300201416 3.922787588002486e-17
7.334455966949463 3.9270823097428616e-17
7.338753700256348 3.931132516894166e-17
7.343056678771973 3.935468266792924e-17
7.347364902496338 3.9398734998631366e-17
7.351677894592285 3.944258880598648e-17
7.355996131896973 3.948648562673344e-17
7.360319137573242 3.9530666997611124e-17
7.364647388458252 3.9591196766115304e-17
7.368980884552002 3.9759058182181915e-17
7.373319149017334 3.970988394912686e-17
7.3776631355285645 3.970951998965734e-17
7.382011890411377 3.975429031313116e-17
7.3863654136657715 3.979889189176002e-17
7.3907246589660645 3.9843281712152064e-17
7.3950886726379395 3.9887413452192993e-17
7.399457931518555 3.993130696421751e-17
7.40383243560791 3.99748629865521e-17
7.408212184906006 4.0018184089592727e-17
7.412596702575684 4.006110152849443e-17
7.41698694229126 4.0104111611624735e-17
7.421381950378418 4.0147462493167414e-17
7.425782680511475 4.019094241488565e-17
7.430188179016113 4.0233429719868825e-17
7.43459939956665 4.02767210444074e-17
7.4390153884887695 4.0318447343227026e-17
7.443436622619629 4.0359753434295474e-17
7.4478631019592285 4.040108268642107e-17
7.452295303344727 4.0442147240750656e-17
7.456732273101807 4.048507460581971e-17
7.461174964904785 4.052500426834887e-17
7.465622425079346 4.056440453528599e-17
7.470075607299805 4.070930010882568e-17
7.474534034729004 3.5501924852329985e-16
7.478997707366943 4.2173492511105796e-17
7.483467102050781 4.073096893215212e-17
7.487941265106201 4.291470258823496e-17
7.4924211502075195 4.230048789618984e-17
7.496906280517578 4.132757460331722e-17
7.501396656036377 4.091140018480709e-17
7.505892276763916 4.095008245897252e-17
7.5103936195373535 4.099743027723505e-17
7.514900207519531 4.1030355374337114e-17
7.519412517547607 4.1047822120151783e-17
7.523930072784424 4.107744511224853e-17
7.5284528732299805 4.1122427193959166e-17
7.5329813957214355 4.11689643752214e-17
7.537515163421631 4.127113772448395e-17
7.542054176330566 4.198179836723031e-17
7.5465989112854 4.918326255861902e-17
7.551149368286133 4.291025897398433e-17
7.5557050704956055 4.141836925607349e-17
7.560266494750977 4.145581737676499e-17
7.564833164215088 4.150544490479572e-17
7.5694050788879395 4.155974434892615e-17
7.573983192443848 4.1995963008039665e-17
7.578566551208496 4.9103634844132213e-17
7.583155155181885 5.848121932124583e-17
7.587749481201172 4.2889189029421377e-17
7.592349529266357 4.197734482681232e-17
7.596955299377441 4.2152726969008265e-17
7.601566314697266 4.1890047493685925e-17
7.606183052062988 4.192741289631617e-17
7.610805511474609 4.2180834566222817e-17
7.615433692932129 4.247668067538608e-17
7.620067119598389 4.208323718010891e-17
7.624706745147705 4.211114625397645e-17
7.629351615905762 4.2153646793849424e-17
7.634002208709717 4.258378402109945e-17
7.63865852355957 4.5593732142779856e-17
7.643320083618164 4.2346932433223465e-17
7.6479878425598145 4.234268734231984e-17
7.652661323547363 4.23677310625455e-17
7.6573405265808105 4.2411697366463917e-17
7.662024974822998 4.2459389291861274e-17
7.666715621948242 4.250972488649635e-17
7.671411991119385 4.270919783685229e-17
7.676114082336426 4.414117651735714e-17
7.680821895599365 4.278671458641586e-17
7.685535430908203 4.2775441769027985e-17
7.6902546882629395 4.4128517345262626e-17
7.694979667663574 5.0511188535509597e-17
7.699710845947266 5.3871533673389917e-17
7.7044477462768555 4.332412059550176e-17
7.709190368652344 4.295191248091005e-17
7.7139387130737305 4.2961719534252477e-17
7.718693256378174 4.34027490758086e-17
7.723453044891357 4.967563023771263e-17
7.728219509124756 7.617381853036704e-17
7.7329912185668945 5.084799993732894e-17
7.73776912689209 4.4536572158879935e-17
7.742552757263184 4.339304128413968e-17
7.747342586517334 4.340809266256569e-17
7.752138137817383 4.600924150807749e-17
7.756939888000488 4.196908757906557e-16
7.761747360229492 7.486306813171551e-17
7.7665605545043945 8.279260015466115e-17
7.7713799476623535 5.307725168815935e-17
7.776205539703369 7.192778794956904e-17
7.781036853790283 4.425426534198294e-17
7.785874366760254 4.3589377565612814e-17
7.790717601776123 4.374199238862885e-17
7.795567035675049 4.820091278931839e-17
7.800422668457031 4.834654620796448e-17
7.80528450012207 1.279073748704381e-16
7.810152053833008 5.153249520293902e-17
7.815025806427002 4.631084810302658e-17
7.8199052810668945 4.416976057060452e-17
7.824791431427002 4.407790712666418e-17
7.829683303833008 4.422670368397267e-17
7.83458137512207 4.920424316767581e-17
7.8394856452941895 4.406310721114438e-17
7.844396114349365 4.559302407617551e-17
7.849312782287598 9.09269434207639e-16
7.8542351722717285 4.489593581291992e-17
7.859164237976074 4.678491192952562e-17
7.864099502563477 4.987525538930128e-17
7.869040489196777 4.815518624505646e-17
7.873988151550293 3.051580717480242e-16
7.878942012786865 4.455664617798537e-17
7.883901596069336 4.4306169271059415e-17
7.8888678550720215 4.435615414111477e-17
7.893840312957764 4.439559742144375e-17
7.8988189697265625 4.4448444336418535e-17
7.903804302215576 4.451765950135452e-17
7.908795356750488 4.455377751562104e-17
7.913793087005615 4.4823623683770537e-17
7.918797016143799 4.5871383587189405e-17
7.923807144165039 4.4767276140443425e-17
7.928823947906494 4.480213353145641e-17
7.933846950531006 4.537600166194365e-17
7.938876152038574 4.5204844758316626e-17
7.943912029266357 4.4851536066360526e-17
7.948954105377197 4.5140586059611056e-17
7.954002857208252 4.5198766635175586e-17
7.959057807922363 4.506479315444405e-17
7.964118957519531 4.503142468853366e-17
7.969186782836914 4.504990721214054e-17
7.974261283874512 4.5441150406988324e-17
7.979341983795166 4.5698224906480004e-17
7.984428882598877 4.542780302062417e-17
7.989522933959961 4.5340393190934465e-17
7.994622707366943 4.5408102887155606e-17
7.999729633331299 4.5634892650060494e-17
8.004842758178711 4.574183717709625e-17
8.009963035583496 4.5537096740599575e-17
8.01508903503418 4.550148496086794e-17
8.020221710205078 5.656131326717555e-17
8.025361061096191 4.5550060315159506e-17
8.03050708770752 4.5923820220580367e-17
8.035659790039062 5.077801384006205e-17
8.04081916809082 5.348677557454455e-17
8.045985221862793 4.5738935427507414e-17
8.05115795135498 4.720986107997371e-17
8.056337356567383 6.903163671911878e-17
8.0615234375 4.9755684777395514e-17
8.066715240478516 4.6944733150038214e-17
8.071914672851562 1.576047338129781e-16
8.077120780944824 4.6405153310302523e-17
8.0823335647583 4.6403905921938793e-17
8.087553024291992 4.621217538211635e-17
8.092779159545898 4.648761329120671e-17
8.09801197052002 4.648291821404986e-17
8.103251457214355 4.6370874945718326e-17
8.108498573303223 4.6306136482257476e-17
8.113751411437988 4.63486270959631e-17
8.119011878967285 4.6422510868276336e-17
8.124279022216797 4.750028088431863e-17
8.129552841186523 5.259588881993514e-17
8.134833335876465 4.67089535882361e-17
8.140120506286621 4.661604135311169e-17
8.145415306091309 4.6662743970496436e-17
8.150715827941895 4.6719058426599047e-17
8.156023979187012 4.679339218516551e-17
8.16133975982666 4.686664730021321e-17
8.166661262512207 4.695057304516284e-17
8.171990394592285 4.7209632778124646e-17
8.177326202392578 4.8590455300826765e-17
8.182668685913086 4.713327408141865e-17
8.188018798828125 4.707053739504018e-17
8.193375587463379 4.7122914471427036e-17
8.198740005493164 4.717629409071631e-17
8.204110145568848 4.7229620770446377e-17
8.209488868713379 4.730154577906909e-17
8.214873313903809 4.73898324202081e-17
8.22026538848877 4.743172415515023e-17
8.225665092468262 4.748647358553389e-17
8.231070518493652 4.821229479454712e-17
8.23648452758789 4.779557443683271e-17
8.241905212402344 4.771023917611929e-17
8.247332572937012 4.774800162544356e-17
8.252767562866211 4.7868697202982396e-17
8.258209228515625 4.787573816435645e-17
8.26365852355957 4.792834023386992e-17
8.26911449432373 4.798074378003638e-17
8.274578094482422 4.8046524491069046e-17
8.280049324035645 4.808835336028463e-17
8.285527229309082 4.817291107122225e-17
8.291011810302734 4.820600822189172e-17
8.296504974365234 5.418821811654462e-17
8.30200481414795 4.897336382382246e-17
8.307511329650879 4.840587821894168e-17
8.313026428222656 4.846494222340042e-17
8.318548202514648 4.954520701617017e-17
8.324076652526855 4.866615887048762e-17
8.32961368560791 4.876901050785246e-17
8.33515739440918 4.8769705339567006e-17
8.340707778930664 4.877408277936864e-17
8.346266746520996 4.884109764387523e-17
8.351832389831543 4.8897431952312544e-17
8.357406616210938 4.8982125320870624e-17
8.362987518310547 4.9625440226865365e-17
8.368575096130371 4.9499252170059175e-17
8.374171257019043 4.9283692211150306e-17
8.37977409362793 4.9232972804711005e-17
8.385385513305664 4.9301632104275356e-17
8.391003608703613 5.075486601780037e-17
8.396629333496094 5.3135571230066787e-17
8.402262687683105 4.9481183236758567e-17
8.407903671264648 7.524562262140904e-17
8.413552284240723 1.1615467361327647e-16
8.419208526611328 1.4325560128677418e-15
8.424872398376465 7.313966445698537e-16
8.430543899536133 1.0247858552602695e-16
8.436223030090332 8.739561541805743e-17
8.441908836364746 5.56340107132791e-17
8.447603225708008 8.91828681716538e-17
8.4533052444458 6.753428099172019e-17
8.459015846252441 8.137908083670603e-17
8.464733123779297 5.033560456124419e-17
8.470458030700684 5.0388732717627247e-17
8.476190567016602 5.1131832075275484e-17
8.481931686401367 5.03707994419471e-17
8.487680435180664 5.204356378132123e-17
8.493436813354492 7.219812380864117e-17
8.499200820922852 5.072886938550905e-17
8.504972457885742 5.056892905098825e-17
8.510751724243164 6.505121052428911e-17
8.516539573669434 5.05338499755711e-17
8.522335052490234 8.269249806565243e-17
8.528139114379883 5.616418054636639e-17
8.533949851989746 5.5261719880626137e-17
8.539769172668457 5.1397476165913214e-17
8.5455961227417 5.087840047920149e-17
8.551431655883789 1.195433612676653e-16
8.55727481842041 5.099213450470508e-17
8.563125610351562 5.1752703916890436e-17
8.568984985351562 5.1015014320448295e-17
8.574851989746094 5.575586434367551e-17
8.580726623535156 5.252933055912667e-17
8.586609840393066 5.5235647147718465e-17
8.592501640319824 5.123458114224437e-17
8.598401069641113 5.1301715120759175e-17
8.604308128356934 5.200406756143305e-17
8.610223770141602 5.144968449745511e-17
8.616147994995117 8.105323123236424e-17
8.622079849243164 5.1619964589632827e-17
8.628019332885742 5.4023258450066843e-17
8.633968353271484 5.1869974966693304e-17
8.639924049377441 5.269232484446902e-17
8.645889282226562 5.20196417180062e-17
8.651862144470215 5.1921465305463505e-17
8.657843589782715 5.449104563007783e-17
8.663832664489746 5.243258682340492e-17
8.669830322265625 5.5201173568509705e-17
8.675836563110352 5.246578654447035e-17
8.681851387023926 5.297835397412251e-17
8.687873840332031 5.699627792048043e-17
8.693904876708984 5.299619460557405e-17
8.699944496154785 5.295467013882389e-17
8.705992698669434 5.274997602444152e-17
8.712048530578613 5.282049151730044e-17
8.71811294555664 5.285282766180636e-17
8.724186897277832 5.2825434748641055e-17
8.730268478393555 6.117436719448578e-17
8.736358642578125 5.373491321469821e-17
8.742456436157227 7.662003284000264e-17
8.748563766479492 5.431909463306276e-17
8.754679679870605 5.3906579661582564e-17
8.760804176330566 5.320224198743856e-17
8.766937255859375 5.408516795583276e-17
8.773077964782715 5.335278885892321e-17
8.779228210449219 5.3205557327333673e-17
8.78538703918457 5.959120967650829e-17
8.79155445098877 5.402711972916624e-17
8.797730445861816 5.3528346363409016e-17
8.803915023803711 5.363669709748611e-17
8.810108184814453 5.367875426855076e-17
8.816309928894043 5.577363218323315e-17
8.822521209716797 5.914085284636501e-17
8.828741073608398 5.400375353122284e-17
8.834968566894531 5.386564745615099e-17
8.841206550598145 5.404865289487222e-17
8.847452163696289 9.753468582347511e-17
8.853707313537598 5.408602822366982e-17
8.859970092773438 5.4921480642348375e-17
8.866243362426758 5.397768741576007e-17
8.87252426147461 5.4203451474705395e-17
8.878814697265625 5.4600144135428676e-17
8.885113716125488 5.445862015006575e-17
8.891422271728516 5.537988428549056e-17
8.89773941040039 5.537782295140408e-17
8.904065132141113 5.441111020440316e-17
8.910400390625 5.4325596272677425e-17
8.916744232177734 5.463589819022567e-17
8.923097610473633 5.4636321706699295e-17
8.929459571838379 5.5207261617818096e-17
8.935831069946289 5.5211781332685085e-17
8.942212104797363 5.501734425789837e-17
8.948601722717285 5.5338465697858807e-17
8.954999923706055 5.538452642308821e-17
8.961407661437988 5.5048598450163074e-17
8.967824935913086 5.4908202739155674e-17
8.974250793457031 5.603519331036732e-17
8.98068618774414 6.864243169730033e-17
8.987131118774414 5.56682956953082e-17
8.993584632873535 5.515569517843154e-17
9.00004768371582 5.515492424610064e-17
9.00652027130127 5.53102555302483e-17
9.013002395629883 5.52884841365259e-17
9.019493103027344 5.533542498192706e-17
9.025994300842285 5.554292158422476e-17
9.032504081726074 5.549483261213338e-17
9.039023399353027 5.559394208440703e-17
9.045552253723145 5.739388047987752e-17
9.05208969116211 5.577944229985573e-17
9.058637619018555 5.567796378230772e-17
9.065195083618164 7.82323468202114e-17
9.071761131286621 5.590569653111092e-17
9.078337669372559 5.59240731755994e-17
9.084922790527344 5.581276113492936e-17
9.09151840209961 5.586734843791296e-17
9.098122596740723 5.122677255726187e-17
9.104737281799316 5.080901987814299e-17
9.111361503601074 4.099173265717579e-17
9.117995262145996 3.887533481167721e-17
9.124638557434082 3.91941004412531e-17
9.131291389465332 3.795959624274426e-17
9.137953758239746 5.4013944396369496e-17
9.14462661743164 3.836988444401546e-17
9.151308059692383 9.235850718747348e-17
9.157999992370605 4.5053371444545915e-17
9.164702415466309 7.07775966165365e-17
9.17141342163086 4.686906888800007e-15
9.17813491821289 7.058462662928422e-16
9.184865951538086 4.5936131976817606e-17
9.191607475280762 5.407922085810075e-16
9.198358535766602 4.186472584077445e-17
9.205119132995605 3.8964134304796005e-17
9.21189022064209 4.162621327422846e-17
9.218670845031738 2.713765978665098e-16
9.225461959838867 1.9325431238988226e-16
9.23226261138916 9.25793670580031e-16
9.239073753356934 8.76696239590493e-17
9.245894432067871 3.304000241531168e-16
9.252725601196289 1.214679657076149e-16
9.259567260742188 4.376258587715897e-17
9.26641845703125 3.9804265257019163e-17
9.273280143737793 3.976938470494903e-17
9.2801513671875 7.881901639785851e-17
9.287033081054688 1.636322864400887e-16
9.293925285339355 4.804401581770729e-16
9.300827026367188 6.465775048539968e-17
9.307740211486816 4.957822144877839e-17
9.31466293334961 2.907551764524713e-15
9.321596145629883 2.991519728772808e-16
9.32853889465332 4.071212244907571e-17
9.335493087768555 4.192884557313711e-17
9.342456817626953 4.688504379703639e-17
9.349431991577148 3.9993064268750716e-17
9.356416702270508 4.1225702347797637e-17
9.363411903381348 7.788057668419465e-16
9.370417594909668 4.131813812688921e-17
9.377433776855469 4.101326582288177e-17
9.384461402893066 5.1958016762371e-17
9.391498565673828 4.555555279442686e-17
9.39854621887207 4.5195497617394776e-17
9.40560531616211 4.455130589995073e-17
9.412673950195312 4.289622999079543e-17
9.419754028320312 4.114681247841723e-17
9.426844596862793 4.4436271546524205e-17
9.433945655822754 7.904594181838386e-17
9.441057205200195 5.4702770779666905e-17
9.448180198669434 4.314548267041481e-17
9.455313682556152 4.153977290021667e-17
9.462457656860352 4.34542658843584e-17
9.469612121582031 5.350253832829736e-17
9.476778030395508 4.269391484785476e-17
9.483954429626465 1.3374674589342636e-15
9.491142272949219 4.404902197967383e-17
9.498340606689453 4.517071528624269e-17
9.505550384521484 4.4134582233513865e-17
9.512770652770996 4.586415071991324e-17
9.520001411437988 4.2045104153870216e-17
9.527243614196777 4.2077513090270043e-17
9.534497261047363 4.207788697590692e-17
9.54176139831543 4.239315528585293e-17
9.549036979675293 4.3598420304069243e-17
9.556323051452637 6.396686276801579e-17
9.563620567321777 4.415006374585841e-17
9.570929527282715 4.4838119196824916e-17
9.57824993133545 5.173140897920087e-17
9.585580825805664 4.321791722229485e-17
9.592923164367676 4.3593453911671475e-17
9.600276947021484 5.152997726515441e-17
9.60764217376709 5.310799964588917e-17
9.615017890930176 4.472040808693617e-17
9.622406005859375 4.352899338089644e-17
9.629804611206055 4.3943483659679414e-17
9.637214660644531 4.4573239421073186e-17
9.644637107849121 6.210340351894613e-17
9.652070045471191 4.4603649889113085e-17
9.659514427185059 8.441198818346846e-17
9.666970252990723 5.674679363028954e-17
9.6744384765625 4.409719697854892e-17
9.681917190551758 4.739224117015185e-17
9.689408302307129 7.030740730402666e-17
9.696910858154297 1.354387021465007e-16
9.704424858093262 1.8547899727336305e-15
9.711950302124023 9.434848007163843e-16
9.719488143920898 5.562008760920861e-17
9.727036476135254 6.650375953226692e-17
9.734597206115723 9.008839933182785e-17
9.742170333862305 4.5196407516068585e-17
9.749754905700684 4.471476671515856e-17
9.75735092163086 4.5141512501897116e-17
9.764958381652832 4.6300842526337136e-17
9.772578239440918 4.923836602230485e-17
9.780210494995117 5.1058527329391035e-17
9.787854194641113 5.2942728959501074e-17
9.795509338378906 4.7085135478490514e-17
9.803177833557129 4.985825517335209e-17
9.810856819152832 6.00953795685818e-17
9.818549156188965 5.51309161560019e-17
9.826252937316895 4.559428139070659e-17
9.833968162536621 4.6631228389158166e-17
9.841696739196777 4.7321169811921296e-17
9.84943675994873 6.646462396312582e-17
9.857189178466797 1.8229157523515368e-16
9.864953994750977 4.9255730197723564e-17
9.872730255126953 4.761712841764787e-17
9.88051986694336 4.6242665259495057e-17
9.888320922851562 4.7556860038217255e-17
9.896134376525879 5.4824310081430546e-17
9.903960227966309 5.267027882678326e-17
9.911799430847168 4.876760430081112e-17
9.919650077819824 4.9251236952636176e-17
9.927513122558594 4.897863461868565e-17
9.935389518737793 4.657157212338084e-17
9.943277359008789 6.095671943171082e-17
9.951178550720215 4.724245530483075e-17
9.959091186523438 4.7574644421387145e-17
9.96701717376709 4.8919249668149243e-17
9.974956512451172 2.3545379822455692e-16
9.98290729522705 4.745636421123696e-17
9.99087142944336 5.2706539116115133e-17
9.998847961425781 6.443107652778055e-17
10.006837844848633 5.381025613361199e-17
10.014840126037598 5.337378270286981e-17
10.022854804992676 1.6734739941652566e-16
10.030882835388184 1.148464841658014e-16
10.038923263549805 5.330236392878198e-17
10.046977043151855 5.0318511701066395e-17
10.05504322052002 4.9702530151232857e-17
10.063122749328613 5.787136221666763e-17
10.071215629577637 4.9772675067177353e-17
10.079320907592773 5.966433244265797e-17
10.08743953704834 5.281444317266145e-17
10.095571517944336 5.376772581523696e-17
10.103715896606445 5.539031668737608e-17
10.1118745803833 2.300298492165936e-16
10.12004566192627 2.1825659417557127e-16
10.128230094909668 5.852822964981844e-17
10.13642692565918 5.077609147231848e-17
10.144638061523438 8.44952356403158e-17
10.152862548828125 5.180268547822334e-17
10.161100387573242 5.4815240873194515e-17
10.169350624084473 8.378501174893287e-17
10.17761516571045 5.177167613141995e-17
10.185893058776855 6.496124636086784e-17
10.194184303283691 5.391006705504509e-17
10.202488899230957 6.63723503114343e-17
10.210807800292969 5.177254301670191e-17
10.219139099121094 5.017291798708971e-17
10.227484703063965 4.993205291888162e-17
10.235843658447266 7.371071289420054e-15
10.244216918945312 5.0063326482093786e-17
10.252603530883789 4.983706280605848e-17
10.261003494262695 5.004063526353023e-17
10.269417762756348 5.0372774749249874e-17
10.27784538269043 5.035334923974468e-17
10.286287307739258 6.038165685241906e-17
10.294742584228516 5.3247091720251186e-17
10.30321216583252 5.144919149781003e-17
10.311695098876953 8.208069543227351e-17
10.32019329071045 6.822330920708706e-17
10.328704833984375 5.343543412828461e-17
10.33722972869873 5.177680795994023e-17
10.345769882202148 5.0838599856847886e-17
10.354323387145996 7.188574070467175e-17
10.36289119720459 3.7355987329641043e-16
10.37147331237793 4.471116682513273e-17
10.380069732666016 4.9596435965866805e-17
10.388679504394531 3.772547104216725e-17
10.39730453491211 3.8459186862946685e-16
10.405943870544434 3.7377244547894675e-17
10.414597511291504 3.747655916096024e-17
10.42326545715332 3.8022279989563526e-17
10.431947708129883 4.5429000778151145e-17
10.440644264221191 4.0633848002071045e-17
10.449356079101562 3.2012853205779673e-16
10.458081245422363 4.40321706562349e-17
10.466822624206543 1.3118731143533336e-16
10.475577354431152 9.388497967243394e-17
10.484347343444824 2.0329954080916703e-16
10.493131637573242 4.6736177756556444e-17
10.501931190490723 7.90250452508773e-16
10.51074504852295 2.3652301850178787e-16
10.519573211669922 5.009150025375734e-17
10.528417587280273 4.0551927342926243e-17
10.537275314331055 9.610217708563374e-16
10.546149253845215 8.715881015229575e-17
10.555037498474121 8.103907651772223e-17
10.56394100189209 6.889390122096135e-16
10.572858810424805 6.05134234152763e-17
10.581792831420898 9.036029029045158e-17
10.590741157531738 4.1499571922446593e-17
10.59970474243164 1.3867307098581165e-16
10.608683586120605 2.0537936403670096e-16
10.617677688598633 1.9312806477607197e-16
10.626687049865723 4.5194670436782223e-17
10.635712623596191 3.902786029918709e-17
10.644752502441406 8.050551061191205e-16
10.653807640075684 6.41925613142566e-16
10.66287899017334 4.205250907471379e-17
10.671964645385742 6.40262146313277e-17
10.681066513061523 1.419277950856363e-16
10.690183639526367 4.303710215783566e-17
10.69931697845459 6.342239263649869e-17
10.708465576171875 7.047370369437432e-17
10.717629432678223 4.868428736079233e-17
10.72680950164795 6.577121499923486e-17
10.736004829406738 4.259835232604773e-17
10.745216369628906 4.6543381808105034e-17
10.754444122314453 4.5368447848589814e-17
10.763687133789062 1.431597700967042e-15
10.77294635772705 1.0859890943668558e-15
10.782220840454102 5.2532824570034097e-17
10.791511535644531 7.533347581990707e-17
10.80081844329834 6.807641516518744e-17
10.810141563415527 8.422719603462411e-17
10.819480895996094 2.892931711157308e-16
10.828836441040039 4.1660094592118634e-17
10.838208198547363 5.198160795344101e-17
10.84759521484375 6.685535099727136e-17
10.856999397277832 5.1360977648564924e-17
10.866419792175293 5.491386727199044e-17
10.875856399536133 5.97738643906498e-17
10.885309219360352 4.904324404197094e-17
10.894779205322266 4.1605689268869796e-17
10.904265403747559 4.444996304002318e-17
10.91376781463623 8.066405268032539e-17
10.923286437988281 4.497234414046267e-17
10.932822227478027 4.332926565891184e-17
10.942375183105469 4.410912161425948e-17
10.951944351196289 4.597487049926469e-17
10.961529731750488 4.288658837357551e-17
10.971132278442383 4.3166638641761463e-17
10.980751991271973 6.33367695169321e-17
10.990388870239258 6.570074582849025e-17
11.000041961669922 2.995804974332086e-15
11.009712219238281 7.411116757234971e-17
11.019399642944336 6.720573808730393e-17
11.029104232788086 4.2291110976765936e-16
11.038825035095215 7.78032849277577e-17
11.048563957214355 9.418632487830946e-17
11.058320045471191 4.6237490417582925e-17
11.068092346191406 5.77413360418192e-17
11.077882766723633 5.5268578862265427e-17
11.087690353393555 1.7738656625628164e-16
11.097516059875488 5.5126740548269734e-17
11.1073579788208 4.642175647955769e-17
11.117218017578125 4.755947062023047e-17
11.127096176147461 1.7017165078464383e-15
11.136990547180176 5.434237480422245e-17
11.146903991699219 4.343612746788634e-17
11.15683364868164 5.4143239343556435e-17
11.16678237915039 4.6792485595214154e-17
11.17674732208252 5.109714342910746e-17
11.186731338500977 2.7182986637240927e-16
11.196732521057129 6.148001373954657e-17
11.206751823425293 4.4098414588410596e-17
11.216789245605469 6.84018015483862e-17
11.226844787597656 5.506807689922747e-17
11.236918449401855 8.218123427264565e-17
11.24700927734375 2.344287824792608e-16
11.257119178771973 2.283920792493419e-15
11.267247200012207 5.0728912398900904e-17
11.277393341064453 4.5400118939883244e-17
11.287557601928711 7.561662305230642e-17
11.29773998260498 1.0513356397708125e-16
11.307941436767578 1.5353133913474236e-16
11.318160057067871 7.590390618776854e-17
11.328398704528809 1.2384222023459237e-15
11.338654518127441 4.8519331003037006e-17
11.348930358886719 4.5972438588263783e-17
11.359223365783691 4.540930064468258e-17
11.369536399841309 4.6221873247617924e-17
11.379867553710938 4.954710953157904e-17
11.390216827392578 1.070281583044074e-16
11.400586128234863 2.268347085906524e-16
11.41097354888916 4.663799472656885e-17
11.421380043029785 9.365889996136687e-16
11.431805610656738 1.7187742426267026e-16
11.44225025177002 3.371873520990247e-16
11.452713966369629 3.4350852075636714e-16
11.463197708129883 8.350531882277154e-17
11.473699569702148 4.9103204710213686e-17
11.484220504760742 4.6400325884247664e-17
11.49476146697998 4.758160597342239e-17
11.505321502685547 4.692095005306609e-17
11.515901565551758 4.963518441448124e-17
11.526500701904297 1.1592136103493324e-15
11.537118911743164 1.375786911830693e-16
11.547757148742676 7.837703434128342e-15
11.558414459228516 5.033917467276797e-17
11.569091796875 2.3188493078041934e-16
11.579789161682129 4.9794512635348753e-17
11.590506553649902 6.48077613438474e-17
11.601243019104004 6.199931111066246e-17
11.61199951171875 5.4068846027985866e-17
11.62277603149414 4.720160912618288e-17
11.633573532104492 4.841629407721495e-17
11.644390106201172 1.317026515743988e-16
11.655226707458496 4.7463249662655854e-17
11.666084289550781 6.525640425576146e-17
11.676960945129395 7.289985090077196e-17
11.687858581542969 5.649459618768947e-17
11.698777198791504 4.8070248031037067e-17
11.709715843200684 4.8631629042997205e-17
11.720674514770508 6.701270721955855e-17
11.731654167175293 6.067739046501902e-17
11.742653846740723 9.11388459178763e-17
11.753674507141113 8.143527617880043e-17
11.764716148376465 8.436402494283018e-17
11.775777816772461 5.5711904657202e-17
11.786861419677734 5.488644458032308e-17
11.797965049743652 5.4196413822053794e-17
11.809089660644531 5.10915384532768e-17
11.820235252380371 5.1285327018463274e-17
11.831402778625488 1.2615969443734626e-16
11.84259033203125 9.08675174420691e-17
11.853799819946289 5.13973107297907e-17
11.865030288696289 1.2533600783570066e-16
11.87628173828125 1.3931520136916921e-16
11.887555122375488 1.0540637476054614e-16
11.898849487304688 5.086656517899708e-17
11.910165786743164 3.2725943774293467e-16
11.921503067016602 1.3683973434592872e-16
11.932862281799316 1.0135918119364914e-15
11.944242477416992 1.236412537269224e-16
11.955645561218262 5.0647835463980907e-17
11.967069625854492 8.169632776267727e-17
11.978515625 6.140178892337866e-17
11.989983558654785 6.297610553496918e-17
12.001473426818848 5.572264477027539e-17
12.012986183166504 6.327161415444252e-17
12.024519920349121 5.495825709238248e-17
12.036076545715332 7.839894099557958e-17
12.04765510559082 9.462590850815484e-17
12.059255599975586 5.2174969693431406e-17
12.070878982543945 5.250229498798599e-17
12.082525253295898 1.1441189008941095e-16
12.094193458557129 8.951443524838956e-17
12.105883598327637 2.2756765678782337e-16
12.117597579956055 1.1574433908989097e-16
12.12933349609375 2.9022082995286066e-14
12.141092300415039 1.2095633874923198e-14
12.152873992919922 7.377232924715737e-16
12.164678573608398 1.0681184064805744e-16
12.176506042480469 4.0530746225288965e-16
12.188356399536133 2.1749039993522055e-16
12.20022964477539 6.35504137255423e-17
12.212126731872559 8.865476298137545e-17
12.22404670715332 5.611331224741683e-17
12.235989570617676 5.793189198517181e-17
12.247956275939941 7.455724953308731e-17
12.259946823120117 1.8646490656627562e-16
12.271960258483887 3.977028904496912e-15
12.283997535705566 1.282474983034301e-16
12.29605770111084 5.728714771107858e-17
12.30814266204834 3.2771940310307335e-16
12.320250511169434 8.369322117071908e-17
12.332383155822754 1.0328509324071105e-16
12.344538688659668 6.451547542004056e-17
12.356719017028809 4.608830673974776e-16
12.36892318725586 5.995679703747712e-17
12.38115119934082 1.2748830531978403e-16
12.393403053283691 6.038818165309088e-16
12.405679702758789 6.200751674233899e-17
12.417981147766113 9.682075616294794e-17
12.430306434631348 1.0613555763156878e-15
12.442656517028809 6.077097437080082e-17
12.455031394958496 1.522029532454312e-16
12.467430114746094 1.1037555972006249e-16
12.479853630065918 7.390482902290958e-17
12.492302894592285 5.925619491097941e-17
12.504776000976562 7.77940469746767e-17
12.517273902893066 1.0104168677523863e-16
12.529797554016113 7.1579359623227e-17
12.542346000671387 6.20838674981111e-16
12.554920196533203 2.5959505778447214e-16
12.567519187927246 6.436255288583666e-17
12.580142974853516 1.3365148909757373e-16
12.592792510986328 7.162903678209449e-17
12.605467796325684 6.68793193827007e-17
12.618167877197266 7.143278983612751e-17
12.630894660949707 6.74128310254627e-17
12.643646240234375 1.5575260362957796e-16
12.656424522399902 3.351046833701836e-16
12.669227600097656 6.262142372319624e-17
12.68205738067627 6.688845145666329e-17
12.694912910461426 3.9181258627679334e-16
12.707794189453125 6.666678028738888e-17
12.720702171325684 7.829498093619392e-17
12.733635902404785 7.635403140734029e-17
12.746596336364746 1.309897145306067e-16
12.75958251953125 7.559687659672355e-17
12.77259635925293 8.517569426453662e-17
12.785635948181152 6.746645879893574e-17
12.798702239990234 1.125001631972376e-16
12.811795234680176 1.0419012147507267e-16
12.824915885925293 2.0036733773889925e-16
12.838062286376953 1.7277406157689814e-16
12.851236343383789 2.638417898144296e-16
12.864437103271484 2.2742990805477614e-16
12.877665519714355 7.556985756919512e-17
12.890920639038086 6.842497584042749e-17
12.904203414916992 1.2940893929279336e-16
12.917512893676758 1.570370629196401e-16
12.930850982666016 1.9615676342787773e-16
12.944215774536133 1.054682346354753e-16
12.957608222961426 9.790432967816791e-17
12.971029281616211 1.4211876131057274e-16
12.984477043151855 8.65903120783452e-17
12.997953414916992 1.0270460435660094e-16
13.011458396911621 1.2675068520651335e-16
13.02499008178711 2.102907125277876e-16
13.03855037689209 7.366297464668888e-17
13.052139282226562 7.825422409305221e-17
13.065756797790527 1.1512523741478688e-16
13.079401969909668 1.2508062740210348e-16
13.093076705932617 7.028540429973275e-17
13.106779098510742 1.240747360725696e-16
13.12051010131836 9.546744235869689e-17
13.134270668029785 1.0949215067819056e-16
13.148059844970703 4.276475856598074e-16
13.161877632141113 8.819426160819983e-17
13.175724983215332 8.791167685861701e-17
13.189600944519043 7.254226403068773e-17
13.203507423400879 7.121131057275521e-17
13.21744155883789 7.454950050510891e-17
13.231406211853027 1.5283044584066903e-16
13.245400428771973 9.052414484363099e-17
13.259424209594727 1.04151621180642e-16
13.273477554321289 1.1265436289830728e-16
13.28756046295166 1.4828101864607638e-16
13.30167293548584 7.330548042083326e-17
13.315816879272461 1.0920613809214933e-16
13.329989433288574 4.0728073138263695e-16
13.344192504882812 1.0237518794945782e-16
13.358427047729492 2.531193320840354e-16
13.372690200805664 1.0476329146512291e-16
13.386984825134277 3.863307213910615e-16
13.401309967041016 2.50043358405861e-16
13.415666580200195 1.036025982470334e-16
13.430052757263184 6.008473209973702e-16
13.444470405578613 5.0005542106190334e-14
13.458918571472168 5.710333600287068e-15
13.473398208618164 5.069480330855726e-15
13.487909317016602 4.057153562625959e-15
13.502450942993164 7.124489939958078e-16
13.517024993896484 1.2413204314540727e-15
13.53162956237793 5.360806936910239e-16
13.546266555786133 1.149518915927357e-14
13.560934066772461 7.978724784846408e-16
13.575634956359863 3.185309485099363e-16
13.59036636352539 1.2558983978719113e-16
13.605130195617676 1.8105460272969698e-16
13.619926452636719 1.4929175394527738e-16
13.63475513458252 2.50109082868612e-16
13.649615287780762 2.0922719648806083e-15
13.664508819580078 8.582493178371724e-17
13.679433822631836 3.1989504213193016e-16
13.694392204284668 3.526027736390665e-14
13.709383010864258 3.695774155459963e-15
13.724407196044922 8.192841479022495e-17
13.739463806152344 8.504841432932186e-17
13.75455379486084 2.035472185369001e-16
13.76967716217041 1.1623412265675097e-16
13.784832954406738 4.358825987916913e-16
13.800023078918457 6.690464434433462e-16
13.815245628356934 9.966406709586832e-17
13.8305025100708 2.220230267607e-15
13.845793724060059 2.559146731588726e-16
13.86111831665039 8.461331070967407e-17
13.876476287841797 1.2068709397447503e-16
13.891868591308594 5.525027567141534e-16
13.907295227050781 3.0761211148467714e-16
13.92275619506836 1.2016005419282564e-16
13.938251495361328 1.3391037677696813e-16
13.953782081604004 5.280945494269551e-16
13.969346046447754 1.0878200619614644e-16
13.984946250915527 1.004874691473832e-16
14.000579833984375 1.2465691240512932e-16
14.016249656677246 2.457942440957394e-16
14.031953811645508 2.107740771730942e-16
14.047693252563477 6.043954890738593e-16
14.063467979431152 1.70974831248032e-16
14.079277992248535 4.440059623932153e-16
14.095124244689941 1.1721212807347446e-16
14.111005783081055 2.142887477434973e-16
14.126923561096191 1.953965910623864e-16
14.142876625061035 2.333879113359833e-16
14.158865928649902 3.0763257262430926e-16
14.17489242553711 9.387226756078022e-17
14.190954208374023 1.0190295384647374e-16
14.207052230834961 6.891994536650705e-15
14.223187446594238 1.132273542173452e-16
14.239358901977539 8.148801721465681e-17
14.25556755065918 1.4485063844183691e-15
14.27181339263916 1.264910828430697e-16
14.288095474243164 1.2420838198977857e-16
14.304415702819824 7.88592967849674e-17
14.320773124694824 8.593292186704726e-17
14.337166786193848 8.336771435002313e-16
14.353599548339844 7.559661189892754e-17
14.37006950378418 1.7682877917864692e-15
14.386576652526855 9.748983278194003e-17
14.403122901916504 5.771031346012601e-16
14.419706344604492 4.3095829334348964e-16
14.436327934265137 4.186753097566774e-16
14.452988624572754 7.566519906834247e-16
14.469687461853027 1.282850986253543e-16
14.486424446105957 9.589706011652223e-17
14.50320053100586 1.0028708629835346e-16
14.520015716552734 3.436471165223616e-16
14.536870002746582 1.3698487873539666e-15
14.553763389587402 3.779399336062216e-16
14.570695877075195 7.937916325634472e-16
14.587668418884277 1.0564157860464191e-16
14.604680061340332 8.853177776790106e-17
14.621731758117676 2.398460875725441e-16
14.638822555541992 5.032169800078595e-16
14.655953407287598 5.747996814407612e-16
14.673125267028809 8.600804310155688e-17
14.690337181091309 2.6078090391062816e-16
14.707589149475098 1.1082688269716123e-16
14.724882125854492 2.3598584079455103e-16
14.742215156555176 2.7042564456453925e-16
14.759589195251465 2.020354897191778e-16
14.77700424194336 1.163470559714216e-16
14.794461250305176 8.188685723625028e-17
14.811958312988281 8.93603665727289e-16
14.829497337341309 1.1459233457695572e-16
14.847078323364258 8.399418918223528e-17
14.864701271057129 1.8634069712549465e-16
14.882365226745605 1.5740962506753398e-16
14.90007209777832 3.2836341284078264e-16
14.91781997680664 1.7037703774550728e-16
14.9356107711792 1.0096070910199214e-16
14.953444480895996 1.5954459543389009e-15
14.971320152282715 3.0842669248213976e-16
14.989239692687988 8.854071131851664e-17
15.007201194763184 2.1842067610415745e-14
15.025205612182617 1.0316924825028422e-16
15.043253898620605 1.687284866370238e-15
15.061345100402832 1.2130399865787218e-16
15.079480171203613 5.043556569867653e-16
15.09765911102295 9.917018071317006e-17
15.11588191986084 9.751321221477323e-17
15.134148597717285 1.1518392091616384e-16
15.152459144592285 1.5822660158005056e-16
15.170814514160156 2.0836557339829007e-15
15.189214706420898 3.594503425681831e-16
15.207658767700195 9.526713891900595e-17
15.22614860534668 2.146427942805598e-16
15.244683265686035 2.3950388626185336e-16
15.263262748718262 6.723009346091104e-15
15.28188705444336 8.551286631710303e-17
15.300558090209961 1.0556692720872023e-16
15.319273948669434 3.1283158144521735e-16
15.338035583496094 1.8032202510944042e-16
15.356843948364258 3.7373992073726117e-16
15.37569808959961 3.5347611331208013e-16
15.394598007202148 8.183625760556368e-16
15.413544654846191 4.2701636082564574e-16
15.432538986206055 2.383718531976276e-16
15.451579093933105 1.927837458830131e-15
15.470666885375977 1.473376357010719e-16
15.489801406860352 6.002938379058988e-16
15.508983612060547 3.183777149558221e-16
15.528213500976562 2.518167012902767e-16
15.547491073608398 1.2075776828601156e-16
15.566816329956055 1.6426585384974511e-16
15.586190223693848 2.163992626804794e-16
15.605611801147461 1.1376552454131711e-16
15.625082015991211 1.9342863441740516e-15
15.644600868225098 4.0693905946753825e-16
15.664168357849121 1.189456604093692e-16
15.683785438537598 1.0114851880571108e-16
15.703451156616211 1.2085062427285431e-16
15.723166465759277 1.1300273166764521e-16
15.742931365966797 3.0296348879102714e-16
15.762746810913086 3.8593221885915797e-16
15.782610893249512 1.0665877914751062e-16
15.802525520324707 1.2771593218946882e-16
15.822490692138672 1.167121615824017e-15
15.842506408691406 1.0880741718456407e-16
15.86257266998291 7.877102006999574e-16
15.882689476013184 1.0131046753475916e-16
15.902857780456543 9.61196047885235e-17
15.923077583312988 4.742323595857646e-16
15.94334888458252 1.0344112597401815e-16
15.963671684265137 1.041672979076111e-16
15.98404598236084 1.1089315640783897e-16
16.004472732543945 6.8670201937173856e-15
16.024951934814453 1.1226212046927953e-16
16.045482635498047 3.42579802069262e-16
16.06606674194336 2.9844136517409364e-15
16.08670425415039 1.0339173998272629e-16
16.107393264770508 4.741609970599584e-16
16.128137588500977 1.0602898368144745e-16
16.14893341064453 7.670883895056634e-16
16.169784545898438 9.315982020791075e-17
16.190689086914062 1.0718919382605923e-16
16.211647033691406 9.556322987363053e-17
16.2326602935791 3.728135049209814e-16
16.25372886657715 1.3736329335156048e-16
16.274850845336914 1.993915028441031e-16
16.29602813720703 1.570885598758552e-16
16.317258834838867 3.363572068711563e-16
16.338546752929688 1.220985155623967e-16
16.35988998413086 4.684168431281534e-16
16.381290435791016 9.753379246841355e-17
16.40274429321289 9.962826671895702e-17
16.424257278442383 9.219917896660597e-17
16.445825576782227 1.2049751741296768e-16
16.467449188232422 1.2533404907201013e-16
16.489131927490234 1.1689408043667027e-16
16.5108699798584 9.813016983772958e-17
16.53266716003418 9.106473715243644e-17
16.554519653320312 1.1171761063309303e-16
16.576431274414062 1.0062530126023618e-15
16.59840202331543 1.0600107791630236e-16
16.62042999267578 6.35903473585384e-16
16.64251708984375 1.0125035466528371e-16
16.664661407470703 1.2649387540481768e-16
16.686866760253906 2.0336721080071877e-16
16.709129333496094 1.0900719784610787e-16
16.73145294189453 9.85688336427338e-17
16.753835678100586 1.472533426879303e-16
16.77627944946289 1.0916898590359377e-14
16.798782348632812 8.245987502506782e-17
16.821346282958984 1.5944578639361492e-16
16.843969345092773 7.96392619281559e-17
16.866655349731445 1.230419911516298e-16
16.889402389526367 1.2148583280884603e-16
16.91221046447754 8.404974924961924e-17
16.93507957458496 7.4641337405437e-17
16.958009719848633 1.2758060544125515e-16
16.98100471496582 2.063173736164463e-16
17.004060745239258 3.6010885774511413e-16
17.027179718017578 9.019237924354822e-17
17.05035972595215 1.4008601882122516e-14
17.073604583740234 3.9725514353981665e-16
17.096914291381836 1.2553817713015572e-14
17.12028694152832 9.964479047887338e-17
17.143722534179688 1.1449029357659117e-16
17.16722297668457 1.1817480748780858e-16
17.190786361694336 7.867243602284718e-16
17.21441650390625 1.6251518233155828e-16
17.23811149597168 1.401043581433244e-16
17.261871337890625 1.412135345528641e-16
17.28569793701172 9.595534657120516e-17
17.309589385986328 8.280854819687117e-17
17.333545684814453 1.2295804224562301e-16
17.35757064819336 1.3077495197380833e-16
17.38166046142578 1.1606716452191326e-16
17.405818939208984 1.4914744600084484e-15
17.430044174194336 1.628616452767649e-16
17.454336166381836 1.1059823012351687e-16
17.478696823120117 9.938737187224688e-17
17.503124237060547 1.819938166844142e-16
17.527620315551758 1.1193999648641668e-16
17.552186965942383 9.578854725504507e-17
17.576820373535156 9.224319821008359e-17
17.601524353027344 1.5601184865099698e-16
17.626296997070312 1.3958391463075176e-15
17.651140213012695 9.221539832405691e-17
17.676054000854492 1.2997618666965772e-16
17.70103645324707 1.0063303308285783e-16
17.726091384887695 9.686163873754276e-17
17.751216888427734 8.752173068296971e-17
17.776412963867188 2.539479103009514e-15
17.801681518554688 1.4395683604100437e-16
17.8270206451416 8.136878409244097e-17
17.852434158325195 1.0276872078024115e-16
17.877918243408203 8.65201142228415e-17
17.90347671508789 9.472493195364479e-17
17.929107666015625 9.58451264089437e-17
17.954811096191406 9.435955635091276e-17
17.9805908203125 8.865998414540188e-17
18.00644302368164 8.856892148612715e-17
18.03236961364746 1.0603514452264974e-16
18.05837059020996 9.862903253899296e-17
18.084447860717773 8.226188769109202e-17
18.110599517822266 1.2258716092873384e-16
18.13682746887207 8.42519717483313e-17
18.163131713867188 1.2693648982442746e-16
18.189512252807617 8.079866474448982e-17
18.21596908569336 9.324133389419418e-17
18.242504119873047 1.0815418934610849e-16
18.269115447998047 9.853620302192981e-17
18.295804977416992 7.983295454039131e-17
18.322572708129883 7.951954573246232e-17
18.34941864013672 8.168002237844262e-17
18.3763427734375 1.1268002534963112e-16
18.40334701538086 9.098628072569701e-17
18.430429458618164 1.5462143083318924e-16
18.457592010498047 9.031597326195344e-17
18.48483657836914 8.124924656775971e-17
18.51215934753418 7.953113949592787e-17
18.53956413269043 2.208993634407843e-16
18.56705093383789 3.324605906159905e-16
18.59461784362793 9.960564829228737e-17
18.622268676757812 6.728063168170897e-15
18.649999618530273 6.989502799016693e-17
18.677814483642578 1.1618026989015131e-16
18.705711364746094 1.2404462669827267e-16
18.733694076538086 1.2342290451498801e-16
18.76175880432129 9.906829191403822e-17
18.789907455444336 8.073109401461159e-17
18.81814193725586 1.0717186273786502e-16
18.846460342407227 7.050784971006051e-17
18.87486457824707 1.9689290123349072e-16
18.90335464477539 1.0880811863372351e-16
18.931930541992188 2.3379901348297724e-16
18.960594177246094 2.9421784290568215e-14
18.989343643188477 5.10088799490256e-16
19.018178939819336 6.472658911772084e-16
19.047103881835938 4.0405136533167073e-16
19.07611656188965 2.778799315470711e-16
19.1052188873291 2.5031557361928486e-16
19.134408950805664 7.492461698673436e-17
19.16368865966797 9.439666036446944e-17
19.193058013916016 7.972794230726648e-17
19.222517013549805 1.8656206389230365e-16
19.252065658569336 7.340806405167964e-17
19.281707763671875 7.993893292047161e-17
19.311439514160156 3.5493774807190623e-16
19.341264724731445 1.0058242286425939e-16
19.371179580688477 4.1064054050748034e-16
19.40118980407715 4.2420283501222217e-16
19.431291580200195 2.264343796439563e-16
19.46148681640625 7.434599422208616e-17
19.491777420043945 7.55009765852266e-17
19.52216148376465 7.689177821483856e-17
19.552640914916992 1.2734560673795128e-16
19.583215713500977 7.847659009404116e-17
19.6138858795166 8.995528942765582e-17
19.644651412963867 1.0368733462898333e-16
19.675514221191406 7.527253576981906e-17
19.70647430419922 8.24097677322818e-17
19.737533569335938 7.672157091455475e-17
19.768688201904297 9.150479062086975e-17
19.799943923950195 1.263757275435655e-16
19.831296920776367 6.934066345503471e-16
19.862749099731445 7.906670736048139e-17
19.894302368164062 9.792395701974256e-17
19.925954818725586 8.342172725878938e-17
19.95771026611328 7.678349034648802e-17
19.989564895629883 7.687552577016312e-17
20.021522521972656 8.44984053964231e-17
20.05358123779297 8.414661540807165e-17
20.085744857788086 8.083142771419182e-17
20.118009567260742 7.825977612932366e-17
20.150379180908203 7.941536067995004e-17
20.18285369873047 7.912337915860862e-17
20.21543312072754 9.439635596200402e-17
20.24811553955078 7.917711942864497e-17
20.280906677246094 8.164483742390707e-17
20.31380271911621 8.482809311880713e-17
20.346805572509766 7.997889567022527e-17
20.37991714477539 7.903602888592303e-17
20.413135528564453 8.826756966280673e-17
20.446462631225586 9.310549760272317e-17
20.47989845275879 7.86674173526347e-17
20.513442993164062 8.682660780084955e-17
20.547100067138672 1.0210539472086752e-16
20.58086585998535 7.956496125681393e-17
20.614744186401367 1.0627297549237099e-16
20.648733139038086 8.378198757661337e-17
20.68283462524414 9.756007695955804e-17
20.71704864501953 8.764214171037783e-17
20.751375198364258 8.294877847175606e-17
20.785818099975586 8.764427252763577e-17
20.82037353515625 8.722614927160247e-17
20.855045318603516 1.0155189177706134e-16
20.88983154296875 1.0505039592957272e-16
20.924734115600586 1.8567529715888924e-15
20.959754943847656 1.856814143249552e-16
20.994892120361328 8.701648876482232e-17
21.030147552490234 8.662884546000037e-17
21.065521240234375 7.982071888477043e-17
21.101015090942383 8.549420512248384e-17
21.136627197265625 8.397634855078373e-17
21.172361373901367 1.4804014365170094e-16
21.208215713500977 8.385378023633807e-17
21.244192123413086 8.463397699009809e-17
21.280288696289062 1.81619745759083e-16
21.316511154174805 1.6131467194750292e-16
21.352855682373047 9.751688489669297e-17
21.389324188232422 8.227173444910386e-17
21.425918579101562 8.289097509055085e-17
21.462636947631836 1.662934654370147e-16
21.499483108520508 8.608583778380626e-17
21.536453247070312 8.448419774222189e-17
21.57355308532715 1.5663951329980221e-16
21.610780715942383 3.609993434825626e-14
21.648136138916016 1.816511071539551e-15
21.68562126159668 7.480241660222516e-16
21.723237991333008 9.764507142185909e-17
21.760982513427734 1.2886611028761156e-16
21.798860549926758 6.265069453487539e-15
21.836870193481445 1.9222892606767173e-16
21.87501335144043 8.7872402323133e-17
21.913288116455078 9.235137358187083e-17
21.951698303222656 1.2464179816097675e-16
21.990243911743164 9.374503394767977e-17
22.0289249420166 3.7233098730862205e-16
22.06774139404297 1.2489634479651647e-16
22.1066951751709 2.5537633395770684e-14
22.14578628540039 3.922157474899068e-16
22.185016632080078 1.0302147408821285e-16
22.22438621520996 9.067961509412156e-17
22.26389503479004 8.852250672759557e-17
22.303544998168945 1.2381472342754213e-16
22.343338012695312 8.927107209473156e-17
22.383270263671875 9.269000147231533e-17
22.42334747314453 9.373272550016498e-17
22.46356773376465 9.592051895869423e-17
22.50393295288086 9.009620791681035e-17
22.544445037841797 8.973707918206433e-17
22.585100173950195 9.062985190847036e-17
22.625904083251953 9.666591456972292e-17
22.666854858398438 9.1187378258776e-17
22.70795440673828 9.370307272956618e-17
22.749204635620117 1.7856432586476934e-16
22.790603637695312 1.1178622030182063e-16
22.8321533203125 1.0937653729833525e-16
22.873855590820312 2.369585522553542e-16
22.91571044921875 1.0145404623676367e-16
22.957717895507812 1.4355348953943372e-16
22.999879837036133 1.4394978184474052e-16
23.04219627380371 1.1322798949205565e-16
23.084671020507812 9.268720229312245e-17
23.127300262451172 1.632313222186822e-16
23.170087814331055 1.5174694511734297e-16
23.213035583496094 9.892662565360994e-17
23.256141662597656 2.4966298767298463e-16
23.299407958984375 9.728534049962713e-17
23.342836380004883 1.356525117912334e-16
23.386425018310547 9.861111911564752e-17
23.430179595947266 1.0101199429997043e-16
23.474096298217773 1.6364540221588134e-16
23.518178939819336 1.3315455869022128e-16
23.56242561340332 1.340847729198739e-16
23.606840133666992 1.032889379761982e-16
23.65142250061035 9.441458702270469e-17
23.69617462158203 9.788155243282065e-17
23.7410945892334 9.684961484015869e-17
23.78618621826172 3.2273736706556037e-16
23.831449508666992 1.1216741159786466e-16
23.87688636779785 1.0123178611489312e-16
23.922494888305664 1.0052616796516088e-16
23.968278884887695 9.987781056615202e-17
24.014238357543945 1.1313770107383426e-16
24.060375213623047 1.0106752128012989e-16
24.106687545776367 1.389671502371865e-16
24.153181076049805 1.3161908648019624e-16
24.199851989746094 1.1995241200674013e-16
24.2467041015625 1.0558107530591734e-16
24.293739318847656 1.5179042173033876e-16
24.340957641601562 9.933477642017831e-17
24.388357162475586 9.989864228269855e-17
24.435943603515625 1.2303855008028157e-16
24.48371696472168 9.722383796672258e-17
24.531675338745117 1.1202647325637543e-16
24.579824447631836 1.523730348142619e-16
24.62816047668457 1.0533379462487828e-16
24.676687240600586 1.1225603241997114e-16
24.725406646728516 1.5510484841805503e-16
24.77431869506836 1.0127895023288522e-14
24.82342529296875 2.2944105543913347e-16
24.872726440429688 1.5297794868749948e-16
24.922222137451172 7.324000609749948e-16
24.9719181060791 2.503176117923142e-16
25.02181053161621 1.0627846135419344e-16
25.071903228759766 1.351329629572113e-16
25.122196197509766 1.164142230371609e-16
25.172693252563477 1.0077863010555697e-16
25.223392486572266 9.784160291795679e-17
25.274295806884766 1.265876181292771e-16
25.32540512084961 3.563646809506745e-16
25.37672233581543 8.892834138844879e-17
25.42824935913086 1.2607324413716712e-16
25.479984283447266 1.0090810703247867e-16
25.53192901611328 2.4071104056058875e-16
25.584087371826172 1.3518044974181675e-16
25.636459350585938 1.804902405588092e-16
25.68904685974121 2.1698039345674486e-16
25.741849899291992 1.2134984431614232e-16
25.79486846923828 1.076318611852282e-16
25.848108291625977 2.2009849378915535e-16
25.901567459106445 1.1544111452966373e-16
25.955249786376953 1.337946244307699e-16
26.009153366088867 3.3771073905108906e-16
26.063282012939453 9.686320707198416e-17
26.11763572692871 9.779688884276462e-17
26.172216415405273 9.070821569098119e-17
26.227025985717773 9.473655880433483e-17
26.282066345214844 9.967181612384671e-17
26.337337493896484 4.1797229888023595e-16
26.392841339111328 1.0563227447711192e-16
26.44858169555664 1.4908701020005825e-16
26.50455665588379 9.429274662719808e-17
26.560768127441406 9.72647073064276e-17
26.617219924926758 1.068627817389009e-16
26.67391014099121 9.343736246447944e-17
26.730844497680664 1.2457333407603696e-16
26.788021087646484 9.036561071615153e-17
26.845443725585938 1.331269110054273e-16
26.903112411499023 1.3999571293294924e-16
26.961030960083008 6.805758853444574e-16
27.019197463989258 3.893035158683485e-16
27.07761573791504 9.582842397801503e-17
27.136287689208984 1.1184489056830779e-16
27.195215225219727 1.0723460273296594e-16
27.254398345947266 8.691534773696424e-17
27.313838958740234 1.2569743944127203e-16
27.3735408782959 1.441616327257827e-16
27.433504104614258 1.7305139869267492e-16
27.493728637695312 1.4335759993549136e-16
27.55422019958496 9.541482705429361e-17
27.614978790283203 1.056849824257438e-16
27.67600440979004 8.662623818670961e-17
27.737300872802734 8.588752619503035e-17
27.798870086669922 1.8569275662551452e-16
27.8607120513916 1.9406403618278797e-16
27.92283058166504 5.190494022205817e-16
27.985227584838867 5.425665308472685e-16
28.047903060913086 2.063439228053868e-16
28.11086082458496 2.1708439322079993e-16
28.174100875854492 1.1106923338174946e-16
28.237625122070312 1.3434874279695183e-16
28.301437377929688 1.0362293365521241e-16
28.36553955078125 1.279464177953506e-16
28.429931640625 9.864969881941699e-17
28.494617462158203 2.021436928842336e-15
28.559598922729492 1.8018058384213875e-16
28.624876022338867 1.5114269298859543e-16
28.690452575683594 1.4686297961325428e-16
28.756330490112305 2.75416002700759e-15
28.822513580322266 1.8276395492192556e-16
28.888999938964844 1.6969504387406956e-16
28.955793380737305 1.01660503900212e-16
29.022897720336914 1.0076449524324966e-16
29.090312957763672 3.824418078417598e-16
29.15804100036621 2.636889268372298e-16
29.22608757019043 1.522354846045617e-16
29.294450759887695 1.265114248686936e-16
29.363134384155273 1.0317894942450824e-16
29.43214225769043 1.9363496105544446e-16
29.501474380493164 2.077301292812599e-15
29.57113265991211 1.9459071862241273e-16
29.641122817993164 1.6171890518669024e-16
29.711444854736328 9.46471306539505e-17
29.782100677490234 1.038567279835444e-16
29.853092193603516 1.154124477583551e-16
29.92442512512207 1.0406824137489665e-16
29.9960994720459 1.7022936284510941e-16
30.068117141723633 1.3991066553108899e-16
30.14048194885254 9.58997865038212e-17
30.21319580078125 9.112692128216573e-17
30.2862606048584 1.0079588178441237e-16
30.35968017578125 1.8230038967176104e-16
30.433456420898438 1.6237141966458555e-15
30.507593154907227 1.0456173071090089e-16
30.582090377807617 1.0018221303157153e-16
30.656953811645508 1.4105834223505936e-16
30.7321834564209 8.709216586470358e-17
30.807783126831055 1.2368592148000027e-16
30.883756637573242 2.5417264402372573e-16
30.960105895996094 2.0435620117597697e-16
31.036832809448242 9.969330032046043e-16
31.113941192626953 2.7769016969710655e-16
31.19143295288086 1.127124375947534e-16
31.26931381225586 2.704105832599459e-16
31.34758186340332 3.2769293332347166e-16
31.426244735717773 4.031433989517733e-16
31.50530242919922 1.7697637731668394e-16
31.584758758544922 1.3737798407923943e-16
31.66461753845215 3.310798210328476e-16
31.74488067626953 1.41046602887806e-16
31.825551986694336 1.4444917394159593e-16
31.906635284423828 1.2254330050393383e-16
31.98813247680664 2.0793015081779808e-16
32.070045471191406 1.245319088709603e-16
32.152381896972656 2.7483378931050784e-16
32.235137939453125 2.8713043130359453e-16
32.31832504272461 2.988308150413734e-16
32.401939392089844 2.4948227848764384e-16
32.48598861694336 2.5099838805389023e-16
32.57047653198242 2.5159305812242196e-16
32.65540313720703 4.879987096214559e-16
32.74077606201172 1.500425295390101e-16
32.826595306396484 2.1991325827150267e-16
32.912864685058594 2.1404654926014178e-16
32.99959182739258 3.8756008383488273e-16
33.08677291870117 8.751865357109102e-17
33.17441940307617 1.129573492305181e-16
33.26253128051758 1.9156650659824946e-16
33.35110855102539 2.3891080438009774e-16
33.440162658691406 1.4879720581808907e-16
33.529693603515625 4.983062535565935e-16
33.61970138549805 2.3517684492058437e-16
33.71019744873047 8.863410358309412e-15
33.80118179321289 2.5383176620201507e-16
33.89265823364258 2.324678482668079e-16
33.9846305847168 2.2830971058917734e-16
34.07710266113281 2.278688034703519e-16
34.170082092285156 4.192269134937972e-16
34.26356506347656 6.781234073248009e-16
34.357566833496094 5.881822196722279e-16
34.452083587646484 1.2062295769850012e-16
34.547119140625 4.259989419070953e-16
34.64268493652344 2.3596617374830697e-16
34.73877716064453 1.2599257748383095e-16
34.83540725708008 1.954607008685817e-16
34.93257522583008 2.5432603639651756e-16
35.0302848815918 1.3659641089694012e-16
35.128543853759766 1.9735197985601275e-16
35.22735595703125 8.082336501932515e-16
35.326725006103516 2.4748730413862315e-16
35.426658630371094 4.849908956257559e-16
35.527156829833984 5.602888953235518e-16
35.62822723388672 1.563540102570183e-16
35.72987365722656 4.784814474261066e-16
35.83210372924805 1.1094470630361328e-16
35.93491744995117 1.9082193816783333e-16
36.038326263427734 1.2805138370636113e-16
36.142330169677734 9.422450091794e-17
36.2469367980957 2.7715201260802445e-16
36.352149963378906 1.7570229947418158e-15
36.457977294921875 1.375337322624158e-16
36.56441879272461 6.486040973547518e-16
36.671485900878906 4.553602008231428e-16
36.77918243408203 2.909360179867101e-16
36.88751220703125 2.3222557037411357e-16
36.996482849121094 1.8714222852161364e-16
37.106101989746094 1.1195002853288573e-16
37.21636962890625 1.2724650388312253e-16
37.327293395996094 3.747156497529389e-16
37.438880920410156 5.837051740899561e-16
37.55113983154297 2.9418026005381247e-16
37.6640739440918 7.377075694224903e-16
37.777687072753906 4.586875050586353e-16
37.89198684692383 2.4233453802267923e-16
38.00698471069336 1.306013631591804e-16
38.1226806640625 1.6014963106811384e-16
38.23908233642578 3.115423443599371e-16
38.356197357177734 3.5752141031926866e-16
38.474029541015625 3.143238682098222e-16
38.592594146728516 3.129009057979942e-16
38.71188735961914 2.0678727837882541e-16
38.8319206237793 3.1419361042440226e-16
38.952701568603516 5.582063060040495e-16
39.07423400878906 3.154029087752854e-16
39.196529388427734 2.592610515175461e-15
39.3195915222168 1.1663560039188174e-15
39.44342803955078 2.123042554271989e-16
39.568050384521484 1.6190886556000181e-16
39.69346237182617 3.4552689439055573e-16
39.81966781616211 1.6012370391899397e-16
39.94668197631836 1.2249713720830847e-16
40.07450866699219 1.1343171415076011e-16
40.203155517578125 9.389012936805545e-16
40.3326301574707 3.6047461715965038e-16
40.46294021606445 1.5448296741609277e-16
40.59409713745117 6.267729878095746e-16
40.72610855102539 2.3745724290305016e-16
40.858978271484375 9.272758723586076e-16
40.99271774291992 4.881875979686936e-16
41.12733840942383 1.3239253344015783e-16
41.26284408569336 1.3368108231116843e-16
41.39924621582031 3.0992562316142465e-16
41.536556243896484 6.887420770493769e-16
41.674774169921875 4.454201633079951e-16
41.81391906738281 1.1579598162989388e-16
41.95399475097656 1.8515379220815457e-16
42.09501266479492 2.2175090948546068e-16
42.23698425292969 3.0233943726713753e-16
42.379913330078125 1.0648076326224431e-16
42.52381134033203 2.7296070829655296e-15
42.66869354248047 1.3619604224557466e-16
42.8145637512207 1.9540154091117191e-16
42.9614372253418 2.7684176032131296e-16
43.10932159423828 1.735455365382794e-16
43.25822830200195 4.0462091557936044e-16
43.408164978027344 1.0173821917312258e-16
43.559146881103516 3.431120299277133e-16
43.711177825927734 1.256922778342497e-15
43.864280700683594 2.0698098422595063e-16
44.018455505371094 8.908047512322056e-16
44.1737174987793 1.2376252502216759e-15
44.330081939697266 2.0802295386508163e-16
44.487552642822266 2.6725750311379175e-16
44.646148681640625 5.309891786450783e-16
44.80588150024414 1.2083724379926566e-16
44.966758728027344 1.6864248632309788e-16
45.1287956237793 1.0999146336570717e-16
45.29200744628906 6.502445884153465e-16
45.45640182495117 3.6186250711350615e-16
45.62199401855469 6.184914408051509e-16
45.788795471191406 8.264571934765133e-17
45.95682144165039 1.3657057639204887e-16
46.1260871887207 1.2361958821231842e-16
46.29660415649414 8.479691833588124e-16
46.468387603759766 5.062990152655627e-16
46.641448974609375 4.710881203459974e-16
46.81580352783203 1.2123184203867795e-16
46.9914665222168 1.586921917683546e-16
47.168453216552734 2.8613985274156023e-16
47.346778869628906 3.753593153835134e-16
47.52645492553711 2.8391419426331075e-16
47.70750427246094 6.316593620636071e-16
47.88993453979492 1.8464180049620874e-16
48.073768615722656 1.294938014061964e-16
48.25901794433594 6.598024023130456e-16
48.445701599121094 1.5831554003951226e-16
48.63383483886719 1.894908258912232e-16
48.82343292236328 2.3777551553298096e-16
49.01451873779297 1.87391150328988e-16
49.20710372924805 1.5319916457656475e-15
49.401206970214844 1.9189846410423434e-16
49.59684753417969 1.4446783513621513e-16
49.79404830932617 1.4027514116131455e-16
49.992820739746094 1.3614323503526927e-16
50.19318389892578 2.1648395274031503e-16
50.395164489746094 3.876377461682341e-16
50.59877395629883 1.2717452196447368e-15
50.80403518676758 2.859852162891271e-16
51.01097106933594 1.567704857692714e-16
51.21959686279297 3.5021778932222965e-16
51.429935455322266 2.558600660035543e-16
51.64201354980469 1.5986864112275202e-16
51.85584259033203 7.320259238752146e-17
52.07145309448242 1.220841821767424e-16
52.28886413574219 8.700722434196173e-16
52.508094787597656 3.5956003333485254e-16
52.72917556762695 1.1427653687141767e-16
52.952125549316406 7.185320140460738e-16
53.17696762084961 2.370599315112287e-16
53.403724670410156 1.2380876772713175e-16
53.63242721557617 1.4838639483867074e-16
53.86309814453125 9.756128133452991e-17
54.095760345458984 5.278798795143853e-16
54.330440521240234 4.4260939035165015e-16
54.56716537475586 2.1332127729905529e-16
54.805965423583984 4.988391431595348e-16
55.04685974121094 1.1840412842338788e-16
55.28988265991211 4.943616211212302e-16
55.535064697265625 1.9776125558821419e-16
55.78242874145508 2.385698471490483e-16
56.032005310058594 1.9331036214818886e-16
56.2838249206543 2.0528820211575271e-16
56.53791809082031 1.115128007134249e-16
56.79431915283203 9.814346428453454e-17
57.05305099487305 1.3691623200897762e-16
57.31415557861328 3.2622206061056456e-16
57.577659606933594 6.25537669665343e-17
57.843597412109375 4.239642628886721e-16
58.112003326416016 7.347386130632455e-16
58.382911682128906 1.7930964868390412e-16
58.65635681152344 2.1557279675197562e-16
58.932376861572266 3.961169694867233e-16
59.21100616455078 1.2927165378088916e-16
59.492286682128906 5.997258493752055e-16
59.776248931884766 9.314765734418377e-17
60.06293487548828 1.608415378720124e-16
60.35238265991211 1.0327438621486216e-16
60.64463424682617 1.445422019820061e-16
60.93973159790039 3.835971343120351e-16
61.23771286010742 6.203608425197412e-16
61.53862380981445 3.273939306930909e-16
61.84251022338867 2.9727306851181354e-16
62.14940643310547 1.348694430663866e-16
62.45936965942383 2.9233783104463636e-16
62.77243423461914 2.6623719898926474e-16
63.08865737915039 2.6058283054986866e-16
63.4080810546875 3.9568630617260367e-16
63.73075485229492 5.466537824551257e-16
64.05673217773438 3.153613776910903e-16
64.38606262207031 1.151132730744069e-16
64.71878814697266 3.6706130417617742e-16
65.05497741699219 1.8740265144822493e-16
65.3946762084961 1.2023238286558728e-16
65.73794555664062 4.0429832837535456e-16
66.08483123779297 4.3872500313466034e-16
66.4354019165039 3.559608315232914e-16
66.78971099853516 9.952433974679586e-17
67.14781951904297 1.0757472616595794e-16
67.5097885131836 3.030456774566904e-16
67.87567901611328 1.3043351828672604e-16
68.24555969238281 1.2508027006007886e-16
68.61949157714844 1.75501772364853e-16
68.99754333496094 3.560432054774119e-16
69.3797836303711 9.883357776086508e-17
69.76628875732422 1.262247862723648e-15
70.15711975097656 3.9039131793085983e-16
70.55235290527344 1.3779018472208685e-16
70.95207214355469 1.0056439032690573e-16
71.35633850097656 9.288751764421422e-16
71.7652359008789 6.914718392452509e-17
72.1788558959961 1.1997307166971926e-16
72.5972671508789 1.1206551618128793e-16
73.02055358886719 8.694797174032333e-17
73.44880676269531 7.129296851933746e-16
73.88211822509766 1.4969044176563813e-16
74.32057189941406 2.422013156219439e-16
74.76425170898438 2.4101247841069287e-16
75.21327209472656 1.0498505395513695e-15
75.66770935058594 9.589707335141203e-17
76.12767791748047 8.688043939162552e-16
76.59326934814453 3.0933918519434906e-16
77.06459045410156 2.0254910932256912e-16
77.54175567626953 2.5743943834304875e-16
78.02485656738281 1.5328560693581e-16
78.51402282714844 2.7753542736555503e-16
79.00935363769531 1.2089534496549138e-16
79.51097869873047 3.4899001506518454e-16
80.01901245117188 1.1664384837520563e-16
80.53358459472656 1.480926067548715e-16
81.05481719970703 3.729353717862676e-16
81.58283233642578 6.714034714377589e-16
82.11778259277344 2.9824975043955696e-16
82.6597900390625 3.698064320791102e-16
83.20899963378906 1.7396283261370015e-16
83.76555633544922 4.865978759453749e-16
84.32960510253906 1.3810205166535404e-16
84.90130615234375 1.679469399245041e-16
85.4808120727539 1.0050157753991091e-16
86.06828308105469 9.26597398967857e-17
86.66387939453125 9.135067694658377e-17
87.26778411865234 1.330910576889568e-16
87.88015747070312 6.991772582617538e-16
88.50119018554688 1.78097293073477e-16
89.13106536865234 1.108202917220404e-16
89.76996612548828 1.9641889365527333e-16
90.41809844970703 1.6358170269126985e-16
91.07565307617188 9.988866979323362e-17
91.74283599853516 9.689004742850028e-17
92.41987609863281 2.41061579851854e-16
93.10697937011719 4.804707373899578e-17
93.80437469482422 1.6787241426003552e-16
94.51229858398438 3.744677735018588e-17
95.23099517822266 4.7458581055278605e-17
95.960693359375 6.667950563393239e-17
96.70166778564453 1.8264796434771093e-16
97.45417785644531 1.1240301910609937e-16
98.2184829711914 7.05634613935147e-16
98.99488067626953 4.769339116140281e-17
99.78364562988281 3.3219345098280527e-17
100.58507537841797 4.365526415576389e-17
101.39949035644531 5.05354050751227e-17
102.22720336914062 2.1867378437187362e-16
103.06853485107422 3.6861987126890494e-16
103.92383575439453 6.330340435974416e-17
104.79344940185547 3.415269930553841e-17
105.677734375 9.006893742637571e-17
106.57707977294922 1.0985837331386984e-16
107.49185180664062 2.808513760655984e-17
108.42247772216797 5.3587632052271917e-17
109.36934661865234 3.3800975491635963e-17
110.3329086303711 3.246459572888509e-17
111.31359100341797 3.289339954098768e-17
112.31187438964844 2.241923826942477e-17
113.32821655273438 2.635035126485648e-17
114.36312866210938 5.47253395754998e-17
115.41710662841797 5.535867868330715e-17
116.4906997680664 3.667427668484506e-17
117.58445739746094 2.713118163896571e-17
118.69894409179688 3.2407689011463894e-17
119.83476257324219 5.5124583261232195e-17
