WAVELENGTH FLUX
5.000441551208496 1.0986821345443677e-17
5.002439022064209 1.1009310731937769e-17
5.0044379234313965 1.1031638818212413e-17
5.006438732147217 1.105502735003235e-17
5.008440971374512 1.110311218622067e-17
5.010444641113281 1.1218042314890012e-17
5.012449741363525 1.13865216348742e-17
5.014456748962402 1.1242588899567523e-17
5.016465663909912 1.1179632183146112e-17
5.018475532531738 1.156759229814267e-17
5.020487308502197 1.143748009651053e-17
5.022500991821289 1.1310452451382599e-17
5.0245161056518555 1.1351494671835642e-17
5.0265326499938965 1.37802003478679e-17
5.02855110168457 1.2903450937107633e-17
5.030570983886719 1.1448712382048387e-17
5.032592296600342 1.14034829733346e-17
5.034615516662598 1.2976144396519406e-17
5.036640167236328 2.1458712833405744e-17
5.038666725158691 2.944801626566997e-16
5.040694713592529 6.175110398733735e-17
5.042724132537842 1.653137527195069e-16
5.044755458831787 3.916244258484947e-17
5.046788692474365 4.3021422122144104e-17
5.048823356628418 1.576813770598148e-16
5.050859451293945 1.1769585667825057e-17
5.0528974533081055 1.1782751074454451e-17
5.05493688583374 1.1805367019582264e-17
5.05697774887085 1.6129204690338837e-17
5.059020519256592 2.6715381106092455e-17
5.061065196990967 5.156400416683239e-17
5.063111305236816 5.425781378456238e-17
5.065158843994141 4.8359569339528514e-17
5.067208290100098 1.187649379891386e-16
5.0692596435546875 2.0152502001955907e-17
5.071312427520752 1.741420164779914e-17
5.073366641998291 1.3599032904467762e-17
5.075422763824463 1.2964462951908932e-17
5.077480316162109 1.3079115147892457e-17
5.079539775848389 1.3297954877930098e-17
5.081601142883301 1.2289695330302475e-17
5.083663463592529 4.4808621936181275e-17
5.085728168487549 4.0450733375508956e-17
5.087794303894043 4.346564458086468e-17
5.089861869812012 1.2007051850896168e-17
5.091931343078613 5.3481676833248774e-17
5.094002723693848 1.197250465261289e-17
5.096075534820557 1.198294698066576e-17
5.09814977645874 2.0039714271073076e-16
5.100225925445557 1.6010606842833434e-17
5.102303981781006 4.530000493947371e-16
5.10438346862793 1.2059612561379012e-17
5.106464862823486 1.2047048515054944e-17
5.108547687530518 1.2071070667224097e-17
5.110632419586182 1.2101089051653646e-17
5.1127190589904785 1.2137375810765122e-17
5.11480712890625 1.2162125881873322e-17
5.116897106170654 1.2176056430569327e-17
5.118988513946533 1.2202818204927255e-17
5.121081829071045 1.2642235571469512e-17
5.123176574707031 1.3445531343835071e-17
5.12527322769165 1.40449924424747e-17
5.127371788024902 1.8095628073336648e-17
5.129471778869629 1.430688444185389e-17
5.131573677062988 1.5294417324872772e-17
5.133677005767822 2.1384241762857594e-17
5.135782241821289 1.5555015613773928e-17
5.137889385223389 1.2664798577038121e-17
5.139997959136963 1.2475183138041978e-17
5.14210844039917 1.2483508710907324e-17
5.144220352172852 1.3331150463092464e-17
5.146334648132324 1.6256616974451605e-17
5.148449897766113 1.2971586631344238e-17
5.150567531585693 1.2580270644602552e-17
5.152686595916748 1.2607423675390218e-17
5.1548075675964355 1.2637987999024052e-17
5.156929969787598 1.2657229047252648e-17
5.159054279327393 1.2678113703358387e-17
5.16118049621582 1.3658230912185732e-17
5.163308620452881 1.8557049271353428e-17
5.165438175201416 1.3665240440696506e-17
5.167569637298584 1.279230846846317e-17
5.169702529907227 1.2801366923351239e-17
5.171837329864502 1.2824063932179081e-17
5.17397403717041 1.2929672562525564e-17
5.176112651824951 1.337903015848887e-17
5.178252696990967 1.3014790274737883e-17
5.180394649505615 1.3049793249538677e-17
5.1825385093688965 1.3096367653928475e-17
5.1846842765808105 1.3062564918196496e-17
5.186831474304199 2.4992722886530347e-17
5.188980579376221 1.3047336523119394e-17
5.191131591796875 1.304076457315266e-17
5.193284034729004 1.3059449756009621e-17
5.195438385009766 1.3081281533916733e-17
5.19759464263916 1.3105607261370692e-17
5.1997528076171875 1.3127853456764694e-17
5.2019124031066895 1.31505612189405e-17
5.204073905944824 1.317366933653278e-17
5.206237316131592 1.3359696466031669e-17
5.208402633666992 1.5814616322856345e-17
5.210569858551025 1.4370701426112356e-17
5.212738513946533 1.7639504139962657e-17
5.214909076690674 1.4918797917434892e-17
5.217081546783447 1.4152883264131217e-17
5.2192559242248535 1.3612480379686036e-17
5.221431732177734 1.3365201353008209e-17
5.223609447479248 3.356627457335262e-17
5.2257890701293945 1.3513750583313545e-17
5.227970600128174 1.343151807707781e-17
5.230154037475586 1.3446431316341529e-17
5.232339382171631 1.3475165089279784e-17
5.23452615737915 1.3498729810570194e-17
5.236714839935303 1.3513241867236824e-17
5.238905429840088 1.3531382765250725e-17
5.241097927093506 1.3553029254700625e-17
5.243292331695557 1.3579766213640177e-17
5.24548864364624 1.3608096322439505e-17
5.247686386108398 1.3636300699785726e-17
5.249886512756348 1.3664417395987016e-17
5.2520880699157715 1.369255477170362e-17
5.254291534423828 1.3720499414337499e-17
5.256496906280518 1.3748436612345864e-17
5.25870418548584 1.3778763535143896e-17
5.260913372039795 1.3809927564721831e-17
5.263123989105225 1.3841051889630364e-17
5.265336990356445 1.3872189449428698e-17
5.267551422119141 1.3903776168299648e-17
5.269767761230469 1.3934275971845703e-17
5.271986484527588 1.3965784935739073e-17
5.274206638336182 1.3996815789238387e-17
5.276428699493408 1.4026452016224937e-17
5.278652667999268 1.4057127182060854e-17
5.28087854385376 1.4087418536092545e-17
5.283106327056885 1.411822274210402e-17
5.285336017608643 5.629188399805478e-17
5.287567615509033 1.4664338963040105e-17
5.289800643920898 1.4397586450381554e-17
5.292036056518555 1.4250713915177864e-17
5.294273376464844 1.429104724184595e-17
5.296512126922607 1.43616636507396e-17
5.298753261566162 1.441312421100775e-17
5.30099630355835 1.4405760649194803e-17
5.303240776062012 1.441960434392649e-17
5.305487632751465 1.4507674263745012e-17
5.307735919952393 1.457940074902071e-17
5.309986591339111 1.4526803642590913e-17
5.312238693237305 1.4560345816429938e-17
5.314493179321289 1.459541662004096e-17
5.316749572753906 1.4649843449985726e-17
5.319007396697998 1.4704453914026476e-17
5.321267604827881 1.4706101657806682e-17
5.323529243469238 1.4808369305659063e-17
5.325793266296387 1.4917495935150734e-17
5.328059196472168 1.4832714885447724e-17
5.330327033996582 1.4837850022690453e-17
5.332596778869629 1.4895393669183317e-17
5.33486795425415 1.496658083269963e-17
5.337141513824463 1.494371590620744e-17
5.339416980743408 1.497688419440959e-17
5.341694355010986 1.500627723029605e-17
5.3439741134643555 1.503951996475333e-17
5.346255302429199 1.50792196710722e-17
5.348538398742676 1.5141134139921795e-17
5.350823879241943 1.518956391042555e-17
5.3531107902526855 1.517628600723285e-17
5.355400085449219 1.520533989906816e-17
5.357690811157227 1.5238107831853837e-17
5.359983921051025 1.5270915469308915e-17
5.362278938293457 1.5303445174078176e-17
5.3645758628845215 1.5336431482545565e-17
5.366875171661377 1.537056591770318e-17
5.369175910949707 1.5403007941327508e-17
5.37147855758667 1.544248761760344e-17
5.373783588409424 1.546855042434376e-17
5.3760905265808105 1.550249957104416e-17
5.37839937210083 1.5536562868669095e-17
5.380710124969482 1.5579998122634255e-17
5.383022785186768 1.560088443310122e-17
5.3853373527526855 1.5629966449077358e-17
5.3876543045043945 1.56668835198156e-17
5.389973163604736 1.569427146989723e-17
5.392293930053711 1.6146462986639144e-17
5.394616603851318 1.8975185762276533e-17
5.396941184997559 1.924203753660859e-17
5.39926815032959 1.6793468772527096e-17
5.401597023010254 1.5943893072069808e-17
5.403927803039551 1.0909247685853964e-16
5.4062604904174805 1.6961948919691897e-17
5.408595085144043 1.6177245685954692e-17
5.4109320640563965 1.5973307614652193e-17
5.413270950317383 1.6004156488416746e-17
5.415611743927002 1.603485646967104e-17
5.417954444885254 1.6065927027839756e-17
5.420299530029297 1.6099652835774768e-17
5.422646522521973 1.6131287531121246e-17
5.424995422363281 1.6239309047314546e-17
5.427346706390381 1.7028101862000212e-17
5.429699420928955 2.119316800444152e-17
5.43205451965332 2.8645539236674716e-17
5.434412002563477 1.6304203020730556e-17
5.436770915985107 1.631029603312262e-17
5.439132213592529 1.6336999077657058e-17
5.441495418548584 1.6366718022704863e-17
5.44386100769043 1.639674798766299e-17
5.44622802734375 1.6491281496788e-17
5.4485979080200195 1.7646546755697934e-17
5.450969219207764 2.6646625853577048e-17
5.453342914581299 5.625598435946998e-17
5.455718517303467 2.0717115635749902e-17
5.458096027374268 1.7402827914376535e-17
5.460475921630859 1.6645257859092295e-17
5.462857723236084 1.6626113590995367e-17
5.4652419090271 1.666717152788005e-17
5.467628002166748 1.6689363129353622e-17
5.470016002655029 1.6710699426073815e-17
5.472406387329102 1.6738659785139332e-17
5.474798679351807 1.6766580439535447e-17
5.4771928787231445 1.6794593738160168e-17
5.479589462280273 1.6822597110617538e-17
5.481987953186035 1.6850734486334142e-17
5.484388828277588 1.690133643312646e-17
5.486791610717773 1.695725880561872e-17
5.489196300506592 1.695901408287856e-17
5.491603374481201 1.70111198440245e-17
5.494012355804443 1.7027481476540798e-17
5.496423721313477 1.701573054875887e-17
5.498836994171143 1.7047664683487092e-17
5.5012526512146 1.7075750774005717e-17
5.5036702156066895 1.9754126855866693e-17
5.506089687347412 1.9746538300927132e-17
5.508511543273926 1.7150211918386515e-17
5.5109357833862305 1.717680081199642e-17
5.513361930847168 1.7203636205428865e-17
5.515789985656738 1.7230051391110134e-17
5.5182204246521 1.7255940489921818e-17
5.520652770996094 1.7282456591637818e-17
5.523087501525879 1.7317282549787526e-17
5.525524616241455 1.7356590172496046e-17
5.527963161468506 1.739587297978619e-17
5.530404567718506 1.7458705619115717e-17
5.532847881317139 1.7528590800347872e-17
5.535293102264404 1.7543923420182155e-17
5.537740707397461 1.8168099021163644e-17
5.540190696716309 2.093678337358071e-17
5.542642593383789 5.033108815509965e-17
5.5450968742370605 1.772745825449542e-17
5.547553062438965 1.770505985786871e-17
5.55001163482666 1.7742775985078678e-17
5.552472114562988 1.7780594682684602e-17
5.554934978485107 1.8824681904183735e-17
5.557399749755859 1.9869078491231963e-17
5.5598673820495605 2.640454648422973e-17
5.562336444854736 8.890224880320641e-17
5.564808368682861 3.45136246765749e-17
5.567281723022461 2.124581805043052e-17
5.56975793838501 1.9085035347623575e-17
5.572236061096191 1.814426133027109e-17
5.574716567993164 1.8142726083054192e-17
5.5771989822387695 1.818332576187952e-17
5.579683780670166 1.8223773239472138e-17
5.5821709632873535 1.8264081750721847e-17
5.584660053253174 1.8304272802324573e-17
5.587151527404785 1.834429841780479e-17
5.5896453857421875 1.8384428258042187e-17
5.592141151428223 1.842481286990825e-17
5.594639301300049 1.8467748506783428e-17
5.597139835357666 1.8511254898281267e-17
5.599642276763916 1.855442876317286e-17
5.602147102355957 1.861684450347366e-17
5.604654312133789 1.871391745707921e-17
5.607163906097412 1.8691183225123802e-17
5.609675407409668 1.872633012935118e-17
5.612189292907715 1.8768967981205838e-17
5.6147050857543945 1.881165546389725e-17
5.617223739624023 1.8854253611082506e-17
5.619744300842285 1.889669293959015e-17
5.622267246246338 1.8938971795058962e-17
5.624792098999023 1.8981095140572612e-17
5.627319812774658 1.9023054704324977e-17
5.629849433898926 1.9064857103760957e-17
5.632381439208984 1.9106500684519326e-17
5.634915828704834 1.9147985446600086e-17
5.637452125549316 1.918931304436446e-17
5.63999080657959 1.92304867865349e-17
5.642531871795654 1.9271509981833855e-17
5.64507532119751 1.9312405791318476e-17
5.647621154785156 1.9353688721329773e-17
5.6501688957214355 1.9397841968066628e-17
5.652719497680664 1.943505682382539e-17
5.655272006988525 1.9474427312260463e-17
5.657826900482178 1.9514538954524384e-17
5.660384178161621 1.9554495086833146e-17
5.662943363189697 1.9594297363547972e-17
5.665505409240723 1.9634078133566873e-17
5.668069362640381 1.9674112020853214e-17
5.670636177062988 1.9714013559241547e-17
5.6732048988342285 1.9753757933313495e-17
5.67577600479126 1.9793348451791508e-17
5.678349494934082 1.9838975734379933e-17
5.680925369262695 3.2190441604105417e-16
5.683503150939941 1.9939898386556303e-17
5.686083793640137 2.018179246744641e-17
5.688666820526123 2.3962338739058767e-17
5.691251754760742 2.1406420129441366e-17
5.693839073181152 2.0068566330838926e-17
5.696429252624512 2.0107357792845213e-17
5.699021339416504 2.0146005325424915e-17
5.701615810394287 2.0184424556155553e-17
5.704212665557861 2.0222708129265733e-17
5.706812381744385 2.0260852736033003e-17
5.709414005279541 2.0298843487206338e-17
5.712018013000488 2.0336682037146964e-17
5.714624404907227 2.0374366731493655e-17
5.717233180999756 2.041190418769131e-17
5.719844341278076 2.0449430063360392e-17
5.7224578857421875 2.0486587016476274e-17
5.72507381439209 2.0523578533469645e-17
5.727692127227783 2.0560500567291562e-17
5.730312824249268 2.059727370860322e-17
5.732936382293701 2.0633916155378094e-17
5.735561847686768 2.0671640554394187e-17
5.738189697265625 2.0841528562961553e-17
5.740819931030273 2.0837164358049723e-17
5.743453025817871 2.0782785504580487e-17
5.746088027954102 2.0817805022993532e-17
5.748725891113281 2.0850710267760892e-17
5.751365661621094 2.0886274071016996e-17
5.7540082931518555 2.092421188263113e-17
5.756653308868408 2.214175226113773e-17
5.759300231933594 4.916865454900133e-17
5.7619500160217285 2.5138842687376614e-17
5.764602184295654 2.945070030132158e-17
5.767257213592529 2.6291283951675293e-17
5.769914150238037 2.4357843568422422e-17
5.772573471069336 2.7071297071339322e-17
5.775235652923584 2.3905193793621154e-17
5.777900218963623 2.1248332679492682e-17
5.780567169189453 2.1272322571617945e-17
5.783236503601074 2.179854509882213e-17
5.785908222198486 2.3014100243858604e-17
5.788582801818848 2.3880052466083217e-17
5.791259288787842 2.77569189569437e-17
5.793938636779785 2.900439996490227e-17
5.7966203689575195 4.9470095707827906e-17
5.799304485321045 2.191540917576362e-17
5.8019914627075195 2.1624665116618582e-17
5.804680347442627 2.2821919717782934e-17
5.807372093200684 6.118234121559079e-17
5.8100666999816895 2.712842051008101e-17
5.812763214111328 2.180401772575478e-17
5.815462589263916 2.5301588818535197e-16
5.818163871765137 4.0741153179853874e-17
5.820868492126465 2.3444790027757814e-17
5.823575019836426 2.2441446414510593e-17
5.826284408569336 2.311206324380326e-17
5.828996181488037 2.2010051872729488e-17
5.831710338592529 2.4594435421586064e-17
5.834427356719971 4.9674769969875577e-17
5.837146759033203 3.1475529253010537e-17
5.839868545532227 2.2548703615817894e-17
5.842592716217041 2.212869107926552e-17
5.845319747924805 2.2175390387927812e-17
5.848049640655518 2.222193914971862e-17
5.850781440734863 2.848217106569549e-17
5.853516101837158 3.233430154751819e-17
5.856253147125244 2.309305132460434e-17
5.858993053436279 2.2609807447667186e-17
5.8617353439331055 2.2929769180408823e-17
5.864480495452881 2.2596445172052005e-17
5.867228031158447 2.2707477625674997e-17
5.869977951049805 2.2706575998807315e-17
5.872730255126953 2.2786478337257487e-17
5.875485420227051 2.3082337681310553e-17
5.878243446350098 2.309490090045401e-17
5.8810038566589355 2.454736057292567e-17
5.8837666511535645 2.5289659219740957e-17
5.886532306671143 2.320233015532872e-17
5.889300346374512 2.2966825217489973e-17
5.89207124710083 2.3015082934426317e-17
5.8948445320129395 2.3063843577175093e-17
5.897620677947998 2.3116237197174202e-17
5.900399208068848 2.3165370071198626e-17
5.9031805992126465 2.3207504997240853e-17
5.905964374542236 2.3256354975495784e-17
5.908751010894775 2.330220890557205e-17
5.9115400314331055 2.3349548452028458e-17
5.914331436157227 2.3397647350287192e-17
5.917126178741455 2.3445463352776432e-17
5.919922828674316 2.3501245104564558e-17
5.922722816467285 2.3546902165655035e-17
5.925525188446045 2.3602779870394217e-17
5.928329944610596 2.3656546610210164e-17
5.931137561798096 2.3703919243891076e-17
5.933948040008545 2.3755062166804004e-17
5.936760902404785 2.3810784361588027e-17
5.939576625823975 2.3856256134221292e-17
5.942394733428955 2.3882548897171902e-17
5.945215702056885 2.3905941564894902e-17
5.948039531707764 2.3950644059558493e-17
5.950865745544434 2.4001512358508054e-17
5.953694820404053 2.40521490468861e-17
5.956526279449463 2.410260540989061e-17
5.9593610763549805 2.4152883101882807e-17
5.962197780609131 2.4209604530846794e-17
5.965037822723389 2.4368309057532443e-17
5.9678802490234375 2.4359613734933285e-17
5.9707255363464355 2.4558143699390912e-17
5.973573207855225 2.44842351116593e-17
5.976424217224121 2.4450181740201716e-17
5.979277610778809 2.4499083003654626e-17
5.982133388519287 2.4547858535654428e-17
5.984992504119873 2.4596280034352057e-17
5.98785400390625 2.4645045640184508e-17
5.990718364715576 2.4693784776237358e-17
5.993585109710693 2.4742300573524818e-17
5.996455192565918 2.4790559944822387e-17
5.999327659606934 2.4838751487309726e-17
6.002202987670898 2.489350588077706e-17
6.0050811767578125 2.532372582608834e-17
6.007961750030518 2.5223281284306027e-17
6.010845184326172 2.5032740230204437e-17
6.013731479644775 2.507739143967005e-17
6.016620635986328 2.5129073684342363e-17
6.01951265335083 2.5691412571451837e-17
6.022407531738281 2.5595638291407997e-17
6.025304794311523 2.5267102004436636e-17
6.028204917907715 2.531380462182138e-17
6.031108379364014 2.5360017548283493e-17
6.0340142250061035 2.5407282648484773e-17
6.036922454833984 2.618124907787104e-17
6.039834022521973 2.6164591314695446e-17
6.04274845123291 2.5551566108371172e-17
6.045665264129639 2.5589942325709957e-17
6.048585414886475 2.563531979975339e-17
6.051507949829102 2.60769217502934e-17
6.054433822631836 2.6087842188740326e-17
6.057362079620361 2.577062834999359e-17
6.060293197631836 2.5817936463586723e-17
6.06322717666626 2.5863009535164738e-17
6.066164016723633 2.687860700200632e-17
6.069103717803955 2.7128030080831884e-17
6.072046279907227 2.6005595620434178e-17
6.074991703033447 2.6038596818152594e-17
6.077939987182617 2.607824027618981e-17
6.080891132354736 2.6121159369452737e-17
6.083845138549805 2.6164131402274867e-17
6.086802005767822 2.6206904911749984e-17
6.089762210845947 2.6249461699904612e-17
6.092724800109863 2.629183981704693e-17
6.0956902503967285 2.6334016102119782e-17
6.098658561706543 2.63759988269293e-17
6.101629734039307 2.6417938538346962e-17
6.104604244232178 2.646073190015678e-17
6.10758113861084 2.7570800010396818e-17
6.110561370849609 2.897119031766949e-17
6.11354398727417 2.668698068694106e-17
6.116529941558838 2.662453351377698e-17
6.119518756866455 2.6664357297187734e-17
6.1225104331970215 2.6704776650639525e-17
6.125504970550537 2.674499913510553e-17
6.12850284576416 2.6788368214621684e-17
6.131503105163574 2.683579709658425e-17
6.134506702423096 2.6883406303920352e-17
6.137512683868408 2.6930674712844082e-17
6.140522003173828 2.697683800846944e-17
6.1435346603393555 2.702284248541719e-17
6.146549701690674 2.706909015346503e-17
6.1495680809021 2.711532789534552e-17
6.152588844299316 2.7161383657491247e-17
6.155612945556641 2.7207255785540988e-17
6.158640384674072 2.725290126610289e-17
6.161670207977295 2.731451298684829e-17
6.164703369140625 2.7419025602883138e-17
6.167739391326904 2.754758270496368e-17
6.170778274536133 2.787901743280143e-17
6.173820495605469 3.5019472090930677e-17
6.176865577697754 2.8709807861547636e-17
6.179913520812988 3.6161431322507084e-17
6.182964324951172 2.8961542083004674e-17
6.186018466949463 3.1064632246808496e-17
6.189075469970703 2.917237387753219e-17
6.192135810852051 2.850007456287359e-17
6.195199012756348 2.8134801530537524e-17
6.198265075683594 2.8644894035796925e-17
6.201333999633789 2.8474842245468273e-17
6.204406261444092 2.824389341844347e-17
6.207481861114502 2.8162862805637773e-17
6.210559844970703 2.821225210565209e-17
6.21364164352417 2.8267782394534e-17
6.216725826263428 2.8354457687839756e-17
6.219813346862793 2.840146139896747e-17
6.222903728485107 2.845579062159995e-17
6.225997447967529 2.861472510449589e-17
6.229094505310059 2.9428449142843906e-17
6.232193946838379 2.883805394371786e-17
6.235297203063965 2.8686408576379736e-17
6.238402843475342 2.8737108130484336e-17
6.241512298583984 2.88402840226493e-17
6.244624137878418 2.948861495187856e-17
6.247739791870117 2.954097217593072e-17
6.250857830047607 2.921040764209738e-17
6.253979682922363 2.9287434700738316e-17
6.25710391998291 2.916174626102211e-17
6.260231971740723 2.9278676512412604e-17
6.263362884521484 3.1436681542722596e-17
6.266496658325195 3.041766120250627e-17
6.269633769989014 2.93121508574414e-17
6.2727742195129395 2.936860427988692e-17
6.2759175300598145 2.942478307836907e-17
6.279064178466797 2.948074019244706e-17
6.282214164733887 2.9536713850137296e-17
6.285367012023926 2.959635026357992e-17
6.288523197174072 2.965613226081035e-17
6.291682243347168 2.9715914258040784e-17
6.294844627380371 2.9776897321520643e-17
6.298010349273682 2.983702673460835e-17
6.301178932189941 2.989693446329189e-17
6.304350852966309 2.995936674720494e-17
6.307526111602783 3.00179973090227e-17
6.310704708099365 3.008057517672356e-17
6.3138861656188965 4.6376039861463107e-17
6.317070960998535 3.056245751437245e-17
6.320259094238281 3.0328514293530206e-17
6.323450088500977 3.025993440330466e-17
6.3266448974609375 3.031739367737504e-17
6.329842567443848 3.0375742997784533e-17
6.333043098449707 3.0433824311675557e-17
6.336247444152832 3.0491978417460485e-17
6.339454650878906 3.063694347417163e-17
6.342665672302246 3.0681035509543155e-17
6.345879554748535 3.0666063540455945e-17
6.349096775054932 3.0724108458400016e-17
6.352316856384277 3.081415864860499e-17
6.355540752410889 3.095658260647437e-17
6.358767509460449 3.1679369717000754e-17
6.361998081207275 3.1686377591150304e-17
6.365231513977051 3.101074308426189e-17
6.368468284606934 3.106688879551954e-17
6.371708393096924 3.112332567435281e-17
6.3749518394470215 3.117937212393695e-17
6.378198623657227 3.1583307578103746e-17
6.381448268890381 3.181283365447496e-17
6.384701728820801 3.3134463132542785e-17
6.387958526611328 3.3959043089249946e-17
6.391218662261963 3.17042215313243e-17
6.394481658935547 3.199608393865751e-17
6.3977484703063965 3.22081002558222e-17
6.4010186195373535 3.1629795128529226e-17
6.40429162979126 3.167477059279496e-17
6.407568454742432 3.172892445313758e-17
6.410848617553711 3.1782982360529147e-17
6.4141316413879395 3.2381007473625384e-17
6.417418479919434 3.310288799420041e-17
6.420708656311035 3.1973581317273615e-17
6.424002170562744 3.199661002552709e-17
6.4272990226745605 3.205176642877213e-17
6.430599212646484 3.210734965721324e-17
6.433902740478516 3.2156060669125263e-17
6.4372100830078125 3.2338447376748305e-17
6.440520286560059 3.2573508945778724e-17
6.44383430480957 3.2324858453645284e-17
6.4471516609191895 3.325921189508313e-17
6.450472354888916 3.417124469487185e-17
6.45379638671875 3.256840358703805e-17
6.457123756408691 3.251232735895185e-17
6.460454940795898 3.256250413490932e-17
6.463789463043213 3.261241952179322e-17
6.467127323150635 3.26620834457709e-17
6.470468521118164 3.271228338278552e-17
6.473813056945801 3.2763350205082095e-17
6.477161407470703 3.281193217681856e-17
6.480513095855713 3.290167134711321e-17
6.48386812210083 3.3640475983021074e-17
6.487226963043213 3.531872287549521e-17
6.490589141845703 3.329485345331682e-17
6.493954658508301 3.381014065282305e-17
6.497323513031006 3.668613845482907e-17
6.500696182250977 3.3601671286124986e-17
6.504072189331055 3.3327080409981883e-17
6.507452011108398 3.371079956997788e-17
6.51083517074585 3.490501014648804e-17
6.514221668243408 3.8595066167809546e-17
6.517611980438232 3.456811271788499e-17
6.521005630493164 3.3689782564974135e-17
6.524402618408203 3.3616146946844664e-17
6.527803421020508 3.365398218806284e-17
6.531208038330078 3.37079209814462e-17
6.534615993499756 3.3761687721262144e-17
6.538027286529541 3.3819388532071393e-17
6.541442394256592 3.3878991858289514e-17
6.54486083984375 3.393837019138102e-17
6.548283100128174 3.399763271918677e-17
6.551708698272705 3.40566239317516e-17
6.555138111114502 3.4115347137797966e-17
6.558570861816406 3.417472547088947e-17
6.562007427215576 3.42344214413362e-17
6.5654473304748535 3.4301429688397895e-17
6.5688910484313965 3.437780492871614e-17
6.572338581085205 3.445385922295672e-17
6.575789451599121 3.468459298302226e-17
6.5792436599731445 4.258290059220524e-17
6.582702159881592 3.526674615452483e-17
6.5861639976501465 3.4754582389011596e-17
6.589629173278809 3.482885659057396e-17
6.5930986404418945 3.490281646350355e-17
6.596571445465088 3.4976557960751426e-17
6.600047588348389 3.5049707196680715e-17
6.603528022766113 3.5122552030144585e-17
6.607011795043945 3.5195112313477736e-17
6.610498905181885 3.5267341724565867e-17
6.613990306854248 3.5339230337241625e-17
6.617485046386719 3.541091711784792e-17
6.620983600616455 3.548206457669483e-17
6.624485492706299 3.555398296787264e-17
6.627991676330566 3.563488454050278e-17
6.631501197814941 3.570942343986116e-17
6.635014533996582 8.442998101615271e-17
6.638531684875488 3.5871623631815455e-17
6.64205265045166 3.6858870310342394e-17
6.6455769538879395 8.964567241565477e-17
6.649105548858643 2.7006578261689826e-15
6.652637481689453 5.879352036889849e-16
6.656173229217529 5.2515169227039765e-16
6.659712791442871 1.8697217342256254e-16
6.6632561683654785 6.056305160505153e-16
6.666803359985352 3.706466953802314e-17
6.670353889465332 3.667929270807958e-17
6.673908710479736 3.673399581634894e-17
6.677467346191406 1.0277538454725587e-16
6.681029319763184 1.6387633780801634e-16
6.684595584869385 2.1218312971574152e-16
6.688165187835693 8.091793095393017e-16
6.691739082336426 8.97865842873644e-17
6.695316314697266 5.122911844147907e-17
6.698897838592529 4.166127249731091e-17
6.702483177185059 4.016483328603103e-17
6.706071853637695 4.317661443994885e-17
6.709664821624756 3.788160965459276e-17
6.713261604309082 3.772734377907407e-17
6.716862201690674 1.1035769923627625e-16
6.720466613769531 2.2407600169078393e-16
6.724074840545654 4.745774063977625e-17
6.727686882019043 1.17207906143628e-16
6.7313032150268555 3.7981397414968705e-17
6.734922885894775 4.420498522980948e-17
6.738546848297119 2.1779417241988555e-15
6.7421746253967285 6.703080460787223e-16
6.7458062171936035 3.799658445101518e-17
6.749441623687744 3.8048941675067335e-17
6.753081321716309 3.811363381641388e-17
6.7567243576049805 3.8300404581283456e-17
6.760371685028076 3.846570835489605e-17
6.764023303985596 3.833414031538582e-17
6.767678260803223 3.839577850591082e-17
6.771337509155273 3.846660501868006e-17
6.77500057220459 6.816065523876984e-17
6.77866792678833 4.037902343384551e-17
6.782339096069336 4.303553382339426e-17
6.786014080047607 4.075590346453692e-17
6.7896928787231445 6.077516321342278e-17
6.7933759689331055 4.054097216289359e-17
6.797062873840332 4.123280286617579e-17
6.800754070281982 3.922283338701074e-17
6.804449081420898 5.813244027032407e-17
6.80814790725708 4.0068099476476627e-17
6.8118510246276855 3.9271259848792044e-17
6.815558433532715 3.927895262848879e-17
6.81926965713501 3.935109932151566e-17
6.82298469543457 3.9483597112034406e-17
6.826704025268555 3.967758420056789e-17
6.830427169799805 3.96091068807383e-17
6.8341546058654785 3.965430072068575e-17
6.837885856628418 3.968957170200501e-17
6.841621398925781 3.973728347973707e-17
6.845361232757568 3.987877768659794e-17
6.849104881286621 4.034253153394212e-17
6.8528523445129395 4.0613231352483773e-17
6.85660457611084 4.0121115136296375e-17
6.860360622406006 4.0074343035740177e-17
6.8641204833984375 4.016531966823121e-17
6.867884635925293 4.037104610401805e-17
6.871653079986572 4.029093531605351e-17
6.875425815582275 4.033868018101007e-17
6.879202365875244 4.0411740081433206e-17
6.882983207702637 4.050040722565399e-17
6.886767864227295 4.067901537223889e-17
6.890557289123535 4.081772363479668e-17
6.894350528717041 4.073174317320547e-17
6.898148059844971 4.0850026692078103e-17
6.901949405670166 4.900379414419706e-17
6.905755519866943 5.5062157594764044e-17
6.909565448760986 4.106589767089729e-17
6.913379669189453 4.105397303518673e-17
6.917198181152344 4.1123350327522775e-17
6.921020984649658 4.119250593545466e-17
6.924847602844238 4.126211483836222e-17
6.9286789894104 4.133022819872229e-17
6.932514190673828 4.1397884955384225e-17
6.936354160308838 4.149066815033307e-17
6.940197944641113 4.180584050732803e-17
6.9440460205078125 4.1700202925660105e-17
6.9478983879089355 4.178479703254468e-17
6.951755046844482 4.179385300589091e-17
6.955615997314453 4.184040342204294e-17
6.959481716156006 4.19403367662067e-17
6.963351249694824 4.2014220538519936e-17
6.967225074768066 4.2378775578084306e-17
6.971103191375732 4.225311029942525e-17
6.974985599517822 4.23186329301068e-17
6.978872776031494 4.248663992996122e-17
6.982763767242432 4.2412127500382444e-17
6.986659049987793 4.244407983308414e-17
6.990559101104736 4.2494640420845834e-17
6.9944634437561035 4.254966778391531e-17
6.9983720779418945 4.262326038865293e-17
7.002285003662109 4.271202679454722e-17
7.006202220916748 4.280170640783777e-17
7.010124206542969 4.289079375980973e-17
7.014050006866455 4.298127739265568e-17
7.017980575561523 4.315768193008874e-17
7.021915435791016 4.320640617689056e-17
7.02585506439209 4.324255066093668e-17
7.02979850769043 4.333366625977062e-17
7.033746719360352 4.34308004247415e-17
7.0376996994018555 4.3074805050155826e-17
7.041656494140625 4.2429326239678647e-17
7.045618057250977 4.2215136091864166e-17
7.049583911895752 4.229865155522997e-17
7.053554534912109 4.238165416661599e-17
7.057529449462891 4.246427296619779e-17
7.061508655548096 4.254655427608966e-17
7.065492630004883 4.26282400159405e-17
7.069481372833252 4.2709439373591154e-17
7.073473930358887 4.279029462410699e-17
7.077471733093262 4.2874822556542556e-17
7.081473350524902 4.295480099560908e-17
7.085479736328125 4.3031295349935537e-17
7.08949089050293 4.311155833913278e-17
7.093506336212158 4.31913647246319e-17
7.097526550292969 4.327076413726964e-17
7.101551055908203 4.3356946430930313e-17
7.1055803298950195 1.0426190751735247e-16
7.109614372253418 4.350631208850024e-17
7.11365270614624 5.887293235468154e-17
7.1176958084106445 4.372968063239161e-17
7.121743202209473 4.373842558582752e-17
7.125795364379883 4.3853827207446016e-17
7.129852294921875 6.548203265708633e-17
7.133913516998291 4.3967660494623114e-17
7.137979507446289 4.40430563530961e-17
7.142050266265869 4.411824045333227e-17
7.146125793457031 4.419687885980646e-17
7.150205612182617 7.852764368144793e-17
7.154290199279785 4.449597744313828e-17
7.158379554748535 4.4491636399283604e-17
7.162473678588867 4.467449956293948e-17
7.166572093963623 4.495300465774118e-17
7.170675754547119 4.950382482448537e-17
7.174783706665039 4.5805073480564704e-17
7.178896427154541 4.634534484329249e-17
7.183013916015625 9.781097076551272e-17
7.187136173248291 4.536730303062204e-17
7.191263198852539 4.518662031506086e-17
7.195394992828369 4.5427452296044446e-17
7.199531078338623 4.5323055485295354e-17
7.203672409057617 4.528933629480524e-17
7.207818508148193 4.536280316808975e-17
7.211969375610352 4.543970118655513e-17
7.216124534606934 4.552124796006306e-17
7.220284938812256 4.5595892738539844e-17
7.22445011138916 4.568085080489394e-17
7.2286200523376465 4.5813811816555714e-17
7.232794761657715 4.614863467618248e-17
7.236974239349365 1.3256760456244345e-16
7.241158962249756 4.5999752092090284e-17
7.24534797668457 4.649789018313707e-17
7.249542236328125 4.808494206743846e-17
7.253741264343262 4.6540417192789644e-17
7.2579450607299805 4.6353699367479275e-17
7.262153625488281 4.6535923947702256e-17
7.266367435455322 4.707134803204048e-17
7.270585536956787 4.677153476465941e-17
7.274808883666992 4.8120136948141365e-17
7.2790374755859375 4.910246355638484e-17
7.283270835876465 4.7043624246630153e-17
7.287508964538574 4.689254136210857e-17
7.291751861572266 4.7663715229746855e-17
7.296000003814697 4.704501391005924e-17
7.300252914428711 4.7023364939067505e-17
7.304510593414307 4.7066586780434625e-17
7.308773517608643 2.1470572618156284e-16
7.313041687011719 4.865885652004e-17
7.317314147949219 4.802752911548238e-17
7.321592330932617 4.747845985975948e-17
7.3258748054504395 4.7462961803802686e-17
7.33016300201416 4.7544846067000535e-17
7.334455966949463 4.7627064511165856e-17
7.338753700256348 4.770791976168169e-17
7.343056678771973 4.778860957607501e-17
7.347364902496338 4.7869004914170266e-17
7.351677894592285 4.794924805103281e-17
7.355996131896973 4.802912061098093e-17
7.360319137573242 4.810853656723092e-17
7.364647388458252 4.81900601796817e-17
7.368980884552002 4.829963514106537e-17
7.373319149017334 4.835502315488192e-17
7.3776631355285645 4.8421363040008675e-17
7.382011890411377 4.8499382715384677e-17
7.3863654136657715 4.8584539305085786e-17
7.3907246589660645 4.8670771229583214e-17
7.3950886726379395 4.875650353699066e-17
7.399457931518555 4.8841729609863224e-17
7.40383243560791 4.8926452756923355e-17
7.408212184906006 4.9010672978171054e-17
7.412596702575684 4.909439358232877e-17
7.41698694229126 4.9177733683404714e-17
7.421381950378418 4.9260898422190795e-17
7.425782680511475 4.9343411342654185e-17
7.430188179016113 4.942542464602759e-17
7.43459939956665 4.950699788931512e-17
7.4390153884887695 4.958805166317797e-17
7.443436622619629 4.9668810960742745e-17
7.4478631019592285 4.974880263469907e-17
7.452295303344727 4.9828526302136934e-17
7.456732273101807 4.9907498889578596e-17
7.461174964904785 4.998590568548127e-17
7.465622425079346 5.0064726071690226e-17
7.470075607299805 5.024304635942196e-17
7.474534034729004 4.002760865461991e-16
7.478997707366943 5.1149325290869756e-17
7.483467102050781 5.037758232297003e-17
7.487941265106201 5.5336569799894835e-17
7.4924211502075195 5.261507279270147e-17
7.496906280517578 5.153080775448941e-17
7.501396656036377 5.075813834430363e-17
7.505892276763916 5.084625954932013e-17
7.5103936195373535 5.0945686658949e-17
7.514900207519531 5.102939071949447e-17
7.519412517547607 5.109715004655236e-17
7.523930072784424 5.11788424038481e-17
7.5284528732299805 5.127589715948017e-17
7.5329813957214355 5.137242913696511e-17
7.537515163421631 5.1575349776114166e-17
7.542054176330566 5.2942589993158165e-17
7.5465989112854 6.966506516243229e-17
7.551149368286133 5.1785308067914826e-17
7.5557050704956055 5.184741940575021e-17
7.560266494750977 5.194053347294408e-17
7.564833164215088 5.203325711088882e-17
7.5694050788879395 5.213537752059217e-17
7.573983192443848 5.2972391656267226e-17
7.578566551208496 6.58840225824524e-17
7.583155155181885 8.606157823080131e-17
7.587749481201172 5.393956431568873e-17
7.592349529266357 5.2805757776229644e-17
7.596955299377441 5.304027009733333e-17
7.601566314697266 5.277227681375595e-17
7.606183052062988 5.285089205917299e-17
7.610805511474609 5.318056323794477e-17
7.615433692932129 5.3560460823510775e-17
7.620067119598389 5.3136305766450734e-17
7.624706745147705 5.320343643624309e-17
7.629351615905762 5.3291852117557655e-17
7.634002208709717 5.373383787990189e-17
7.63865852355957 5.939790087607709e-17
7.643320083618164 5.36099758549782e-17
7.6479878425598145 5.366300474968775e-17
7.652661323547363 5.3714409061674244e-17
7.6573405265808105 5.379530070813703e-17
7.662024974822998 5.387793605133108e-17
7.666715621948242 5.396006185126779e-17
7.671411991119385 5.4455526494574805e-17
7.676114082336426 5.554852656005542e-17
7.680821895599365 5.43540479770268e-17
7.685535430908203 5.4711035968347534e-17
7.6902546882629395 5.625373442820383e-17
7.694979667663574 7.119377434376909e-17
7.699710845947266 7.449750062308138e-17
7.7044477462768555 5.4624162151694765e-17
7.709190368652344 5.471412631511603e-17
7.7139387130737305 5.4802591627267354e-17
7.718693256378174 5.504233834728727e-17
7.723453044891357 6.733559882602985e-17
7.728219509124756 1.1953478505907436e-16
7.7329912185668945 6.658198434843484e-17
7.73776912689209 5.774792701694002e-17
7.742552757263184 5.564283838477627e-17
7.747342586517334 5.557227656980305e-17
7.752138137817383 6.011921560511313e-17
7.756939888000488 4.085980529040746e-16
7.761747360229492 1.040659120342917e-16
7.7665605545043945 1.2138106542118252e-16
7.7713799476623535 7.060544378745197e-17
7.776205539703369 1.0414995358452709e-16
7.781036853790283 5.605915507835176e-17
7.785874366760254 5.611351738820874e-17
7.790717601776123 5.642286308496887e-17
7.795567035675049 6.353153415524139e-17
7.800422668457031 6.439153729450052e-17
7.80528450012207 1.4933471439757093e-16
7.810152053833008 6.954688421395561e-17
7.815025806427002 5.960809739589417e-17
7.8199052810668945 5.763621792957596e-17
7.824791431427002 5.716966159431645e-17
7.829683303833008 5.772951066778214e-17
7.83458137512207 6.157284987405462e-17
7.8394856452941895 5.853245819710981e-17
7.844396114349365 5.735471182351191e-17
7.849312782287598 1.1028205919408644e-15
7.8542351722717285 5.852666131537704e-17
7.859164237976074 6.24600705641892e-17
7.864099502563477 6.508680576040849e-17
7.869040489196777 5.853104868134602e-17
7.873988151550293 3.6133562615053437e-16
7.878942012786865 5.836954332110627e-17
7.883901596069336 5.79799677223734e-17
7.8888678550720215 5.808123448168459e-17
7.893840312957764 5.818211081174665e-17
7.8988189697265625 5.82827555312372e-17
7.903804302215576 5.838265909689891e-17
7.908795356750488 5.850942287141144e-17
7.913793087005615 5.984227553603038e-17
7.918797016143799 5.943642764028736e-17
7.923807144165039 5.888573711056386e-17
7.928823947906494 5.898109449157897e-17
7.933846950531006 5.981892919042168e-17
7.938876152038574 5.960737609440002e-17
7.943912029266357 5.916411316519e-17
7.948954105377197 5.942331186449472e-17
7.954002857208252 5.948518497431369e-17
7.959057807922363 5.945934385197753e-17
7.964118957519531 5.954070533702825e-17
7.969186782836914 5.963031877586979e-17
7.974261283874512 6.035293052410632e-17
7.979341983795166 6.079361926725007e-17
7.984428882598877 6.02965631284445e-17
7.989522933959961 6.001904734165541e-17
7.994622707366943 6.016312235202745e-17
7.999729633331299 6.027047716064703e-17
8.004842758178711 6.030376290849616e-17
8.009963035583496 6.035559735440119e-17
8.01508903503418 6.042981861640435e-17
8.020221710205078 7.15636365741436e-17
8.025361061096191 6.29187719923519e-17
8.03050708770752 6.144662211257903e-17
8.035659790039062 6.946377572345118e-17
8.04081916809082 7.588134070065809e-17
8.045985221862793 6.093396865614317e-17
8.05115795135498 6.100839505893824e-17
8.056337356567383 1.0567274677012291e-16
8.0615234375 6.850224112708484e-17
8.066715240478516 6.140513735049827e-17
8.071914672851562 2.676060836413665e-16
8.077120780944824 6.218298491131864e-17
8.0823335647583 6.225294453880592e-17
8.087553024291992 6.179760477265263e-17
8.092779159545898 6.193166097144542e-17
8.09801197052002 6.203982310834286e-17
8.103251457214355 6.209417880075494e-17
8.108498573303223 6.219713962596064e-17
8.113751411437988 6.231835798164661e-17
8.119011878967285 6.245365164263579e-17
8.124279022216797 6.298435748876001e-17
8.129552841186523 7.503969435355273e-17
8.134833335876465 6.277386980136731e-17
8.140120506286621 6.281934488272303e-17
8.145415306091309 6.292069105137303e-17
8.150715827941895 6.304206822573661e-17
8.156023979187012 6.319311140558879e-17
8.16133975982666 6.326355410655381e-17
8.166661262512207 6.333226965439981e-17
8.171990394592285 6.369060429575778e-17
8.177326202392578 6.668307905417862e-17
8.182668685913086 6.370137749605567e-17
8.188018798828125 6.372012471745858e-17
8.193375587463379 6.381669309089047e-17
8.198740005493164 6.391295044441204e-17
8.204110145568848 6.400847987899456e-17
8.209488868713379 6.410368505877696e-17
8.214873313903809 6.419853951397965e-17
8.22026538848877 6.429247414434117e-17
8.225665092468262 6.43897704367121e-17
8.231070518493652 6.453379912496984e-17
8.23648452758789 6.479258092524583e-17
8.241905212402344 6.469136710549384e-17
8.247332572937012 6.474944180193996e-17
8.252767562866211 6.483999491795737e-17
8.258209228515625 6.492760327099408e-17
8.26365852355957 6.501719024005603e-17
8.26911449432373 6.510677059167307e-17
8.274578094482422 6.519585463492258e-17
8.280049324035645 6.529705521978477e-17
8.285527229309082 6.546539640060666e-17
8.291011810302734 6.548071578555114e-17
8.296504974365234 6.968729315985281e-17
8.30200481414795 6.601782731833897e-17
8.307511329650879 6.58107079104006e-17
8.313026428222656 6.58248890948222e-17
8.318548202514648 6.602574178243988e-17
8.324076652526855 6.604818153809722e-17
8.32961368560791 6.622840764996027e-17
8.33515739440918 6.626811893680772e-17
8.340707778930664 6.635704416137962e-17
8.346266746520996 6.648272929237338e-17
8.351832389831543 6.658940250416822e-17
8.357406616210938 6.670015206202171e-17
8.362987518310547 6.681751244733074e-17
8.368575096130371 6.693097515759341e-17
8.374171257019043 6.703748293326574e-17
8.37977409362793 6.714640607632672e-17
8.385385513305664 6.727829837063708e-17
8.391003608703613 6.78620298027484e-17
8.396629333496094 6.883006273000696e-17
8.402262687683105 6.88899572238007e-17
8.407903671264648 7.804277687614895e-17
8.413552284240723 9.618547483506232e-17
8.419208526611328 3.836894079637266e-16
8.424872398376465 2.236914752025101e-16
8.430543899536133 8.921212389555858e-17
8.436223030090332 8.383939391112455e-17
8.441908836364746 7.214447618283343e-17
8.447603225708008 8.615853703348232e-17
8.4533052444458 7.556351143953561e-17
8.459015846252441 1.0916450774628076e-16
8.464733123779297 6.861952872049996e-17
8.470458030700684 6.884042564872102e-17
8.476190567016602 6.886605501282036e-17
8.481931686401367 6.928249743784896e-17
8.487680435180664 6.926895814558269e-17
8.493436813354492 8.132896030903022e-17
8.499200820922852 6.932539171569351e-17
8.504972457885742 6.933996994680914e-17
8.510751724243164 8.068035144711514e-17
8.516539573669434 6.948576549285529e-17
8.522335052490234 8.797430435715463e-17
8.528139114379883 7.246503844869978e-17
8.533949851989746 7.281680196727163e-17
8.539769172668457 7.153109198012331e-17
8.5455961227417 7.151184183290798e-17
8.551431655883789 1.0883000914145411e-16
8.55727481842041 7.226505926380896e-17
8.563125610351562 7.263245980468051e-17
8.568984985351562 7.043381373651457e-17
8.574851989746094 7.056946473952836e-17
8.580726623535156 7.09163181139841e-17
8.586609840393066 7.83320452450812e-17
8.592501640319824 7.08368161309504e-17
8.598401069641113 7.092764056220872e-17
8.604308128356934 7.102677650426198e-17
8.610223770141602 7.112603156032344e-17
8.616147994995117 9.447509693887417e-17
8.622079849243164 7.132832685092941e-17
8.628019332885742 8.254005860492626e-17
8.633968353271484 7.157789716790401e-17
8.639924049377441 7.186506118935792e-17
8.645889282226562 7.216880191028739e-17
8.651862144470215 7.190743268905534e-17
8.657843589782715 7.213290227170259e-17
8.663832664489746 7.259109415660796e-17
8.669830322265625 7.342730758145007e-17
8.675836563110352 7.253033277753227e-17
8.681851387023926 7.30658825933236e-17
8.687873840332031 9.065292032139324e-17
8.693904876708984 7.257940113146891e-17
8.699944496154785 7.274380493257505e-17
8.705992698669434 7.261252806064044e-17
8.712048530578613 7.274359317433824e-17
8.71811294555664 7.282733693955311e-17
8.724186897277832 7.333843529643737e-17
8.730268478393555 7.432759772526298e-17
8.736358642578125 7.333857426278028e-17
8.742456436157227 9.233393661455821e-17
8.748563766479492 7.348843953744019e-17
8.754679679870605 7.378354449277461e-17
8.760804176330566 7.370786739289336e-17
8.766937255859375 7.386730149287928e-17
8.773077964782715 7.391163175626722e-17
8.779228210449219 7.39878581040752e-17
8.78538703918457 1.0733089317371201e-16
8.79155445098877 7.430822184659454e-17
8.797730445861816 7.432677716209533e-17
8.803915023803711 7.442391463578866e-17
8.810108184814453 7.456118691280306e-17
8.816309928894043 7.47614638827144e-17
8.822521209716797 7.487327884919687e-17
8.828741073608398 7.486705183354557e-17
8.834968566894531 7.496470546794113e-17
8.841206550598145 7.510747684166778e-17
8.847452163696289 1.1058507464305482e-16
8.853707313537598 7.546888859490445e-17
8.859970092773438 7.540603610324022e-17
8.866243362426758 7.547477150342093e-17
8.87252426147461 7.558456153176386e-17
8.878814697265625 7.568930244964778e-17
8.885113716125488 7.579699474795728e-17
8.891422271728516 7.590394589243794e-17
8.89773941040039 7.601765344816193e-17
8.904065132141113 7.607600607729387e-17
8.910400390625 7.617701475625394e-17
8.916744232177734 7.641199360722311e-17
8.923097610473633 7.639985059583083e-17
8.929459571838379 7.645740251412982e-17
8.935831069946289 7.658001053324488e-17
8.942212104797363 7.670065978866941e-17
8.948601722717285 7.683907026620669e-17
8.954999923706055 7.696940084352054e-17
8.961407661437988 7.706105245539142e-17
8.967824935913086 7.716777198930056e-17
8.974250793457031 7.73057126282499e-17
8.98068618774414 1.445188026968382e-16
8.987131118774414 7.76863480589223e-17
8.993584632873535 7.768773772235139e-17
9.00004768371582 7.775147695163228e-17
9.00652027130127 7.799661358052359e-17
9.013002395629883 7.802412229897466e-17
9.019493103027344 7.809686125332012e-17
9.025994300842285 7.861053379627065e-17
9.032504081726074 7.851496465701872e-17
9.039023399353027 7.84210697313266e-17
9.045552253723145 7.854386303889887e-17
9.05208969116211 7.863581905323517e-17
9.058637619018555 7.872978015337629e-17
9.065195083618164 7.905202325024735e-17
9.071761131286621 7.900852678491686e-17
9.078337669372559 7.903575095323721e-17
9.084922790527344 7.913986983130048e-17
9.09151840209961 7.94520941165923e-17
9.098122596740723 7.872127011923435e-17
9.104737281799316 7.583523696203683e-17
9.111361503601074 7.42591270228783e-17
9.117995262145996 7.435554319507748e-17
9.124638557434082 7.43964919441213e-17
9.131291389465332 7.440617988345552e-17
9.137953758239746 8.725762183954888e-17
9.14462661743164 7.676493503098723e-17
9.151308059692383 1.2212838670867723e-16
9.157999992370605 7.564883015663678e-17
9.164702415466309 1.3327136982760356e-16
9.17141342163086 6.786605426803904e-15
9.17813491821289 1.3201535760967937e-15
9.184865951538086 7.823092406955781e-17
9.191607475280762 8.024613853555094e-16
9.198358535766602 7.592089316882792e-17
9.205119132995605 7.607244589193744e-17
9.21189022064209 7.658371630238912e-17
9.218670845031738 2.1205833793980932e-16
9.225461959838867 2.9715286924264224e-16
9.23226261138916 1.5024180198078556e-15
9.239073753356934 1.580261988786861e-16
9.245894432067871 1.6881836477366136e-16
9.252725601196289 1.4844460188401487e-16
9.259567260742188 8.377554218528036e-17
9.26641845703125 7.738868876985632e-17
9.273280143737793 7.842836877305177e-17
9.2801513671875 1.2814568229619217e-16
9.287033081054688 2.5567861566438467e-16
9.293925285339355 2.162727106642037e-16
9.300827026367188 1.1395322174847275e-16
9.307740211486816 9.61087124742174e-17
9.31466293334961 4.5675684168613485e-15
9.321596145629883 4.664568088882069e-16
9.32853889465332 7.815608738517892e-17
9.335493087768555 7.7896968095213e-17
9.342456817626953 8.007212885142735e-17
9.349431991577148 7.798010305549703e-17
9.356416702270508 7.7937440388224e-17
9.363411903381348 3.086657410617227e-16
9.370417594909668 7.92211717593471e-17
9.377433776855469 7.947812714483057e-17
9.384461402893066 8.032648358106495e-17
9.391498565673828 8.718678209188984e-17
9.39854621887207 8.301445661239277e-17
9.40560531616211 7.862957880269407e-17
9.412673950195312 8.031759635256368e-17
9.419754028320312 7.903808029384216e-17
9.426844596862793 7.994718487426244e-17
9.433945655822754 2.6656148025916513e-16
9.441057205200195 7.936054176639493e-17
9.448180198669434 8.21569681021958e-17
9.455313682556152 7.941432174110068e-17
9.462457656860352 7.944163193620473e-17
9.469612121582031 8.159475660090066e-17
9.476778030395508 7.97141647869838e-17
9.483954429626465 4.915696946479616e-16
9.491142272949219 8.017394485866527e-17
9.498340606689453 8.057358559109169e-17
9.505550384521484 8.039574175939279e-17
9.512770652770996 8.069561789250042e-17
9.520001411437988 8.05159410285641e-17
9.527243614196777 8.057256650457703e-17
9.534497261047363 8.068835193799975e-17
9.54176139831543 8.081051658830648e-17
9.549036979675293 8.105673186071657e-17
9.556323051452637 8.398261527110443e-17
9.563620567321777 8.142171041675456e-17
9.570929527282715 8.152939609761917e-17
9.57824993133545 9.357873093988721e-17
9.585580825805664 8.158243491849607e-17
9.592923164367676 8.18044369600155e-17
9.600276947021484 8.541636411812015e-17
9.60764217376709 8.387845668837176e-17
9.615017890930176 8.211869280089174e-17
9.622406005859375 8.215942317425386e-17
9.629804611206055 8.230762747024376e-17
9.637214660644531 8.25063427231586e-17
9.644637107849121 8.673487016219497e-17
9.652070045471191 8.299099777022076e-17
9.659514427185059 9.625681089108889e-17
9.666970252990723 8.73779733099529e-17
9.6744384765625 8.374710040709834e-17
9.681917190551758 8.800299759824287e-17
9.689408302307129 8.586544378139764e-17
9.696910858154297 9.143402366510462e-17
9.704424858093262 6.750699064895084e-16
9.711950302124023 3.777963879914416e-16
9.719488143920898 1.0121008089561973e-16
9.727036476135254 8.493075615899232e-17
9.734597206115723 8.75433035533451e-17
9.742170333862305 8.448339703138894e-17
9.749754905700684 8.443227065208826e-17
9.75735092163086 8.457973379424931e-17
9.764958381652832 8.480675185900327e-17
9.772578239440918 8.510468246331017e-17
9.780210494995117 8.517303405168665e-17
9.787854194641113 8.94541701776814e-17
9.795509338378906 8.585322136066655e-17
9.803177833557129 8.596221729562144e-17
9.810856819152832 8.617238734565891e-17
9.818549156188965 8.595744611784823e-17
9.826252937316895 8.530939973874969e-17
9.833968162536621 8.512164297458995e-17
9.841696739196777 8.552972756670931e-17
9.84943675994873 8.68070267813892e-17
9.857189178466797 9.730428624437704e-17
9.864953994750977 8.690716857506732e-17
9.872730255126953 8.58523875626091e-17
9.88051986694336 8.601239738030136e-17
9.888320922851562 8.610915104219046e-17
9.896134376525879 8.659892137416066e-17
9.903960227966309 8.877203733990077e-17
9.911799430847168 8.72812593527332e-17
9.919650077819824 8.732753514492186e-17
9.927513122558594 8.672330286850903e-17
9.935389518737793 8.689688506569206e-17
9.943277359008789 8.742581081913806e-17
9.951178550720215 8.74092539719972e-17
9.959091186523438 8.712083263601221e-17
9.96701717376709 8.728234461369687e-17
9.974956512451172 2.631933331537472e-16
9.98290729522705 8.760834641927137e-17
9.99087142944336 8.807256017903613e-17
9.998847961425781 9.813684683963411e-17
10.006837844848633 9.157790676957454e-17
10.014840126037598 9.518082758516971e-17
10.022854804992676 2.703296651437035e-16
10.030882835388184 1.8124091027342353e-16
10.038923263549805 9.715094019369951e-17
10.046977043151855 9.379971389489197e-17
10.05504322052002 9.23463377063016e-17
10.063122749328613 9.758095499821888e-17
10.071215629577637 8.997539322526331e-17
10.079320907592773 8.991788101163372e-17
10.08743953704834 8.960735740968132e-17
10.095571517944336 8.956369550822832e-17
10.103715896606445 9.281062425796027e-17
10.1118745803833 2.738458047868745e-16
10.12004566192627 3.101277993380224e-16
10.128230094909668 8.965924479514554e-17
10.13642692565918 9.025535084922066e-17
10.144638061523438 9.188791421082471e-17
10.152862548828125 9.389961084310878e-17
10.161100387573242 9.361490189371293e-17
10.169350624084473 1.5498942694410183e-16
10.17761516571045 8.989653975182985e-17
10.185893058776855 9.664307776737155e-17
10.194184303283691 1.0113030759734511e-16
10.202488899230957 9.715135709272824e-17
10.210807800292969 9.01530848557295e-17
10.219139099121094 9.016428818994592e-17
10.227484703063965 9.032898315862768e-17
10.235843658447266 2.60929642896166e-15
10.244216918945312 9.042226266194406e-17
10.252603530883789 9.045211395588987e-17
10.261003494262695 9.053150344236026e-17
10.269417762756348 9.060401078613421e-17
10.27784538269043 9.074079998967088e-17
10.286287307739258 9.657268138852084e-17
10.294742584228516 9.156615418743139e-17
10.30321216583252 9.132032272682553e-17
10.311695098876953 1.4292505726702003e-16
10.32019329071045 1.18031500101045e-16
10.328704833984375 9.252616677147063e-17
10.33722972869873 9.349104979495659e-17
10.345769882202148 9.168221093609503e-17
10.354323387145996 1.1548853513982017e-16
10.36289119720459 2.1976103056901332e-16
10.37147331237793 8.904033502594357e-17
10.380069732666016 8.694093077894928e-17
10.388679504394531 8.641645856592126e-17
10.39730453491211 6.471018844227963e-16
10.405943870544434 8.64623174590812e-17
10.414597511291504 8.658255643292191e-17
10.42326545715332 8.688069217802072e-17
10.431947708129883 9.370630866012249e-17
10.440644264221191 8.91750662041162e-17
10.449356079101562 1.9653156227214796e-16
10.458081245422363 8.893209347970733e-17
10.466822624206543 1.2544935143195512e-16
10.475577354431152 1.086160539129336e-16
10.484347343444824 1.7697203627282926e-16
10.493131637573242 9.092721341251583e-17
10.501931190490723 1.2722990733131227e-15
10.51074504852295 1.951611820774987e-16
10.519573211669922 9.6280395464714e-17
10.528417587280273 8.851918477025556e-17
10.537275314331055 5.21004989537555e-16
10.546149253845215 1.0537876016297667e-16
10.555037498474121 1.1317207208264707e-16
10.56394100189209 4.154410997360441e-16
10.572858810424805 9.796251025373244e-17
10.581792831420898 1.1079029484430678e-16
10.590741157531738 9.06163258510939e-17
10.59970474243164 1.101900992092832e-16
10.608683586120605 1.0363465315013106e-16
10.617677688598633 1.0464892878235378e-16
10.626687049865723 9.150761626984224e-17
10.635712623596191 9.00049665865233e-17
10.644752502441406 4.982934951228255e-16
10.653807640075684 1.0316174142078918e-15
10.66287899017334 9.135442242039741e-17
10.671964645385742 9.267889078232752e-17
10.681066513061523 1.0333144182479362e-16
10.690183639526367 9.106039610858177e-17
10.69931697845459 9.637470728943485e-17
10.708465576171875 9.860561340149036e-17
10.717629432678223 9.201809258690586e-17
10.72680950164795 9.470666780571962e-17
10.736004829406738 9.377923952037006e-17
10.745216369628906 9.217528337307054e-17
10.754444122314453 9.217753330433668e-17
10.763687133789062 7.948886990488192e-16
10.77294635772705 1.80160498573377e-15
10.782220840454102 1.0626489559214757e-16
10.791511535644531 9.55736589667936e-17
10.80081844329834 9.452892323569422e-17
10.810141563415527 1.0809563819362954e-16
10.819480895996094 1.1360881021118527e-16
10.828836441040039 9.283988659930994e-17
10.838208198547363 9.318649512830436e-17
10.84759521484375 1.0693975585798264e-16
10.856999397277832 1.0527153770325509e-16
10.866419792175293 9.371775022235532e-17
10.875856399536133 9.49544977346854e-17
10.885309219360352 9.352211869876408e-17
10.894779205322266 9.363748723315807e-17
10.904265403747559 9.357877726200151e-17
10.91376781463623 9.651170163376343e-17
10.923286437988281 9.398197817978436e-17
10.932822227478027 9.38328805287329e-17
10.942375183105469 9.402055788355383e-17
10.951944351196289 9.407259085280587e-17
10.961529731750488 9.404453950387297e-17
10.971132278442383 9.424921707464309e-17
10.980751991271973 9.60104169476665e-17
10.990388870239258 9.937512298173619e-17
11.000041961669922 2.504948957881745e-15
11.009712219238281 1.7091037733470187e-16
11.019399642944336 1.7287264827102466e-16
11.029104232788086 6.821449609396867e-16
11.038825035095215 1.4208626965611166e-16
11.048563957214355 1.8278518368516612e-16
11.058320045471191 9.615011120951445e-17
11.068092346191406 1.0629106096928385e-16
11.077882766723633 1.1042748681019612e-16
11.087690353393555 3.373387327685668e-16
11.097516059875488 1.0052357392675992e-16
11.1073579788208 9.630928722914925e-17
11.117218017578125 9.614194528250733e-17
11.127096176147461 2.9652785421877513e-15
11.136990547180176 9.614923770678759e-17
11.146903991699219 9.60480305044805e-17
11.15683364868164 1.168820366869515e-16
11.16678237915039 9.653748981654038e-17
11.17674732208252 9.983745076970433e-17
11.186731338500977 7.805576956746644e-16
11.196732521057129 1.4077777580617117e-16
11.206751823425293 9.614680910450914e-17
11.216789245605469 1.0613085924568948e-16
11.226844787597656 9.710526658899678e-17
11.236918449401855 1.5547976637633347e-16
11.24700927734375 1.2732805727407536e-16
11.257119178771973 3.9764215818737306e-15
11.267247200012207 9.815329780765657e-17
11.277393341064453 9.676141091708094e-17
11.287557601928711 1.211591692587815e-16
11.29773998260498 1.1451510899496777e-16
11.307941436767578 2.5316999524219305e-16
11.318160057067871 1.0709624519498787e-16
11.328398704528809 6.190013016998388e-16
11.338654518127441 9.690759027493131e-17
11.348930358886719 9.697499556868703e-17
11.359223365783691 9.702238970906387e-17
11.369536399841309 9.717762173153802e-17
11.379867553710938 9.852748122955105e-17
11.390216827392578 1.0680479306923848e-16
11.400586128234863 1.2613146441740105e-16
11.41097354888916 9.774593451703135e-17
11.421380043029785 4.913614833616147e-16
11.431805610656738 1.5358311402364328e-16
11.44225025177002 3.3242692105633713e-16
11.452713966369629 1.4403169257771797e-16
11.463197708129883 1.0399178341651715e-16
11.473699569702148 9.865074437571126e-17
11.484220504760742 9.857250632465354e-17
11.49476146697998 9.867240327287034e-17
11.505321502685547 9.880617492153242e-17
11.515901565551758 9.900901284262022e-17
11.526500701904297 5.9206374815302075e-16
11.537118911743164 1.7649972276050638e-16
11.547757148742676 3.700738615563821e-15
11.558414459228516 9.97588818464016e-17
11.569091796875 1.830031623201861e-16
11.579789161682129 9.991149336069518e-17
11.590506553649902 1.0719062319415772e-16
11.601243019104004 1.1532741359138464e-16
11.61199951171875 1.028788350633842e-16
11.62277603149414 1.0038385981257726e-16
11.633573532104492 1.0075671974549166e-16
11.644390106201172 1.3928313323118176e-16
11.655226707458496 1.0109838504314547e-16
11.666084289550781 1.0860534688708471e-16
11.676960945129395 1.1171353428703437e-16
11.687858581542969 1.0526169756268816e-16
11.698777198791504 1.0201401442423756e-16
11.709715843200684 1.0209190836816046e-16
11.720674514770508 1.0924607437212339e-16
11.731654167175293 1.0643640652907677e-16
11.742653846740723 1.203995527586618e-16
11.753674507141113 1.1656173911888117e-16
11.764716148376465 1.1286319622447487e-16
11.775777816772461 1.0370491056263886e-16
11.786861419677734 1.0402155530112416e-16
11.797965049743652 1.0324823407261569e-16
11.809089660644531 1.0299493151671725e-16
11.820235252380371 1.0285489314773447e-16
11.831402778625488 1.1956069897330442e-16
11.84259033203125 1.1200613123075152e-16
11.853799819946289 1.0312552017438222e-16
11.865030288696289 1.4058290528874348e-16
11.87628173828125 1.2207884851615265e-16
11.887555122375488 1.1190968858877274e-16
11.898849487304688 1.0345946953128213e-16
11.910165786743164 1.4047529239977278e-16
11.921503067016602 1.1604625339602792e-16
11.932862281799316 2.3624069183255617e-16
11.944242477416992 1.1404418514607398e-16
11.955645561218262 1.0397213622260779e-16
11.967069625854492 1.1066836842201646e-16
11.978515625 1.059034706040211e-16
11.989983558654785 1.0756799622449421e-16
12.001473426818848 1.0595345878279891e-16
12.012986183166504 1.1016889029837734e-16
12.024519920349121 1.0462036789016355e-16
12.036076545715332 1.0896944532295095e-16
12.04765510559082 1.1068284077401369e-16
12.059255599975586 1.0492916433899694e-16
12.070878982543945 1.0537488234026502e-16
12.082525253295898 1.3278309503818086e-16
12.094193458557129 1.2983203224994688e-16
12.105883598327637 2.1738156943638818e-16
12.117597579956055 1.277250377936518e-16
12.12933349609375 1.8466644703739148e-14
12.141092300415039 5.004406177649967e-15
12.152873992919922 5.477471431713534e-16
12.164678573608398 1.3469896445086188e-16
12.176506042480469 3.368643149087656e-16
12.188356399536133 2.145022662206544e-16
12.20022964477539 1.074429860728803e-16
12.212126731872559 1.1023356920483409e-16
12.22404670715332 1.06758173169915e-16
12.235989570617676 1.0683455833640059e-16
12.247956275939941 1.1588878467717743e-16
12.259946823120117 1.972138340762715e-16
12.271960258483887 7.486545597053338e-15
12.283997535705566 1.0780202216339771e-16
12.29605770111084 1.075741173610271e-16
12.30814266204834 2.9590383975257697e-16
12.320250511169434 1.2528101686857813e-16
12.332383155822754 1.9631171751766606e-16
12.344538688659668 1.0794569350963082e-16
12.356719017028809 3.84435352822682e-16
12.36892318725586 1.0762232544712669e-16
12.38115119934082 2.7821554188264103e-16
12.393403053283691 1.5714153119879412e-15
12.405679702758789 1.0880434669013027e-16
12.417981147766113 1.334295664653931e-16
12.430306434631348 1.2970891865804143e-15
12.442656517028809 1.0878439509375549e-16
12.455031394958496 3.179736273004226e-16
12.467430114746094 1.1421205648830794e-16
12.479853630065918 1.0998078280963789e-16
12.492302894592285 1.0923443428654354e-16
12.504776000976562 1.0999049721875171e-16
12.517273902893066 2.1015701367101944e-16
12.529797554016113 1.1469106685487005e-16
12.542346000671387 1.464156271030958e-15
12.554920196533203 6.009482767367711e-16
12.567519187927246 1.1124276925681819e-16
12.580142974853516 1.659845366392833e-16
12.592792510986328 1.2628434062949065e-16
12.605467796325684 1.1599381676263696e-16
12.618167877197266 1.1136107593674797e-16
12.630894660949707 1.1168493369017473e-16
12.643646240234375 1.959723881780621e-16
12.656424522399902 4.690055310264951e-16
12.669227600097656 1.1282523856052603e-16
12.68205738067627 1.116532625988813e-16
12.694912910461426 7.909407314212261e-16
12.707794189453125 1.114349530916163e-16
12.720702171325684 1.131508962589657e-16
12.733635902404785 1.1983573321825585e-16
12.746596336364746 1.4118263108517913e-16
12.75958251953125 1.233276530130913e-16
12.77259635925293 1.2223386878039e-16
12.785635948181152 1.1401099204245345e-16
12.798702239990234 1.3405678112794511e-16
12.811795234680176 1.608962641413389e-16
12.824915885925293 1.3125701959991443e-16
12.838062286376953 1.6620693572749675e-16
12.851236343383789 1.223228866491905e-16
12.864437103271484 1.1865065471570828e-16
12.877665519714355 1.3986995501006158e-16
12.890920639038086 1.161580485101757e-16
12.904203414916992 1.212358125056182e-16
12.917512893676758 1.2270464704549597e-16
12.930850982666016 1.2925725422078583e-16
12.944215774536133 1.2785055748852305e-16
12.957608222961426 1.1750156187852922e-16
12.971029281616211 1.2222677487945673e-16
12.984477043151855 1.179520378226807e-16
12.997953414916992 1.2484198910410439e-16
13.011458396911621 1.4122005935353593e-16
13.02499008178711 1.2571175959203654e-16
13.03855037689209 1.1641374658112808e-16
13.052139282226562 1.181237605178467e-16
13.065756797790527 1.1645793787817311e-16
13.079401969909668 1.235786659330542e-16
13.093076705932617 1.1649080010954862e-16
13.106779098510742 1.2328925859777905e-16
13.12051010131836 1.1837047209862432e-16
13.134270668029785 1.1791586686885498e-16
13.148059844970703 7.162046851443742e-16
13.161877632141113 1.181829072403667e-16
13.175724983215332 1.1635868943955655e-16
13.189600944519043 1.1656711248414031e-16
13.203507423400879 1.1667210486493044e-16
13.21744155883789 1.1665626270183883e-16
13.231406211853027 1.4202507152567253e-16
13.245400428771973 1.176214170405657e-16
13.259424209594727 1.2244170948982251e-16
13.273477554321289 1.2096996327418856e-16
13.28756046295166 1.374744664258876e-16
13.30167293548584 1.1738354636617505e-16
13.315816879272461 1.2508664927696287e-16
13.329989433288574 2.6936796511121464e-16
13.344192504882812 1.1926488595136566e-16
13.358427047729492 2.0159296794379662e-16
13.372690200805664 1.194900114268781e-16
13.386984825134277 2.489680765491013e-16
13.401309967041016 1.9402217422634789e-16
13.415666580200195 1.2755446653389847e-16
13.430052757263184 1.8462606421223554e-16
13.444470405578613 1.8123381213732553e-14
13.458918571472168 1.007893609542075e-15
13.473398208618164 8.71369156740982e-16
13.487909317016602 7.745569966389598e-16
13.502450942993164 1.9703244991155087e-16
13.517024993896484 2.5736738760297293e-16
13.53162956237793 1.7077767109466876e-16
13.546266555786133 3.4830363250428886e-15
13.560934066772461 2.0315366585378208e-16
13.575634956359863 1.5075976792198748e-16
13.59036636352539 1.244445321284951e-16
13.605130195617676 1.317620894644944e-16
13.619926452636719 3.297995307330727e-16
13.63475513458252 1.3859846591200427e-16
13.649615287780762 3.490583865058957e-16
13.664508819580078 1.2277649926222477e-16
13.679433822631836 1.919135518786073e-16
13.694392204284668 1.1126445224147671e-14
13.709383010864258 4.700486521010388e-16
13.724407196044922 1.2017919184347767e-16
13.739463806152344 1.2132191869866253e-16
13.75455379486084 1.3730463631996312e-16
13.76967716217041 1.228066086365217e-16
13.784832954406738 5.598178920653192e-16
13.800023078918457 2.0135001507172245e-16
13.815245628356934 1.3225526116314343e-16
13.8305025100708 4.214630963564163e-15
13.845793724060059 1.5064511407164273e-16
13.86111831665039 1.2502887898298217e-16
13.876476287841797 2.4734095272720537e-16
13.891868591308594 1.1262201947461197e-15
13.907295227050781 1.5035811548631134e-16
13.92275619506836 1.2608504965886947e-16
13.938251495361328 1.4549973302420768e-16
13.953782081604004 4.084845240193629e-16
13.969346046447754 1.448013411243067e-16
13.984946250915527 1.57725091900827e-16
14.000579833984375 2.4916289412696977e-16
14.016249656677246 3.3167676750242505e-16
14.031953811645508 1.4385372301456596e-16
14.047693252563477 7.068812346752685e-16
14.063467979431152 2.16857706028291e-16
14.079277992248535 5.63787141395712e-16
14.095124244689941 1.739261454991722e-16
14.111005783081055 2.8003449219731044e-16
14.126923561096191 1.705364652280483e-16
14.142876625061035 2.016723111081527e-16
14.158865928649902 2.487875261824381e-16
14.17489242553711 1.2725562272219532e-16
14.190954208374023 1.6513362586931734e-16
14.207052230834961 3.77574931227382e-15
14.223187446594238 1.236410552035754e-16
14.239358901977539 9.375272341865406e-17
14.25556755065918 8.420692283042717e-16
14.27181339263916 1.0030572102319305e-16
14.288095474243164 9.617730229061029e-17
14.304415702819824 8.69879543424117e-17
14.320773124694824 8.669832201400993e-17
14.337166786193848 4.962625748131057e-16
14.353599548339844 8.566461756355956e-17
14.37006950378418 1.1640954847408325e-15
14.386576652526855 8.692199165164427e-17
14.403122901916504 5.362964223947777e-16
14.419706344604492 2.737381257234548e-16
14.436327934265137 2.7150330870146313e-16
14.452988624572754 7.814151047755226e-16
14.469687461853027 1.1991956301025443e-16
14.486424446105957 9.504046496138681e-17
14.50320053100586 9.145918980806093e-17
14.520015716552734 7.054558370437171e-16
14.536870002746582 8.0581267121132105e-16
14.553763389587402 2.5788598352492937e-16
14.570695877075195 4.8831301178444645e-16
14.587668418884277 9.01328354743342e-17
14.604680061340332 8.801047531098035e-17
14.621731758117676 1.8036014159206686e-16
14.638822555541992 1.1059364026373393e-15
14.655953407287598 2.0797927872873883e-16
14.673125267028809 8.776565631944425e-17
14.690337181091309 1.7123652472406418e-16
14.707589149475098 1.0385109653793413e-16
14.724882125854492 1.0687331671118238e-16
14.742215156555176 1.7792152050203193e-16
14.759589195251465 1.434377107234559e-16
14.77700424194336 9.79838184263118e-17
14.794461250305176 8.894370047806267e-17
14.811958312988281 1.959849163247476e-15
14.829497337341309 9.63411634612346e-17
14.847078323364258 8.78226589898165e-17
14.864701271057129 1.4169406693175331e-16
14.882365226745605 1.1993656984364852e-16
14.90007209777832 2.218152575196724e-16
14.91781997680664 1.1373279465883961e-16
14.9356107711792 1.0833700287892761e-16
14.953444480895996 3.4692578518481397e-15
14.971320152282715 1.7964868685593245e-16
14.989239692687988 1.1349754449262953e-16
15.007201194763184 4.5856280063297575e-14
15.025205612182617 1.0123909177406319e-16
15.043253898620605 4.023634774837212e-15
15.061345100402832 2.914851070947677e-16
15.079480171203613 1.4692768498949062e-16
15.09765911102295 1.0474610596071651e-16
15.11588191986084 1.090637836174514e-16
15.134148597717285 9.27222218115355e-17
15.152459144592285 1.3142125134745316e-16
15.170814514160156 4.561023816794388e-15
15.189214706420898 1.4870739385590051e-16
15.207658767700195 9.292453695447617e-17
15.22614860534668 3.881364368159301e-16
15.244683265686035 4.241313666072976e-16
15.263262748718262 1.4149759075749498e-14
15.28188705444336 9.351679827306414e-17
15.300558090209961 1.3601489630887044e-16
15.319273948669434 2.1665153291497338e-16
15.338035583496094 1.1914443521928814e-16
15.356843948364258 3.409668131096734e-16
15.37569808959961 6.221101773140581e-16
15.394598007202148 1.5641950972664271e-15
15.413544654846191 5.774611119005934e-16
15.432538986206055 2.9389769515656436e-16
15.451579093933105 4.1238908650236515e-15
15.470666885375977 1.5774236343201711e-16
15.489801406860352 9.578926193909432e-16
15.508983612060547 5.306627533230301e-16
15.528213500976562 3.0880523680022363e-16
15.547491073608398 1.5210350628346763e-16
15.566816329956055 1.4231351271399222e-16
15.586190223693848 1.3884284815217693e-16
15.605611801147461 1.1480312666681383e-16
15.625082015991211 1.2926202407507006e-15
15.644600868225098 7.121502031236639e-16
15.664168357849121 1.4836450433094013e-16
15.683785438537598 1.0733667682055498e-16
15.703451156616211 1.5530478789827645e-16
15.723166465759277 1.2880622241126272e-16
15.742931365966797 4.916970142878458e-16
15.762746810913086 3.546345632163484e-16
15.782610893249512 1.2926019236632162e-16
15.802525520324707 1.00708849149082e-16
15.822490692138672 8.010425522292993e-16
15.842506408691406 1.133581016936878e-16
15.86257266998291 5.562258370942505e-16
15.882689476013184 1.0066347332939979e-16
15.902857780456543 9.498289980819802e-17
15.923077583312988 3.882165343690048e-16
15.94334888458252 9.935905582551796e-17
15.963671684265137 9.424202391203633e-17
15.98404598236084 1.0500858691269184e-16
16.004472732543945 1.2024505977243412e-14
16.024951934814453 1.0043978383943075e-16
16.045482635498047 2.599283387794371e-16
16.06606674194336 1.9857046322041766e-15
16.08670425415039 1.0623666557220236e-16
16.107393264770508 1.704162924286566e-16
16.128137588500977 9.75610364890686e-17
16.14893341064453 4.641184156186338e-16
16.169784545898438 9.28111338012176e-17
16.190689086914062 9.991406754676144e-17
16.211647033691406 1.0112998995998989e-16
16.2326602935791 6.778770266162683e-16
16.25372886657715 1.2998608636722876e-16
16.274850845336914 1.045431026035062e-16
16.29602813720703 1.0914721636275595e-16
16.317258834838867 2.1851635535769252e-16
16.338546752929688 1.0267106714584559e-16
16.35988998413086 9.166829841993638e-16
16.381290435791016 9.689675090018441e-17
16.40274429321289 1.0170298789647273e-16
16.424257278442383 9.216783874755756e-17
16.445825576782227 1.1642583003551626e-16
16.467449188232422 1.3267486010938952e-16
16.489131927490234 1.0904194604928e-16
16.5108699798584 9.436623335281729e-17
16.53266716003418 9.156830485702403e-17
16.554519653320312 1.3689210480487068e-16
16.576431274414062 2.2158373429843024e-15
16.59840202331543 1.0440663765476965e-16
16.62042999267578 1.3469941443711511e-15
16.64251708984375 1.1264156475986986e-16
16.664661407470703 1.410279416931868e-16
16.686866760253906 6.996725607776608e-16
16.709129333496094 1.0544547724246274e-16
16.73145294189453 9.875324859721883e-17
16.753835678100586 1.3087615917611542e-16
16.77627944946289 2.5167251298924796e-14
16.798782348632812 9.721258169294696e-17
16.821346282958984 2.456692802662398e-16
16.843969345092773 1.0117191147343408e-16
16.866655349731445 2.5774021444866283e-16
16.889402389526367 1.9795510701912721e-16
16.91221046447754 1.1055991511754341e-16
16.93507957458496 9.198835378952335e-17
16.958009719848633 2.709274321764486e-16
16.98100471496582 1.2991586204194545e-16
17.004060745239258 4.018985781566647e-16
17.027179718017578 1.1700955485018268e-16
17.05035972595215 3.2098889518605844e-14
17.073604583740234 2.6509081930449485e-16
17.096914291381836 2.7812428467048622e-14
17.12028694152832 1.4102432856827118e-16
17.143722534179688 1.9282215353321516e-16
17.16722297668457 2.0012532454400094e-16
17.190786361694336 3.987507125570921e-16
17.21441650390625 2.719565242678034e-16
17.23811149597168 2.0636351044229205e-16
17.261871337890625 1.6745010216138024e-16
17.28569793701172 1.1510353219551349e-16
17.309589385986328 1.0296271779494198e-16
17.333545684814453 1.593660594174546e-16
17.35757064819336 1.939304167353586e-16
17.38166046142578 1.46287883946738e-16
17.405818939208984 7.877079772384708e-16
17.430044174194336 3.8644785016579903e-16
17.454336166381836 1.5102484952980868e-16
17.478696823120117 1.3972265068657813e-16
17.503124237060547 3.3140823158836583e-16
17.527620315551758 1.1739400192911772e-16
17.552186965942383 1.2030647177869243e-16
17.576820373535156 1.1899171782587615e-16
17.601524353027344 2.4366517384325653e-16
17.626296997070312 9.710324297434623e-16
17.651140213012695 1.1246000854158182e-16
17.676054000854492 1.7627413406385092e-16
17.70103645324707 1.4233381503494673e-16
17.726091384887695 1.3231371967139377e-16
17.751216888427734 1.0901452335761264e-16
17.776412963867188 8.11174707404796e-16
17.801681518554688 1.4889491900948874e-16
17.8270206451416 9.621354603632992e-17
17.852434158325195 1.7415513556250648e-16
17.877918243408203 9.592082997860455e-17
17.90347671508789 1.212857080401674e-16
17.929107666015625 1.0059229609205082e-16
17.954811096191406 1.0079820450757242e-16
17.9805908203125 9.726681827135084e-17
18.00644302368164 1.0113765296118458e-16
18.03236961364746 1.1581402078469243e-16
18.05837059020996 1.0432037264304772e-16
18.084447860717773 1.0022948144049526e-16
18.110599517822266 1.2378272146400368e-16
18.13682746887207 1.0110660390971179e-16
18.163131713867188 1.1910762899075198e-16
18.189512252807617 9.649294779491563e-17
18.21596908569336 9.81679422132212e-17
18.242504119873047 1.1202536152563216e-16
18.269115447998047 9.921161915313651e-17
18.295804977416992 9.250116606463683e-17
18.322572708129883 8.944787698758109e-17
18.34941864013672 1.0531100414464122e-16
18.3763427734375 9.527983117832496e-17
18.40334701538086 1.0905685515264066e-16
18.430429458618164 1.8209801497181627e-16
18.457592010498047 1.2208807323434384e-16
18.48483657836914 9.944108567250362e-17
18.51215934753418 9.049404208677896e-17
18.53956413269043 2.1680279447050727e-16
18.56705093383789 1.1476522458940216e-15
18.59461784362793 9.057441095509461e-17
18.622268676757812 1.7763073938519545e-15
18.649999618530273 8.740498572003643e-17
18.677814483642578 9.87153372553843e-17
18.705711364746094 9.782696512983705e-17
18.733694076538086 3.126627307211381e-16
18.76175880432129 1.0212134938052244e-16
18.789907455444336 1.4220285580036733e-16
18.81814193725586 9.868222356110257e-17
18.846460342407227 8.872142712130232e-17
18.87486457824707 3.410383344541572e-16
18.90335464477539 1.140992687574251e-16
18.931930541992188 1.9669321321617552e-16
18.960594177246094 4.7364933833784e-14
18.989343643188477 4.0967955515904073e-16
19.018178939819336 7.7960473066944415e-16
19.047103881835938 3.350997864609573e-16
19.07611656188965 3.89014862921792e-16
19.1052188873291 2.1956072051187747e-16
19.134408950805664 9.50371363866019e-17
19.16368865966797 1.1362094660513264e-16
19.193058013916016 9.764513759630809e-17
19.222517013549805 1.6149261504087533e-16
19.252065658569336 9.548903508140697e-17
19.281707763671875 9.610974479562186e-17
19.311439514160156 2.231393420697983e-16
19.341264724731445 1.5525498500795586e-16
19.371179580688477 1.7229963048220713e-16
19.40118980407715 2.6480936613799e-16
19.431291580200195 1.2180078348143683e-16
19.46148681640625 9.777265575953927e-17
19.491777420043945 1.0754711818583337e-16
19.52216148376465 1.1043872984908194e-16
19.552640914916992 1.2632839957763767e-16
19.583215713500977 1.2016933185057604e-16
19.6138858795166 1.5353603752062166e-16
19.644651412963867 1.183216353552592e-16
19.675514221191406 9.900839742024448e-17
19.70647430419922 1.1740113553472038e-16
19.737533569335938 1.0163629066932135e-16
19.768688201904297 1.0691449045335282e-16
19.799943923950195 1.5473900959417998e-16
19.831296920776367 2.542735997631266e-16
19.862749099731445 1.0768345740311681e-16
19.894302368164062 1.7599790867881741e-16
19.925954818725586 1.2454251001769079e-16
19.95771026611328 1.0104850274348607e-16
19.989564895629883 1.121009062766154e-16
20.021522521972656 1.3536653229241668e-16
20.05358123779297 1.0392660820169287e-16
20.085744857788086 1.2072019443386695e-16
20.118009567260742 1.101260754298716e-16
20.150379180908203 1.0724264954596485e-16
20.18285369873047 1.144905979790566e-16
20.21543312072754 1.119809584703503e-16
20.24811553955078 1.0672462272426984e-16
20.280906677246094 1.1042843972226178e-16
20.31380271911621 1.1556112851037782e-16
20.346805572509766 1.219268061021205e-16
20.37991714477539 1.0533433063791522e-16
20.413135528564453 1.729995443944352e-16
20.446462631225586 1.4204823258282402e-16
20.47989845275879 1.0252804430921272e-16
20.513442993164062 1.294999026903946e-16
20.547100067138672 1.4635867737228275e-16
20.58086585998535 1.0731806856549499e-16
20.614744186401367 1.4826828668208796e-16
20.648733139038086 1.1901973608758454e-16
20.68283462524414 1.5684172918106938e-16
20.71704864501953 1.3760894614115403e-16
20.751375198364258 1.1419064243661017e-16
20.785818099975586 1.181597329483254e-16
20.82037353515625 1.211639470539996e-16
20.855045318603516 1.6639611524231008e-16
20.88983154296875 1.7005781220351082e-16
20.924734115600586 5.263052452654396e-16
20.959754943847656 5.133246241674451e-16
20.994892120361328 1.6814759408877476e-16
21.030147552490234 1.1336352799850614e-16
21.065521240234375 1.0261734011069904e-16
21.101015090942383 1.3339118528497065e-16
21.136627197265625 1.1519393972774308e-16
21.172361373901367 1.4207408032260508e-16
21.208215713500977 1.1274794680408908e-16
21.244192123413086 1.1485794558036894e-16
21.280288696289062 5.007956833885739e-16
21.316511154174805 3.9249280667299775e-16
21.352855682373047 1.5637214205604547e-16
21.389324188232422 1.2556575228775358e-16
21.425918579101562 1.128105610677369e-16
21.462636947631836 2.600184948487605e-16
21.499483108520508 1.1683181028015728e-16
21.536453247070312 1.0948530162271862e-16
21.57355308532715 1.1001560380470392e-16
21.610780715942383 6.988293288907573e-15
21.648136138916016 2.3762273196511997e-16
21.68562126159668 1.5578475117690422e-16
21.723237991333008 1.4872616092963812e-16
21.760982513427734 1.2940825107852371e-16
21.798860549926758 1.0462720371074569e-15
21.836870193481445 1.2549084281148078e-16
21.87501335144043 1.0762057182422808e-16
21.913288116455078 1.269744342534865e-16
21.951698303222656 1.1853589498624512e-16
21.990243911743164 1.5394355301247959e-16
22.0289249420166 1.3051180265989806e-16
22.06774139404297 1.5783787963170984e-16
22.1066951751709 3.81329447117734e-15
22.14578628540039 1.8995676018666207e-16
22.185016632080078 1.2515237373971388e-16
22.22438621520996 1.2374689461731278e-16
22.26389503479004 1.1066921545496372e-16
22.303544998168945 1.2132577005159457e-16
22.343338012695312 1.1014438589991107e-16
22.383270263671875 1.3989646449433268e-16
22.42334747314453 1.2264449447135111e-16
22.46356773376465 1.1573121007920853e-16
22.50393295288086 1.1400154233113564e-16
22.544445037841797 1.1358060666101966e-16
22.585100173950195 1.0859637363179974e-16
22.625904083251953 1.2975405227924028e-16
22.666854858398438 1.111089115813724e-16
22.70795440673828 1.2282811533244808e-16
22.749204635620117 4.984540608058894e-16
22.790603637695312 1.268995644818831e-16
22.8321533203125 1.9802142705191927e-16
22.873855590820312 1.9867579970834262e-16
22.91571044921875 1.3785098580583195e-16
22.957717895507812 1.211327127140696e-16
22.999879837036133 2.4346127713098466e-16
23.04219627380371 1.3098248828077543e-16
23.084671020507812 1.0811204945698259e-16
23.127300262451172 1.1307143398060142e-16
23.170087814331055 1.505697943137861e-16
23.213035583496094 1.1204970048797592e-16
23.256141662597656 1.373524539768136e-16
23.299407958984375 1.2271711431168837e-16
23.342836380004883 1.202094468015624e-16
23.386425018310547 1.1135126888340554e-16
23.430179595947266 1.1884160770575492e-16
23.474096298217773 1.9978579668104997e-16
23.518178939819336 1.9482051601402487e-16
23.56242561340332 1.8240143805539052e-16
23.606840133666992 1.7420667222339098e-16
23.65142250061035 1.0307985980456929e-16
23.69617462158203 1.0708052214590446e-16
23.7410945892334 1.1120949674385885e-16
23.78618621826172 1.1325931647621426e-16
23.831449508666992 1.5686907246339793e-16
23.87688636779785 1.1758933566768844e-16
23.922494888305664 1.2640125764599135e-16
23.968278884887695 1.436780166175699e-16
24.014238357543945 2.396919540459234e-16
24.060375213623047 1.128447997276517e-16
24.106687545776367 3.5491927216574424e-16
24.153181076049805 4.189762711507487e-16
24.199851989746094 1.6700972443814681e-16
24.2467041015625 1.8091983184685494e-16
24.293739318847656 2.416849166916944e-16
24.340957641601562 1.168617078962174e-16
24.388357162475586 1.2303054297195206e-16
24.435943603515625 1.8688326143288044e-16
24.48371696472168 1.0809847046004692e-16
24.531675338745117 1.4756502434274028e-16
24.579824447631836 1.733505866115129e-16
24.62816047668457 1.1562718384537386e-16
24.676687240600586 1.2554910279638412e-16
24.725406646728516 3.1005807793855155e-16
24.77431869506836 1.9808020055054687e-15
24.82342529296875 1.308135316775778e-16
24.872726440429688 1.7372083265369164e-16
24.922222137451172 1.5458203056625212e-16
24.9719181060791 2.375844037242567e-16
25.02181053161621 1.4136098446013536e-16
25.071903228759766 1.348427085889889e-16
25.122196197509766 1.1486394098544873e-16
25.172693252563477 1.3989293077875585e-16
25.223392486572266 1.0887938189785618e-16
25.274295806884766 1.0503661179184513e-16
25.32540512084961 1.231169138627924e-16
25.37672233581543 1.2596653122070288e-16
25.42824935913086 1.1037319729223304e-16
25.479984283447266 1.808833697254536e-16
25.53192901611328 1.9163536772988328e-16
25.584087371826172 2.1152223225864636e-16
25.636459350585938 1.385383001029696e-16
25.68904685974121 1.887874973774265e-16
25.741849899291992 1.5179846854333767e-16
25.79486846923828 1.4924512742850899e-16
25.848108291625977 1.3074152064217138e-16
25.901567459106445 1.981124566239695e-16
25.955249786376953 2.0553103587381868e-16
26.009153366088867 3.2048923574442905e-16
26.063282012939453 1.1755256914382169e-16
26.11763572692871 1.2128126111719432e-16
26.172216415405273 1.1301946056835348e-16
26.227025985717773 1.0768066484136883e-16
26.282066345214844 1.9386862303487844e-16
26.337337493896484 1.6435799515253862e-16
26.392841339111328 1.649175133537593e-16
26.44858169555664 1.381529265817485e-16
26.50455665588379 1.2454256295725e-16
26.560768127441406 1.3286718952797545e-16
26.617219924926758 1.591960043184035e-16
26.67391014099121 1.0799294868366475e-16
26.730844497680664 1.8422985131626754e-16
26.788021087646484 1.1946403133819902e-16
26.845443725585938 1.4333774760079008e-16
26.903112411499023 1.159708806986121e-16
26.961030960083008 2.2189869026497695e-16
27.019197463989258 4.0092591963542077e-16
27.07761573791504 1.0102735338958431e-16
27.136287689208984 1.3483467501087978e-16
27.195215225219727 1.309196622588908e-16
27.254398345947266 1.0123733815116457e-16
27.313838958740234 1.264081662584674e-16
27.3735408782959 1.5847018972683517e-16
27.433504104614258 1.3575563805256162e-16
27.493728637695312 4.626847064762875e-16
27.55422019958496 1.3571809067019662e-16
27.614978790283203 1.8317656584635681e-16
27.67600440979004 9.649419187455691e-17
27.737300872802734 1.0842869419546789e-16
27.798870086669922 1.7456183049119675e-16
27.8607120513916 1.0766788655526611e-16
27.92283058166504 2.2961215609447884e-16
27.985227584838867 2.2546582393855063e-16
28.047903060913086 1.1218113617858814e-16
28.11086082458496 1.243553686759068e-16
28.174100875854492 9.405015771459343e-17
28.237625122070312 2.0343601899279338e-16
28.301437377929688 1.218317134189014e-16
28.36553955078125 2.4538745652282054e-16
28.429931640625 1.264941268677239e-16
28.494617462158203 4.2153216659930896e-16
28.559598922729492 9.396354197829178e-17
28.624876022338867 1.0750725469775322e-16
28.690452575683594 1.0263110439609192e-16
28.756330490112305 1.8923438666644196e-16
28.822513580322266 1.0891358747054647e-16
28.888999938964844 1.7067790649534997e-16
28.955793380737305 1.3852192854428596e-16
29.022897720336914 1.0080357787283157e-16
29.090312957763672 1.0464247677357587e-16
29.15804100036621 3.9492172658880866e-16
29.22608757019043 2.34659307789812e-16
29.294450759887695 9.623913569575986e-17
29.363134384155273 1.0896369476333248e-16
29.43214225769043 1.1786296701432099e-16
29.501474380493164 2.059993524494217e-16
29.57113265991211 1.527240770313396e-16
29.641122817993164 1.3519123617700444e-16
29.711444854736328 9.273967863118282e-17
29.782100677490234 1.043840787851041e-16
29.853092193603516 1.9664551467333326e-16
29.92442512512207 9.769251850179513e-17
29.9960994720459 1.2973015006825995e-16
30.068117141723633 1.1761952445132418e-16
30.14048194885254 9.119647062806919e-17
30.21319580078125 1.0062826852252953e-16
30.2862606048584 9.336543083841183e-17
30.35968017578125 1.2766501756840496e-16
30.433456420898438 5.489632177858145e-16
30.507593154907227 9.590860755787347e-17
30.582090377807617 8.686453237757388e-17
30.656953811645508 9.891737446563915e-17
30.7321834564209 8.635594864975178e-17
30.807783126831055 1.1312163391761603e-16
30.883756637573242 1.1712606158509954e-16
30.960105895996094 1.2029716765116243e-16
31.036832809448242 1.8364860142599387e-16
31.113941192626953 1.100932529031655e-16
31.19143295288086 8.883639860900229e-17
31.26931381225586 1.1333229365857614e-16
31.34758186340332 1.2640138999488935e-16
31.426244735717773 1.4402405604630288e-16
31.50530242919922 9.040008760408274e-17
31.584758758544922 9.066383910547894e-17
31.66461753845215 1.2751934113636702e-16
31.74488067626953 1.0072905882580789e-16
31.825551986694336 9.2489790676853e-17
31.906635284423828 1.067800769125354e-16
31.98813247680664 1.4569631084241968e-16
32.070045471191406 9.309486998621309e-17
32.152381896972656 2.026812067576714e-16
32.235137939453125 2.2718551257971367e-16
32.31832504272461 1.139322312132486e-16
32.401939392089844 3.011814638189021e-16
32.48598861694336 1.040939567657797e-16
32.57047653198242 4.741591971149455e-16
32.65540313720703 1.3295876173050752e-16
32.74077606201172 9.047640659611933e-17
32.826595306396484 1.2336124316340586e-16
32.912864685058594 1.1033300293190787e-16
32.99959182739258 1.680483985897174e-16
33.08677291870117 8.25032656112799e-17
33.17441940307617 8.375641115207323e-17
33.26253128051758 1.4281409595092972e-16
33.35110855102539 1.8295202270599562e-16
33.440162658691406 9.284918410939504e-17
33.529693603515625 2.775642000159821e-16
33.61970138549805 9.267593278445703e-17
33.71019744873047 1.2114872957770658e-15
33.80118179321289 1.559389905826433e-16
33.89265823364258 1.0643154932451986e-16
33.9846305847168 1.2798175495111887e-16
34.07710266113281 9.817633975079984e-17
34.170082092285156 7.778112310478618e-17
34.26356506347656 8.487700265406617e-17
34.357566833496094 8.506045146159573e-17
34.452083587646484 7.658944039222798e-17
34.547119140625 9.494210987783181e-17
34.64268493652344 9.321146274791366e-17
34.73877716064453 8.018297767095435e-17
34.83540725708008 1.3329478234766127e-16
34.93257522583008 9.792199163860714e-17
35.0302848815918 7.769283977236962e-17
35.128543853759766 1.5157760470234111e-16
35.22735595703125 9.477611127250467e-17
35.326725006103516 7.817652867247633e-17
35.426658630371094 9.176837006869855e-17
35.527156829833984 8.501864244471485e-17
35.62822723388672 8.012561765855747e-17
35.72987365722656 1.1130899664538163e-16
35.83210372924805 7.463083552038002e-17
35.93491744995117 7.999781494519558e-17
36.038326263427734 1.1440045514462302e-16
36.142330169677734 7.568925612753348e-17
36.2469367980957 7.828944213481226e-17
36.352149963378906 1.7090867003391756e-16
36.457977294921875 7.998697557044869e-17
36.56441879272461 1.233274015501851e-16
36.671485900878906 3.0842203380092986e-16
36.77918243408203 2.1704679289887572e-16
36.88751220703125 9.479180123436357e-17
36.996482849121094 9.258324885118169e-17
37.106101989746094 7.454374994549044e-17
37.21636962890625 7.037336337734919e-17
37.327293395996094 8.181180879363457e-17
37.438880920410156 7.469180204024763e-17
37.55113983154297 8.646309831757945e-17
37.6640739440918 2.2728038026980616e-16
37.777687072753906 7.245220060559296e-17
37.89198684692383 7.154550477511643e-17
38.00698471069336 7.334865924880853e-17
38.1226806640625 7.099509879552365e-17
38.23908233642578 7.569787204079383e-17
38.356197357177734 7.778158632592921e-17
38.474029541015625 7.192794676824665e-17
38.592594146728516 7.439785513777079e-17
38.71188735961914 8.203243440661471e-17
38.8319206237793 8.65559873916467e-17
38.952701568603516 1.0004809065832974e-16
39.07423400878906 7.018735361864317e-17
39.196529388427734 8.452777361689118e-17
39.3195915222168 7.515207842029664e-17
39.44342803955078 7.128071433487086e-17
39.568050384521484 6.885301202892163e-17
39.69346237182617 7.817537061961875e-17
39.81966781616211 1.4721778053903542e-16
39.94668197631836 6.487072633207494e-17
40.07450866699219 6.834484520012825e-17
40.203155517578125 2.9899836874625215e-16
40.3326301574707 6.696236831620102e-17
40.46294021606445 6.412544321760956e-17
40.59409713745117 8.396460258608548e-17
40.72610855102539 6.468833631572944e-17
40.858978271484375 2.3157610786180634e-16
40.99271774291992 1.6363521135073468e-16
41.12733840942383 7.513485321122083e-17
41.26284408569336 7.075978245486456e-17
41.39924621582031 6.747402253845693e-17
41.536556243896484 7.646308689929928e-17
41.674774169921875 7.394861003837079e-17
41.81391906738281 6.438082365120673e-17
41.95399475097656 1.0457687142483306e-16
42.09501266479492 6.160316438914346e-17
42.23698425292969 1.4669101869007185e-16
42.379913330078125 6.7144460547526e-17
42.52381134033203 7.487251122558842e-17
42.66869354248047 6.488813021216305e-17
42.8145637512207 6.249274088966259e-17
42.9614372253418 6.041609403568087e-17
43.10932159423828 6.020091457985377e-17
43.25822830200195 6.880461203691992e-17
43.408164978027344 6.372324153400668e-17
43.559146881103516 6.837479575574757e-17
43.711177825927734 1.220921628152923e-16
43.864280700683594 6.873943682209565e-17
44.018455505371094 1.8858023900314522e-16
44.1737174987793 2.6620278827578254e-16
44.330081939697266 8.057110404925403e-17
44.487552642822266 5.763030193383498e-17
44.646148681640625 5.967112194112581e-17
44.80588150024414 6.8567158261558e-17
44.966758728027344 5.966854775505954e-17
45.1287956237793 5.757339190769133e-17
45.29200744628906 6.269665745426916e-17
45.45640182495117 1.0126227268354937e-16
45.62199401855469 1.456779408153761e-16
45.788795471191406 5.758465479891185e-17
45.95682144165039 5.810048462889992e-17
46.1260871887207 1.043575229787187e-16
46.29660415649414 1.0761200885052693e-16
46.468387603759766 6.927486090643387e-17
46.641448974609375 2.379667332208236e-16
46.81580352783203 8.580082443194499e-17
46.9914665222168 8.22100995673013e-17
47.168453216552734 6.935732088733806e-17
47.346778869628906 6.765584345454098e-17
47.52645492553711 6.701604241178837e-17
47.70750427246094 5.766776990686118e-17
47.88993453979492 5.755467115606803e-17
48.073768615722656 5.383428407604543e-17
48.25901794433594 6.614564326659067e-17
48.445701599121094 5.4096715397184e-17
48.63383483886719 5.380060128150227e-17
48.82343292236328 5.585646274105176e-17
49.01451873779297 6.746875505231619e-17
49.20710372924805 1.0564894382081609e-16
49.401206970214844 7.059467058715408e-17
49.59684753417969 5.128778870796623e-17
49.79404830932617 6.750215329672863e-17
49.992820739746094 7.584234409785989e-17
50.19318389892578 7.255678270479926e-17
50.395164489746094 3.3543298804658344e-16
50.59877395629883 1.894971654034378e-16
50.80403518676758 8.006529303084521e-17
51.01097106933594 8.885234003376741e-17
51.21959686279297 5.503056591280942e-17
51.429935455322266 5.1197080081993667e-17
51.64201354980469 4.939079886558612e-17
51.85584259033203 4.806659851017448e-17
52.07145309448242 4.7727533868366546e-17
52.28886413574219 6.944336090593337e-17
52.508094787597656 6.95780325271019e-17
52.72917556762695 6.456113578985349e-17
52.952125549316406 1.2467316484980476e-16
53.17696762084961 5.948360340498249e-17
53.403724670410156 4.6958328690586135e-17
53.63242721557617 4.6881440598288106e-17
53.86309814453125 4.8571089348325674e-17
54.095760345458984 2.03249367341932e-16
54.330440521240234 5.2162459413847154e-17
54.56716537475586 4.6999793600332193e-17
54.805965423583984 3.485280644715757e-16
55.04685974121094 6.958304855033643e-17
55.28988265991211 4.845933724756976e-17
55.535064697265625 4.821862438059438e-17
55.78242874145508 5.2783165819339595e-17
56.032005310058594 5.4606397620859576e-17
56.2838249206543 5.308909029708621e-17
56.53791809082031 5.112223347144742e-17
56.79431915283203 4.756874827798087e-17
57.05305099487305 4.417025026152715e-17
57.31415557861328 4.7598374578800066e-17
57.577659606933594 5.0626295680830026e-17
57.843597412109375 1.225396079696794e-16
58.112003326416016 5.473104712172642e-17
58.382911682128906 4.75544645231633e-17
58.65635681152344 4.873276014468794e-17
58.932376861572266 5.610065307532232e-17
59.21100616455078 5.3136610168916153e-17
59.492286682128906 1.1289133360019147e-16
59.776248931884766 4.4104764026792553e-17
60.06293487548828 4.260847370802293e-17
60.35238265991211 4.1248271143630533e-17
60.64463424682617 4.704107322162104e-17
60.93973159790039 4.372833067363192e-17
61.23771286010742 4.534748047442282e-17
61.53862380981445 4.096429342189618e-17
61.84251022338867 4.1849019335303295e-17
62.14940643310547 4.239244391052613e-17
62.45936965942383 4.0035462238227734e-17
62.77243423461914 1.8056716173833173e-16
63.08865737915039 6.021135690790664e-17
63.4080810546875 8.467062439995664e-17
63.73075485229492 3.2127888220950687e-16
64.05673217773438 6.499465784017008e-17
64.38606262207031 3.698723219779837e-17
64.71878814697266 4.1328474575823675e-17
65.05497741699219 3.67848707327434e-17
65.3946762084961 4.036901123971117e-17
65.73794555664062 7.187936810523264e-17
66.08483123779297 1.9028660011027881e-16
66.4354019165039 2.576152506191632e-16
66.78971099853516 3.597046178884819e-17
67.14781951904297 3.8706722315614403e-17
67.5097885131836 4.388301675690179e-17
67.87567901611328 4.7070322328080915e-17
68.24555969238281 3.3246274790302803e-17
68.61949157714844 3.649863977102045e-17
68.99754333496094 3.486926932658085e-17
69.3797836303711 3.436267083222887e-17
69.76628875732422 1.5313028226910725e-16
70.15711975097656 4.5298266536698364e-17
70.55235290527344 3.7099252305072754e-17
70.95207214355469 3.294219657968341e-17
71.35633850097656 4.577337591949167e-17
71.7652359008789 3.438312535441608e-17
72.1788558959961 3.2807657307412885e-17
72.5972671508789 3.124208895798072e-17
73.02055358886719 3.119635579627389e-17
73.44880676269531 8.202968816698104e-17
73.88211822509766 3.0163326325203366e-17
74.32057189941406 3.950957058326857e-17
74.76425170898438 3.296293896072379e-17
75.21327209472656 4.5886815468697194e-17
75.66770935058594 3.8106635868431684e-17
76.12767791748047 4.08897809923174e-17
76.59326934814453 6.844262456597692e-17
77.06459045410156 2.9193837560066715e-17
77.54175567626953 3.1669886918458446e-17
78.02485656738281 3.368506101803768e-17
78.51402282714844 3.0178592770588645e-17
79.00935363769531 2.8342589300410845e-17
79.51097869873047 3.0432715889654736e-17
80.01901245117188 2.76652789256014e-17
80.53358459472656 3.19452520356549e-17
81.05481719970703 2.847537494978276e-17
81.58283233642578 3.281899629924976e-17
82.11778259277344 2.709889843401899e-17
82.6597900390625 2.965583447578983e-17
83.20899963378906 3.0399191913789187e-17
83.76555633544922 2.6325921312645338e-17
84.32960510253906 2.5542296722426903e-17
84.90130615234375 2.4627597092343315e-17
85.4808120727539 2.5839161918104834e-17
86.06828308105469 2.920307882187016e-17
86.66387939453125 2.4081265804447966e-17
87.26778411865234 2.4562029793908686e-17
87.88015747070312 4.5634720596493083e-17
88.50119018554688 2.925563787799178e-17
89.13106536865234 2.5120800223855607e-17
89.76996612548828 2.6375381750192334e-17
90.41809844970703 3.55034455411681e-17
91.07565307617188 3.15950667776918e-17
91.74283599853516 4.378684212144147e-17
92.41987609863281 2.4711526146015395e-17
93.10697937011719 2.348090142457943e-17
93.80437469482422 1.316433327983114e-16
94.51229858398438 2.156628270898459e-17
95.23099517822266 2.2517882866194168e-17
95.960693359375 2.3177385696776572e-17
96.70166778564453 2.2376453179421077e-17
97.45417785644531 2.2101043394471546e-17
98.2184829711914 4.56926563265963e-17
98.99488067626953 2.0427594149550217e-17
99.78364562988281 2.3307368858233154e-17
100.58507537841797 3.0706631786417995e-17
101.39949035644531 2.249769800488665e-17
102.22720336914062 4.701810737909412e-17
103.06853485107422 2.826370604847534e-17
103.92383575439453 4.774257532062521e-17
104.79344940185547 1.9011826554690182e-17
105.677734375 1.8278722847564035e-17
106.57707977294922 2.5174780376269593e-17
107.49185180664062 1.7882372639614352e-17
108.42247772216797 2.4040431206328674e-17
109.36934661865234 1.7872314123365707e-17
110.3329086303711 1.783931292564729e-17
111.31359100341797 1.6897018550328934e-17
112.31187438964844 1.6349216535304466e-17
113.32821655273438 1.620351528784815e-17
114.36312866210938 1.6423826572195524e-17
115.41710662841797 1.8527528849652635e-17
116.4906997680664 1.6065544870396756e-17
117.58445739746094 1.678766031026575e-17
118.69894409179688 1.5039826021579976e-17
119.83476257324219 2.028451671899692e-17
